1606623132.05	40000	1.000999	0.056	334476	30	-8.96
1606623133.69	160000	1.388694	0.66	14912671	1467	-65.6
1606623136.07	160000	1.353051	1.314	24265636	2200	-50.24000000000001
1606623138.14	160000	1.402882	1.135	22711544	1951	-21.599999999999994
1606623139.95	160000	1.31782	0.692	19639705	1698	49.28
1606623142.27	160000	1.314123	1.282	20946809	2195	-45.120000000000005
1606623143.25	160000	1.344829	0.025	11895609	911	156.0
1606623143.81	160000	1.789935	0.0	7597636	503	160.0
1606623145.94	20000	1.373303	0.708	4047415	2089	-233.28
1606623146.18	20000	2.129999	0.0	2863079	216	20.0
1606623146.54	20000	2.769673	0.0	4167844	316	20.0
1606623147.01	20000	3.302519	0.0	5571764	422	20.0
1606623147.42	20000	3.890049	0.0	4925652	373	20.0
1606623148.9	160000	3.411229	0.0	19559369	1353	20.0
1606623150.2	160000	3.118181	0.0	22224402	1158	160.0
1606623151.24	160000	3.071797	0.0	22578365	908	160.0
1606623151.61	160000	3.70781	0.0	8346702	304	160.0
1606623152.27	160000	4.05772	0.0	15775481	554	160.0
1606623152.64	160000	4.67805	0.0	9163235	308	160.0
1606623154.19	160000	4.130172	0.0	41307095	1235	160.0
1606623159.09	160000	1.342965	1.112	28763893	4746	-17.919999999999987
1606623161.77	160000	1.456174	1.795	21266416	2569	-127.19999999999999
1606623162.1	20000	2.131255	0.0	3944328	289	-120.0
1606623165.15	160000	1.253079	1.176	27580394	2900	-168.16
1606623167.19	160000	1.430092	1.211	20329780	1918	-33.75999999999999
1606623167.78	160000	1.836426	0.0	16109183	496	160.0
1606623169.41	160000	1.365096	0.152	58830800	1156	135.68
1606623172.43	160000	1.295126	1.948	66935122	2710	-151.68
1606623172.79	160000	1.928502	0.0	15251076	272	160.0
1606623173.19	160000	2.537191	0.0	16574034	282	160.0
1606623173.44	160000	3.280236	0.0	13009028	179	160.0
1606623173.7	160000	4.026091	0.0	12791674	177	160.0
1606623173.92	160000	4.807089	0.0	11137898	152	160.0
1606623174.14	160000	5.583298	0.0	11485310	153	160.0
1606623174.37	160000	6.358203	0.0	12428518	147	160.0
1606623174.55	160000	7.177491	0.0	9963766	120	160.0
1606623174.77	160000	7.960621	0.0	12189364	144	160.0
1606623174.95	160000	8.777096	0.0	10142396	119	160.0
1606623175.14	160000	9.591432	0.0	10185488	121	160.0
1606623175.4	160000	10.327641	0.0	14061455	178	160.0
1606623175.78	160000	10.955253	0.0	20074099	252	160.0
1606623176.56	160000	11.176516	0.0	46115254	523	160.0
1606623177.2	160000	11.532309	0.0	40906522	417	160.0
1606623177.34	160000	12.396272	0.0	7891151	88	160.0
1606623177.68	160000	13.052827	0.0	21012466	227	160.0
1606623178.08	160000	13.664217	0.0	23519424	254	160.0
1606623178.38	160000	14.355518	0.0	18715420	195	160.0
1606623178.66	160000	15.078297	0.0	17000816	178	160.0
1606623178.91	160000	15.835031	0.0	14448126	152	160.0
1606623179.03	160000	16.713456	0.0	6958676	73	160.0
1606623179.18	160000	17.562095	0.0	9088791	92	160.0
1606623179.3	160000	18.443484	0.0	7211881	71	160.0
1606623179.36	160000	19.386998	0.0	3063586	30	160.0
1606623179.42	160000	20.328296	0.0	2782179	33	160.0
1606623179.6	160000	21.152521	0.0	9958410	110	160.0
1606623179.79	160000	21.962824	0.0	12158708	119	160.0
1606623179.98	160000	22.771509	0.0	12300216	120	160.0
1606623180.23	160000	23.522446	0.0	15815684	153	160.0
1606623180.44	160000	24.310173	0.0	13526256	131	160.0
1606623180.63	160000	25.120857	0.0	11995130	116	160.0
1606623180.84	160000	25.909841	0.0	13394791	131	160.0
1606623181.07	160000	26.686801	0.0	14135828	138	160.0
1606623181.35	160000	27.413102	0.0	15366126	185	160.0
1606623181.61	160000	28.147488	0.0	14248439	176	160.0
1606623181.86	160000	28.893515	0.0	13843717	170	160.0
1606623182.14	160000	29.620132	0.0	14665119	180	160.0
1606623182.48	160000	30.281603	0.0	21079187	209	160.0
1606623182.87	160000	30.888896	0.0	25480074	254	160.0
1606623183.23	160000	31.527701	0.0	23021754	231	160.0
1606623183.67	160000	32.08881	0.0	27527834	287	160.0
1606623184.1	160000	32.662401	0.0	26155848	271	160.0
1606623184.41	160000	33.353405	0.0	17849379	199	160.0
1606623184.7	160000	34.06993	0.0	16546531	185	160.0
1606623185.01	160000	34.758653	0.0	17718949	198	160.0
1606623185.3	160000	35.465205	0.0	17337137	193	160.0
1606623185.65	160000	36.121678	0.0	20008245	221	160.0
1606623186.61	160000	36.160413	0.0	58430914	622	160.0
1606623186.88	160000	36.889754	0.0	16292703	155	160.0
1606623187.27	160000	37.499109	0.0	25587422	246	160.0
1606623187.64	160000	38.136998	0.0	23982306	224	160.0
1606623187.84	160000	38.931038	0.0	13347845	125	160.0
1606623188.06	160000	39.712958	0.0	14337991	135	160.0
1606623188.31	160000	40.469034	0.0	14584990	152	160.0
1606623188.53	160000	41.248356	0.0	13962401	134	160.0
1606623188.76	160000	42.021105	0.0	14393788	139	160.0
1606623188.99	160000	42.792333	0.0	14649457	141	160.0
1606623189.2	160000	43.582866	0.0	13409715	126	160.0
1606623189.41	160000	44.374533	0.0	13909605	128	160.0
1606623189.61	160000	45.171364	0.0	13301968	123	160.0
1606623189.91	160000	45.875716	0.0	19025846	176	160.0
1606623190.2	160000	46.588375	0.0	19295426	179	160.0
1606623190.46	160000	47.320961	0.0	18261873	153	160.0
1606623190.76	160000	48.027374	0.0	19847604	166	160.0
1606623191.03	160000	48.756368	0.0	18767181	158	160.0
1606623191.35	160000	49.437269	0.0	22420858	191	160.0
1606623191.64	160000	50.147395	0.0	19324333	170	160.0
1606623191.94	160000	50.847321	0.0	20392234	179	160.0
1606623192.07	160000	51.724416	0.0	7671072	67	160.0
1606623192.43	160000	52.363113	0.0	17781906	253	160.0
1606623192.79	160000	53.005498	0.0	12839336	278	160.0
1606623193.09	160000	53.706493	0.0	10779770	230	160.0
1606623195.97	160000	51.825811	0.0	14606687	2797	160.0
1606623198.1	160000	50.698665	0.0	41866951	1871	160.0
1606623199.01	160000	50.785883	0.0	37238410	701	160.0
1606623199.37	160000	51.431282	0.0	14347759	271	160.0
1606623199.69	160000	52.112863	0.0	11399187	252	160.0
1606623199.98	160000	52.816073	0.0	10358641	228	160.0
1606623200.38	160000	53.420555	0.0	14315696	314	160.0
1606623201.02	160000	53.782982	0.0	23283631	499	160.0
1606623203.48	160000	52.318207	0.0	37521367	2233	160.0
1606623204.25	160000	52.556196	0.0	22241104	629	160.0
1606623204.69	160000	53.111564	0.0	15813346	341	160.0
1606623205.16	160000	53.641966	0.0	17116450	367	160.0
1606623205.69	160000	54.116359	0.0	18867054	410	160.0
1606623206.18	160000	54.625172	0.0	17393609	378	160.0
1606623206.9	160000	54.903381	0.0	24759401	589	160.0
1606623207.65	160000	55.154618	0.0	25782433	593	160.0
1606623208.38	160000	55.426324	0.0	25885372	562	160.0
1606623209.16	160000	55.65054	0.0	26242011	625	160.0
1606623209.81	160000	56.00476	0.0	23865378	486	160.0
1606623210.46	160000	56.348952	0.0	25470681	502	160.0
1606623211.22	160000	56.598275	0.0	27258768	575	160.0
1606623211.65	160000	57.168658	0.0	17853711	321	160.0
1606623212.0	160000	57.81267	0.0	14829893	259	160.0
1606623212.67	160000	58.151465	0.0	27779697	482	160.0
1606623213.31	160000	58.504502	0.0	27714923	482	160.0
1606623213.88	160000	58.942699	0.0	25946474	409	160.0
1606623214.3	160000	59.519457	0.0	19596259	310	160.0
1606623214.86	160000	59.96113	0.0	23774167	424	160.0
1606623216.33	160000	59.595353	0.0	19373656	346	160.0
1606623217.27	160000	59.596353	0.0	23977420	298	160.0
1606623218.17	160000	59.847367	0.0	24493733	256	160.0
1606623219.41	160000	59.598366	0.0	14528511	149	160.0
1606623220.19	160000	59.849384	0.0	16841176	176	160.0
1606623221.47	160000	59.600346	0.0	16743604	173	160.0
1606623222.24	160000	59.601337	0.0	17975224	161	160.0
1606623223.08	160000	59.852461	0.0	22329548	196	160.0
1606623224.33	160000	59.603387	0.0	16001583	147	160.0
1606623225.1	160000	59.85441	0.0	18238584	157	160.0
1606623226.42	160000	59.605357	0.0	21308824	178	160.0
1606623227.17	160000	59.856384	0.0	17749058	147	160.0
1606623228.38	160000	59.607352	0.0	14127787	114	160.0
1606623229.24	160000	59.608349	0.0	17525699	254	160.0
1606623230.29	160000	59.609383	0.0	14240042	463	160.0
1606623231.57	160000	59.265685	0.0	20324139	1161	160.0
1606623231.94	160000	59.899034	0.0	21993033	237	160.0
1606623233.27	160000	59.612357	0.0	18863108	203	160.0
1606623234.46	160000	59.613364	0.0	15964734	101	160.0
1606623234.97	160000	59.87221	0.0	8284939	449	160.0
1606623236.04	160000	59.865377	0.0	9004706	512	160.0
1606623237.1	160000	59.866356	0.0	6955279	509	160.0
1606623238.08	160000	59.867358	0.0	10701639	411	160.0
1606623239.12	20000	59.86837	0.0	832859	9	-120.0
1606623240.19	160000	59.869381	0.0	3212828	30	20.0
1606623241.32	160000	59.620355	0.0	2509989	99	160.0
1606623241.99	160000	59.871349	0.0	2004927	146	160.0
1606623243.02	160000	59.872369	0.0	591360	9	160.0
1606623244.6	160000	59.807177	0.0	2394426	48	160.0
1606623244.96	40000	1.000999	0.081	336477	58	-12.96
1606623249.11	160000	1.273027	3.153	14912671	4003	-464.48
1606623250.01	20000	1.44233	0.031	8849724	826	-124.96000000000001
1606623250.28	20000	2.17501	0.0	3191121	237	20.0
1606623250.9	160000	2.604906	0.0	19639705	444	20.0
1606623251.29	160000	3.20982	0.0	20946809	269	160.0
1606623251.52	160000	3.981941	0.0	11895609	151	160.0
1606623251.65	160000	4.848347	0.0	7597636	83	160.0
1606623252.79	160000	4.732842	0.0	56067905	615	160.0
1606623253.51	160000	5.023313	0.0	45444680	451	160.0
1606623254.26	160000	5.264047	0.0	54798068	450	160.0
1606623255.27	160000	5.261437	0.0	69464107	519	160.0
1606623255.92	160000	5.617591	0.0	50637608	362	160.0
1606623256.18	160000	6.351142	0.0	19559369	140	160.0
1606623256.47	160000	7.057483	0.0	22224402	159	160.0
1606623256.75	160000	7.77873	0.0	22578365	143	160.0
1606623256.86	160000	8.676794	0.0	8346702	45	160.0
1606623257.05	160000	9.488478	0.0	15775481	87	160.0
1606623257.16	160000	10.374842	0.0	9163235	50	160.0
1606623257.63	160000	10.910204	0.0	41307095	227	160.0
1606623257.95	160000	11.582395	0.0	28763893	151	160.0
1606623258.2	160000	12.341958	0.0	21266416	112	160.0
1606623258.48	160000	13.05701	0.0	23702229	125	160.0
1606623258.79	160000	13.74481	0.0	27580394	157	160.0
1606623259.07	160000	14.473738	0.0	20329780	128	160.0
1606623259.29	160000	15.253285	0.0	16109183	101	160.0
1606623260.0	160000	15.545521	0.0	58830800	350	160.0
1606623260.71	160000	15.938819	0.0	66935122	337	160.0
1606623260.88	160000	16.765167	0.0	15251076	78	160.0
