1606622410.69	40000	1.000999	0.042	334476	29	-6.719999999999999
1606622412.18	160000	1.306335	0.444	14912671	1305	-31.040000000000006
1606622414.4	160000	1.341299	1.217	24265636	2031	-34.72
1606622416.35	160000	1.425561	1.019	22711544	1836	-3.039999999999992
1606622418.2	160000	1.301567	0.697	19639705	1738	48.480000000000004
1606622419.85	160000	1.299524	0.625	20946809	1539	60.0
1606622420.91	160000	1.425045	0.181	11895609	988	131.04
1606622421.55	160000	1.787596	0.0	7597636	584	160.0
1606622421.9	20000	2.43795	0.0	4047415	303	-120.0
1606622422.14	20000	3.195208	0.0	2863079	215	20.0
1606622422.49	20000	3.843816	0.0	4167844	315	20.0
1606622423.0	20000	4.341164	0.0	5571764	460	20.0
1606622423.45	20000	4.887916	0.0	4925652	407	20.0
1606622424.7	160000	4.643602	0.0	19559369	1126	20.0
1606622425.81	160000	4.536394	0.0	22224402	970	160.0
1606622427.84	160000	3.505875	0.0	22578365	1893	160.0
1606622428.62	160000	3.721582	0.0	8346702	727	160.0
1606622430.51	160000	2.83548	0.0	15775481	1791	160.0
1606622431.42	160000	2.928109	0.0	9163235	841	160.0
1606622431.81	20000	3.534966	0.0	6357933	347	-120.0
1606622433.54	160000	2.805737	0.0	28763893	1556	20.0
1606622434.79	160000	2.560588	0.0	21266416	1114	160.0
1606622438.97	160000	1.371892	1.995	23702229	4058	-159.2
1606622441.32	160000	1.367097	1.345	27580394	2215	-55.19999999999999
1606622443.24	160000	1.462885	1.01	20329780	1816	-1.5999999999999943
1606622444.6	160000	1.473526	0.374	16109183	1279	100.16
1606622445.44	20000	1.63764	0.0	9946363	769	-120.0
1606622446.37	20000	1.702877	0.0	11684632	863	20.0
1606622447.71	160000	1.401327	0.035	15251076	1241	14.400000000000006
1606622449.0	160000	1.364272	0.251	16574034	1189	119.84
1606622450.1	160000	1.387864	0.118	13009028	1003	141.12
1606622451.15	160000	1.333914	0.0	12791674	976	160.0
1606622452.02	160000	1.487431	0.027	11137898	793	155.68
1606622452.87	160000	1.644196	0.0	11485310	771	160.0
1606622453.79	160000	1.725904	0.0	12428518	833	160.0
1606622454.57	160000	1.944016	0.0	9963766	704	160.0
1606622455.49	160000	2.028619	0.0	12189364	836	160.0
1606622456.36	160000	2.161075	0.0	10142396	794	160.0
1606622457.18	160000	2.337564	0.0	10185488	750	160.0
1606622458.35	160000	2.166873	0.0	14061455	1076	160.0
1606622460.18	160000	1.340365	0.0	20074099	1689	160.0
1606622460.57	20000	1.952255	0.0	4742872	343	-120.0
1606622461.02	20000	2.497876	0.0	4955535	404	20.0
1606622461.76	160000	2.760855	0.0	7891151	676	20.0
1606622463.5	160000	2.02358	0.0	21012466	1600	160.0
1606622465.45	160000	1.296366	0.223	23519424	1831	124.32
1606622466.94	160000	1.269025	0.463	18715420	1374	85.92
1606622468.28	160000	1.483023	0.551	17000816	1240	71.84
1606622469.63	160000	1.285292	0.156	14448126	1274	135.04
1606622470.34	160000	1.577185	0.0	6958676	648	160.0
1606622471.13	160000	1.790613	0.0	9088791	723	160.0
1606622471.67	160000	2.249052	0.0	7211881	493	160.0
1606622471.94	160000	2.984101	0.0	3063586	224	160.0
1606622472.18	160000	3.739662	0.0	2782179	217	160.0
1606622473.03	160000	3.890813	0.0	9958410	786	160.0
1606622474.09	160000	3.834426	0.0	12158708	979	160.0
1606622475.16	160000	3.769225	0.0	12300216	990	160.0
1606622476.42	160000	3.505205	0.0	15815684	1170	160.0
1606622477.51	160000	3.422454	0.0	13526256	1002	160.0
1606622478.49	160000	3.442604	0.0	11995130	905	160.0
1606622479.54	160000	3.390294	0.0	13394791	969	160.0
1606622480.62	160000	3.3123	0.0	14135828	995	160.0
1606622482.05	160000	2.88265	0.0	15366126	1341	160.0
1606622483.26	160000	2.668384	0.0	14248439	1124	160.0
1606622484.38	160000	2.557741	0.0	13843717	1029	160.0
1606622485.64	160000	2.29133	0.0	14665119	1179	160.0
1606622487.25	160000	1.687373	0.0	21079187	1478	160.0
1606622489.24	160000	1.457707	0.76	25480074	1863	38.400000000000006
1606622491.23	160000	1.470093	1.003	23021754	1880	-0.47999999999998977
1606622493.49	160000	1.473716	1.259	27527834	2123	-41.44
1606622495.43	160000	1.483847	0.948	26155848	1808	8.319999999999993
1606622496.77	160000	1.396751	0.25	17849379	1245	120.0
1606622497.96	160000	1.434138	0.235	16546531	1112	122.4
1606622499.6	160000	1.420551	0.618	17718949	1540	61.120000000000005
1606622501.08	160000	1.288861	0.35	17337137	1391	104.0
1606622502.79	160000	1.389738	0.81	20008245	1609	30.400000000000006
1606622507.05	160000	1.229614	3.104	58430914	3712	-336.64
1606622507.92	160000	1.413786	0.048	16292703	748	152.32
1606622508.98	160000	1.406634	0.054	25587422	913	151.36
1606622509.82	160000	1.565015	0.0	23982306	704	160.0
1606622510.32	160000	2.069023	0.0	13347845	412	160.0
1606622510.86	160000	2.524143	0.0	14337991	457	160.0
1606622511.45	160000	2.944899	0.0	14584990	494	160.0
1606622512.0	160000	3.387842	0.0	13962401	474	160.0
1606622512.47	160000	3.919169	0.0	14393788	386	160.0
1606622512.96	160000	4.436933	0.0	14649457	396	160.0
1606622513.32	160000	5.073615	0.0	13409715	282	160.0
1606622513.69	160000	5.707319	0.0	13909605	284	160.0
1606622514.04	160000	6.356826	0.0	13301968	268	160.0
1606622514.5	160000	6.903364	0.0	19025846	323	160.0
1606622514.95	160000	7.449825	0.0	19295426	330	160.0
1606622515.34	160000	8.056355	0.0	18261873	288	160.0
1606622515.77	160000	8.626376	0.0	19847604	305	160.0
1606622516.16	160000	9.240125	0.0	18767181	278	160.0
1606622516.55	160000	9.849662	0.0	22420858	264	160.0
1606622516.91	160000	10.497997	0.0	19324333	231	160.0
1606622517.25	160000	11.150227	0.0	20392234	224	160.0
1606622517.39	160000	12.013998	0.0	7671072	79	160.0
1606622517.69	160000	12.720175	0.0	17781906	184	160.0
1606622517.9	160000	13.509216	0.0	12839336	133	160.0
1606622518.08	160000	14.331376	0.0	10779770	112	160.0
1606622518.3	160000	15.109316	0.0	14606687	140	160.0
1606622518.96	160000	15.449105	0.0	41866951	402	160.0
1606622519.57	160000	15.837171	0.0	37238410	378	160.0
1606622519.81	160000	16.603425	0.0	14347759	149	160.0
1606622520.0	160000	17.413919	0.0	11399187	117	160.0
1606622520.22	160000	18.191965	0.0	10358641	155	160.0
1606622520.55	160000	18.864267	0.0	14315696	247	160.0
1606622521.11	160000	19.311777	0.0	23283631	413	160.0
1606622521.89	160000	19.526892	0.0	37521367	550	160.0
1606622522.33	160000	20.090494	0.0	22241104	305	160.0
1606622522.62	160000	20.794572	0.0	15813346	195	160.0
1606622522.95	160000	21.475828	0.0	17116450	209	160.0
1606622523.49	160000	21.925625	0.0	18867054	426	160.0
1606622524.09	160000	22.330921	0.0	17393609	494	160.0
1606622524.99	160000	22.434591	0.0	24759401	759	160.0
1606622525.64	160000	22.782486	0.0	25782433	501	160.0
1606622526.27	160000	23.153454	0.0	25885372	470	160.0
1606622526.89	160000	23.535533	0.0	26242011	470	160.0
1606622527.53	160000	23.900485	0.0	23865378	485	160.0
1606622528.28	160000	24.150252	0.0	25470681	598	160.0
1606622537.28	160000	16.144561	0.0	27258768	8815	160.0
1606622538.77	160000	15.657631	0.0	17853711	1371	160.0
1606622539.99	160000	15.442986	0.0	14829893	1123	160.0
1606622542.48	160000	13.953181	0.0	27779697	2319	160.0
1606622544.79	160000	12.640518	0.0	27714923	2142	160.0
1606622546.95	160000	11.48206	0.0	25946474	2003	160.0
1606622548.63	160000	10.805202	0.0	19596259	1553	160.0
1606622551.7	160000	8.736308	0.0	23774167	2934	160.0
1606622553.58	160000	7.861649	0.0	19373656	1754	160.0
1606622555.61	160000	6.82429	0.0	23977420	1900	160.0
1606622561.86	160000	1.580194	0.0	24493733	6099	160.0
1606622563.43	160000	1.461813	0.451	14528511	1497	87.84
1606622565.17	160000	1.413258	0.693	16841176	1652	49.120000000000005
1606622570.56	160000	1.356917	4.331	16743604	5293	-532.96
1606622572.0	160000	1.438398	0.519	17975224	1352	76.96
1606622573.59	160000	1.458659	0.613	22329548	1477	61.92
1606622574.45	160000	1.603231	0.0	16001583	755	160.0
1606622575.14	160000	1.907231	0.0	18238584	581	160.0
1606622575.97	160000	2.082542	0.0	21308824	692	160.0
1606622576.7	160000	2.355413	0.0	17749058	621	160.0
1606622577.33	160000	2.727242	0.0	14127787	547	160.0
1606622578.09	160000	2.965402	0.0	17525699	657	160.0
1606622578.86	160000	3.192413	0.0	14240042	690	160.0
1606622580.23	160000	2.831396	0.0	20324139	1239	160.0
1606622582.84	160000	1.323185	0.117	21993033	2513	141.28
1606622584.2	160000	1.440529	0.476	18863108	1257	83.84
1606622584.76	160000	1.883747	0.0	15964734	459	160.0
1606622585.01	160000	2.634049	0.0	8284939	185	160.0
1606622585.27	160000	3.372793	0.0	9004706	201	160.0
1606622585.48	160000	4.167985	0.0	6955279	156	160.0
1606622586.2	160000	4.446426	0.0	10701639	657	160.0
1606622587.06	160000	4.59576	0.0	9459459	788	160.0
1606622587.4	160000	5.248623	0.0	3212828	315	160.0
1606622587.43	20000	6.222716	0.0	90390	7	-120.0
1606622591.18	160000	3.469927	0.0	2004927	3720	20.0
1606622591.24	160000	4.410616	0.0	591360	41	160.0
1606622591.44	160000	5.652478	0.0	2394426	168	160.0
1606622591.78	40000	1.000999	0.035	336477	22	-5.600000000000001
1606622592.96	160000	1.302781	0.216	14912671	1043	5.439999999999998
1606622595.1	160000	1.45076	1.26	24265636	1961	-41.599999999999994
1606622597.11	160000	1.404803	1.017	22711544	1892	-2.719999999999999
1606622598.63	160000	1.310733	0.394	19639705	1414	96.96000000000001
1606622600.31	160000	1.306925	0.661	20946809	1579	54.239999999999995
1606622601.23	160000	1.46882	0.08	11895609	849	147.2
1606622601.89	160000	1.817726	0.0	7597636	601	160.0
1606622602.3	20000	2.407196	0.0	4047415	370	-120.0
1606622602.58	20000	3.120734	0.0	2863079	260	20.0
1606622602.98	20000	3.725465	0.0	4167844	358	20.0
1606622603.5	20000	4.207322	0.0	5571764	479	20.0
1606622603.91	20000	4.7974	0.0	4925652	373	20.0
1606622605.58	160000	4.133898	0.0	19559369	1537	20.0
1606622607.22	160000	3.489602	0.0	22224402	1514	160.0
1606622608.75	160000	2.96601	0.0	22578365	1387	160.0
1606622609.36	160000	3.351937	0.0	8346702	557	160.0
1606622610.39	160000	3.324219	0.0	15775481	936	160.0
1606622610.84	160000	3.869752	0.0	9163235	393	160.0
1606622612.56	160000	3.155981	0.0	41307095	1377	160.0
1606622614.64	160000	2.07871	0.0	28763893	1908	160.0
1606622616.33	160000	1.391107	0.0	21266416	1556	160.0
1606622619.05	160000	1.314751	1.644	23702229	2601	-103.04000000000002
1606622620.99	160000	1.460277	1.082	27580394	1798	-13.120000000000005
1606622621.9	160000	1.549127	0.0	20329780	785	160.0
1606622622.49	160000	1.9525	0.0	16109183	486	160.0
1606622625.05	160000	1.284074	0.885	58830800	2098	18.400000000000006
