1606628427.41	40000	1.000999	0.035	334476	23	-5.600000000000001
1606628428.71	160000	1.429222	0.374	14912671	1094	-19.840000000000003
1606628430.75	160000	1.326089	0.906	24265636	1867	15.039999999999992
1606628432.59	160000	1.406524	0.909	22711544	1724	14.560000000000002
1606628434.1	160000	1.314031	0.384	19639705	1396	98.56
1606628435.69	160000	1.312924	0.565	20946809	1471	69.6
1606628436.58	160000	1.429615	0.0	11895609	809	160.0
1606628437.15	160000	1.855315	0.0	7597636	524	160.0
1606628437.58	20000	2.431309	0.0	4047415	386	-120.0
1606628437.91	20000	3.098595	0.0	2863079	305	20.0
1606628438.37	20000	3.644885	0.0	4167844	420	20.0
1606628438.89	20000	4.128608	0.0	5571764	474	20.0
1606628439.35	20000	4.66132	0.0	4925652	422	20.0
1606628441.36	160000	3.659187	0.0	19559369	1879	20.0
1606628442.71	160000	3.309012	0.0	22224402	1216	160.0
1606628443.39	160000	3.627852	0.0	22578365	546	160.0
1606628443.56	160000	4.453493	0.0	8346702	111	160.0
1606628443.88	160000	5.140084	0.0	15775481	211	160.0
1606628444.06	160000	5.955713	0.0	9163235	123	160.0
1606628444.93	160000	6.089002	0.0	41307095	529	160.0
1606628445.47	160000	6.549042	0.0	28763893	366	160.0
1606628446.18	160000	6.840654	0.0	21266416	575	160.0
1606628450.52	160000	3.500881	0.0	23702229	4191	160.0
1606628450.63	20000	4.399298	0.0	4284196	61	-120.0
1606628451.04	160000	4.98655	0.0	20329780	291	20.0
1606628451.38	160000	5.652784	0.0	16109183	239	160.0
1606628452.4	160000	5.624618	0.0	58830800	584	160.0
1606628453.42	160000	5.615329	0.0	66935122	630	160.0
1606628453.65	160000	6.376915	0.0	15251076	147	160.0
1606628453.91	160000	7.117209	0.0	16574034	160	160.0
1606628454.12	160000	7.912155	0.0	13009028	126	160.0
1606628454.32	160000	8.713889	0.0	12791674	124	160.0
1606628454.5	160000	9.53349	0.0	11137898	113	160.0
1606628454.7	160000	10.334657	0.0	11485310	127	160.0
1606628454.91	160000	11.131956	0.0	12428518	127	160.0
1606628455.08	160000	11.960022	0.0	9963766	107	160.0
1606628455.27	160000	12.763747	0.0	12189364	125	160.0
1606628455.44	160000	13.603992	0.0	10142396	96	160.0
1606628455.58	160000	14.460431	0.0	10185488	80	160.0
1606628455.77	160000	15.267856	0.0	14061455	108	160.0
1606628456.04	160000	15.998497	0.0	20074099	156	160.0
1606628456.65	160000	16.391311	0.0	46115254	344	160.0
1606628457.14	160000	16.904223	0.0	40906522	234	160.0
1606628457.25	160000	17.802406	0.0	7891151	46	160.0
1606628457.5	160000	18.547856	0.0	21012466	120	160.0
1606628457.78	160000	19.265695	0.0	23519424	132	160.0
1606628458.01	160000	20.041925	0.0	18715420	107	160.0
1606628458.21	160000	20.834142	0.0	17000816	97	160.0
1606628458.39	160000	21.660831	0.0	14448126	82	160.0
1606628458.5	160000	22.547703	0.0	6958676	58	160.0
1606628458.64	160000	23.408973	0.0	9088791	77	160.0
1606628458.75	160000	24.299421	0.0	7211881	60	160.0
1606628458.81	160000	25.245406	0.0	3063586	25	160.0
1606628458.86	160000	26.196127	0.0	2782179	23	160.0
1606628459.0	160000	27.05169	0.0	9958410	84	160.0
1606628459.18	160000	27.876162	0.0	12158708	102	160.0
1606628459.37	160000	28.696676	0.0	12300216	103	160.0
1606628460.32	160000	28.738503	0.0	15815684	852	160.0
1606628462.32	160000	27.744442	0.0	13526256	1914	160.0
1606628462.4	20000	28.656334	0.0	887933	67	-120.0
1606628462.51	20000	29.547357	0.0	1153403	90	20.0
1606628462.63	20000	30.429196	0.0	1249023	96	20.0
1606628462.77	20000	31.297017	0.0	1423973	112	20.0
1606628462.87	20000	32.195111	0.0	1060162	83	20.0
1606628462.97	20000	33.091435	0.0	1080597	85	20.0
1606628464.35	160000	32.719983	0.0	14665119	1282	20.0
1606628466.41	160000	31.656969	0.0	21079187	1933	160.0
1606628468.47	160000	30.594833	0.0	25480074	1916	160.0
1606628470.61	160000	29.461181	0.0	23021754	1996	160.0
1606628472.76	160000	28.309565	0.0	27527834	1994	160.0
1606628475.04	160000	27.035118	0.0	26155848	2126	160.0
1606628476.76	160000	26.31716	0.0	17849379	1600	160.0
1606628478.0	160000	26.072295	0.0	16546531	1149	160.0
1606628479.53	160000	25.549893	0.0	17718949	1404	160.0
1606628480.89	160000	25.190094	0.0	17337137	1254	160.0
1606628482.68	160000	24.392845	0.0	20008245	1683	160.0
1606628487.43	160000	20.644931	0.0	58430914	4409	160.0
1606628488.66	160000	20.417978	0.0	16292703	1120	160.0
1606628490.84	160000	19.241853	0.0	25587422	2029	160.0
1606628492.91	160000	18.175584	0.0	23982306	1929	160.0
1606628494.06	160000	18.021224	0.0	13347845	1073	160.0
1606628495.34	160000	17.747224	0.0	14337991	1192	160.0
1606628496.66	160000	17.430519	0.0	14584990	1230	160.0
1606628497.68	160000	17.406264	0.0	13962401	941	160.0
1606628499.01	160000	17.07655	0.0	14393788	1244	160.0
1606628500.11	160000	16.982078	0.0	14649457	1008	160.0
1606628501.2	160000	16.891038	0.0	13409715	1011	160.0
1606628502.34	160000	16.745227	0.0	13909605	1065	160.0
1606628503.35	160000	16.736382	0.0	13301968	931	160.0
1606628504.78	160000	16.313864	0.0	19025846	1300	160.0
1606628506.27	160000	15.826117	0.0	19295426	1372	160.0
1606628507.74	160000	15.35721	0.0	18261873	1352	160.0
1606628509.42	160000	14.670201	0.0	19847604	1562	160.0
1606628516.55	160000	8.542043	0.0	18767181	7004	160.0
1606628517.53	160000	8.561462	0.0	22420858	847	160.0
1606628518.06	160000	9.034966	0.0	19324333	410	160.0
1606628518.5	160000	9.598378	0.0	20392234	320	160.0
1606628518.68	160000	10.426051	0.0	7671072	121	160.0
1606628519.02	160000	11.082715	0.0	17781906	239	160.0
1606628519.27	160000	11.827232	0.0	12839336	164	160.0
1606628519.48	160000	12.620041	0.0	10779770	139	160.0
1606628519.76	160000	13.338911	0.0	14606687	188	160.0
1606628520.91	160000	13.196129	0.0	41866951	882	160.0
1606628521.79	160000	13.317958	0.0	37238410	644	160.0
1606628522.11	160000	13.992044	0.0	14347759	242	160.0
1606628522.37	160000	14.737854	0.0	11399187	183	160.0
1606628522.6	160000	15.503176	0.0	10358641	166	160.0
1606628523.01	160000	16.1035	0.0	14315696	316	160.0
1606628523.91	160000	16.201634	0.0	23283631	766	160.0
1606628524.8	160000	16.311381	0.0	37521367	663	160.0
1606628525.74	160000	16.370114	0.0	22241104	802	160.0
1606628526.12	160000	16.996523	0.0	15813346	274	160.0
1606628526.5	160000	17.614637	0.0	17116450	278	160.0
1606628526.92	160000	18.202513	0.0	18867054	301	160.0
1606628527.26	160000	18.858081	0.0	17393609	230	160.0
1606628527.73	160000	19.392385	0.0	24759401	327	160.0
1606628528.23	160000	19.884655	0.0	25782433	360	160.0
1606628528.77	160000	20.351191	0.0	25885372	368	160.0
1606628529.23	160000	20.893859	0.0	26242011	310	160.0
1606628529.66	160000	21.457277	0.0	23865378	278	160.0
1606628530.08	160000	22.040926	0.0	25470681	274	160.0
1606628530.52	160000	22.601114	0.0	27258768	273	160.0
1606628530.81	160000	23.3171	0.0	17853711	179	160.0
1606628531.03	160000	24.097034	0.0	14829893	137	160.0
1606628531.45	160000	24.680488	0.0	27779697	256	160.0
1606628531.87	160000	25.255538	0.0	27714923	256	160.0
1606628532.88	160000	25.247693	0.0	25946474	857	160.0
1606628533.26	160000	25.87375	0.0	19596259	257	160.0
1606628533.69	160000	26.442248	0.0	23774167	295	160.0
1606628534.03	160000	27.099623	0.0	19373656	230	160.0
1606628534.44	160000	27.695453	0.0	23977420	262	160.0
1606628534.85	160000	28.287551	0.0	24493733	271	160.0
1606628535.08	160000	29.049574	0.0	14528511	153	160.0
1606628535.36	160000	29.773146	0.0	16841176	177	160.0
1606628535.65	160000	30.4908	0.0	16743604	176	160.0
1606628535.95	160000	31.189059	0.0	17975224	190	160.0
1606628536.37	160000	31.772268	0.0	22329548	289	160.0
1606628536.68	160000	32.458951	0.0	16001583	207	160.0
1606628537.01	160000	33.129859	0.0	18238584	218	160.0
1606628537.37	160000	33.77109	0.0	21308824	228	160.0
1606628537.65	160000	34.491716	0.0	17749058	178	160.0
1606628537.88	160000	35.266475	0.0	14127787	145	160.0
1606628538.15	160000	35.991251	0.0	17525699	171	160.0
1606628538.37	160000	36.77041	0.0	14240042	139	160.0
1606628538.7	160000	37.444111	0.0	20324139	199	160.0
1606628539.04	160000	38.107315	0.0	21993033	208	160.0
1606628539.32	160000	38.824333	0.0	18863108	168	160.0
1606628539.56	160000	39.588018	0.0	15964734	142	160.0
1606628539.69	160000	40.459404	0.0	8284939	73	160.0
1606628539.84	160000	41.311267	0.0	9004706	86	160.0
1606628539.95	160000	42.200433	0.0	6955279	63	160.0
1606628540.12	160000	43.036158	0.0	10701639	98	160.0
1606628540.27	160000	43.887489	0.0	9459459	87	160.0
1606628540.33	160000	44.829134	0.0	3212828	30	160.0
1606628540.38	160000	45.779045	0.0	2509989	23	160.0
1606628540.42	160000	46.738608	0.0	2004927	19	160.0
1606628540.44	160000	47.715878	0.0	591360	6	160.0
1606628540.49	160000	49.103015	0.0	2394426	23	160.0
1606628540.81	40000	1.000999	0.057	336477	4	-9.119999999999997
1606628541.11	160000	2.001999	0.0	14912671	139	40.0
1606628541.52	160000	2.646796	0.0	24265636	190	160.0
1606628541.84	160000	3.32987	0.0	22711544	177	160.0
1606628542.11	160000	4.060318	0.0	19639705	141	160.0
1606628542.38	160000	4.789859	0.0	20946809	147	160.0
1606628542.55	160000	5.630142	0.0	11895609	85	160.0
1606628542.65	160000	6.530203	0.0	7597636	53	160.0
1606628543.49	160000	6.860147	0.0	56067905	390	160.0
1606628544.07	160000	7.317237	0.0	45444680	311	160.0
1606628544.73	160000	7.689374	0.0	54798068	349	160.0
1606628545.65	160000	7.847823	0.0	69464107	436	160.0
1606628546.24	160000	8.261622	0.0	50637608	310	160.0
1606628546.46	160000	9.033486	0.0	19559369	116	160.0
1606628546.72	160000	9.775698	0.0	22224402	131	160.0
1606628546.98	160000	10.518695	0.0	22578365	131	160.0
1606628547.09	160000	11.413667	0.0	8346702	48	160.0
1606628547.28	160000	12.226739	0.0	15775481	89	160.0
1606628547.4	160000	13.105344	0.0	9163235	51	160.0
1606628547.86	160000	13.646001	0.0	41307095	233	160.0
1606628548.2	160000	14.308549	0.0	28763893	160	160.0
1606628548.44	160000	15.066587	0.0	21266416	118	160.0
1606628548.73	160000	15.778253	0.0	23702229	132	160.0
1606628549.05	160000	16.454648	0.0	27580394	151	160.0
1606628549.3	160000	17.208227	0.0	20329780	117	160.0
1606628549.5	160000	18.012902	0.0	16109183	94	160.0
1606628550.19	160000	18.321833	0.0	58830800	337	160.0
1606628550.97	160000	18.544205	0.0	66935122	413	160.0
1606628551.14	160000	19.370894	0.0	15251076	82	160.0
