1606632033.95	40000	1.000999	0.033	334476	21	-5.280000000000001
1606632035.23	160000	1.27997	0.171	14912671	1072	12.639999999999986
1606632037.36	160000	1.34038	1.157	24265636	1946	-25.120000000000005
1606632039.27	160000	1.43644	0.981	22711544	1789	3.039999999999992
1606632040.97	160000	1.312173	0.554	19639705	1593	71.36
1606632042.52	160000	1.305537	0.511	20946809	1428	78.24
1606632043.51	160000	1.306265	0.0	11895609	911	160.0
1606632044.13	160000	1.687405	0.0	7597636	568	160.0
1606632044.45	20000	2.367827	0.0	4047415	286	-120.0
1606632044.68	20000	3.139785	0.0	2863079	201	20.0
1606632045.06	20000	3.766112	0.0	4167844	339	20.0
1606632045.59	20000	4.238174	0.0	5571764	484	20.0
1606632046.28	20000	4.54308	0.0	4925652	658	20.0
1606632046.66	20000	5.171276	0.0	2030157	350	20.0
1606632047.02	20000	5.805728	0.0	2240782	341	20.0
1606632047.36	20000	6.465747	0.0	2211169	316	20.0
1606632048.54	160000	6.290888	0.0	8346702	1115	20.0
1606632050.63	160000	5.201497	0.0	15775481	1995	160.0
1606632053.12	160000	3.71414	0.0	9163235	2421	160.0
1606632053.59	20000	4.242574	0.0	6357933	425	-120.0
1606632056.14	160000	2.6924	0.0	28763893	2382	20.0
1606632058.84	160000	1.331515	0.34	21266416	2593	105.6
1606632061.11	160000	1.422429	1.355	23702229	2150	-56.80000000000001
1606632063.13	160000	1.278541	0.875	27580394	1884	20.0
1606632064.23	160000	1.404187	0.23	20329780	1001	123.2
1606632065.08	160000	1.563438	0.0	16109183	738	160.0
1606632074.21	160000	1.368393	7.936	58830800	8614	-1109.76
1606632075.19	20000	1.384366	0.0	11684632	900	-120.0
1606632076.43	160000	1.323954	0.176	15251076	1149	-8.159999999999997
1606632077.68	160000	1.250951	0.177	16574034	1159	131.68
1606632078.83	160000	1.428787	0.33	13009028	1083	107.2
1606632079.91	160000	1.354471	0.0	12791674	999	160.0
1606632080.86	160000	1.402363	0.0	11137898	883	160.0
1606632081.87	160000	1.422405	0.028	11485310	937	155.52
1606632082.81	160000	1.480781	0.0	12428518	864	160.0
1606632083.58	160000	1.712207	0.0	9963766	703	160.0
1606632084.61	160000	1.683345	0.0	12189364	958	160.0
1606632085.46	160000	1.832503	0.0	10142396	788	160.0
1606632086.14	160000	2.16295	0.0	10185488	610	160.0
1606632086.57	160000	2.730462	0.0	14061455	342	160.0
1606632087.15	160000	3.146528	0.0	20074099	472	160.0
1606632088.53	160000	2.771729	0.0	46115254	1115	160.0
1606632089.65	160000	2.651424	0.0	40906522	879	160.0
1606632089.88	160000	3.418919	0.0	7891151	178	160.0
1606632090.46	160000	3.84725	0.0	21012466	450	160.0
1606632091.09	160000	4.214992	0.0	23519424	490	160.0
1606632091.61	160000	4.692576	0.0	18715420	408	160.0
1606632092.08	160000	5.223003	0.0	17000816	369	160.0
1606632092.44	160000	5.86812	0.0	14448126	269	160.0
1606632092.61	160000	6.693778	0.0	6958676	130	160.0
1606632092.84	160000	7.470177	0.0	9088791	169	160.0
1606632093.03	160000	8.284907	0.0	7211881	134	160.0
1606632093.11	160000	9.201495	0.0	3063586	56	160.0
1606632093.19	160000	10.125903	0.0	2782179	50	160.0
1606632093.43	160000	10.886015	0.0	9958410	179	160.0
1606632093.72	160000	11.591402	0.0	12158708	221	160.0
1606632094.02	160000	12.295197	0.0	12300216	222	160.0
1606632094.55	160000	12.768798	0.0	15815684	431	160.0
1606632095.02	160000	13.295963	0.0	13526256	393	160.0
1606632095.46	160000	13.856821	0.0	11995130	368	160.0
1606632095.96	160000	14.364313	0.0	13394791	415	160.0
1606632096.91	160000	14.410046	0.0	14135828	860	160.0
1606632097.95	160000	14.371008	0.0	15366126	953	160.0
1606632098.86	160000	14.461529	0.0	14248439	827	160.0
1606632099.69	160000	14.632046	0.0	13843717	750	160.0
1606632100.76	160000	14.561488	0.0	14665119	984	160.0
1606632102.37	160000	13.95228	0.0	21079187	1490	160.0
1606632104.3	160000	13.027817	0.0	25480074	1784	160.0
1606632105.73	160000	12.596664	0.0	23021754	1290	160.0
1606632106.62	160000	12.709621	0.0	27527834	732	160.0
1606632107.32	160000	13.008267	0.0	26155848	543	160.0
1606632107.76	160000	13.570549	0.0	17849379	335	160.0
1606632108.18	160000	14.149432	0.0	16546531	323	160.0
1606632108.62	160000	14.715866	0.0	17718949	327	160.0
1606632109.04	160000	15.297141	0.0	17337137	318	160.0
1606632109.51	160000	15.827505	0.0	20008245	352	160.0
1606632110.88	160000	15.456486	0.0	58430914	1038	160.0
1606632111.28	160000	16.052221	0.0	16292703	303	160.0
1606632111.91	160000	16.426093	0.0	25587422	483	160.0
1606632112.49	160000	16.848557	0.0	23982306	441	160.0
1606632112.81	160000	17.529619	0.0	13347845	237	160.0
1606632113.15	160000	18.189482	0.0	14337991	255	160.0
1606632114.25	160000	18.087934	0.0	14584990	1013	160.0
1606632115.43	160000	17.91922	0.0	13962401	1088	160.0
1606632116.56	160000	17.783823	0.0	14393788	1047	160.0
1606632117.78	160000	17.565077	0.0	14649457	1132	160.0
1606632118.82	160000	17.524485	0.0	13409715	964	160.0
1606632119.87	160000	17.47554	0.0	13909605	967	160.0
1606632120.91	160000	17.436832	0.0	13301968	952	160.0
1606632122.67	160000	16.682505	0.0	19025846	1636	160.0
1606632124.22	160000	16.12709	0.0	19295426	1437	160.0
1606632125.66	160000	15.69082	0.0	18261873	1323	160.0
1606632127.27	160000	15.085456	0.0	19847604	1484	160.0
1606632128.69	160000	14.665479	0.0	18767181	1309	160.0
1606632130.44	160000	13.910799	0.0	22420858	1624	160.0
1606632130.87	160000	14.487289	0.0	19324333	303	160.0
1606632131.31	160000	15.04653	0.0	20392234	319	160.0
1606632131.46	160000	15.899355	0.0	7671072	95	160.0
1606632131.79	160000	16.563631	0.0	17781906	232	160.0
1606632132.05	160000	17.311101	0.0	12839336	176	160.0
1606632132.26	160000	18.103573	0.0	10779770	132	160.0
1606632132.5	160000	18.863753	0.0	14606687	150	160.0
1606632133.17	160000	19.189867	0.0	41866951	415	160.0
1606632133.8	160000	19.558733	0.0	37238410	400	160.0
1606632134.05	160000	20.313149	0.0	14347759	161	160.0
1606632134.26	160000	21.108005	0.0	11399187	129	160.0
1606632134.44	160000	21.925599	0.0	10358641	112	160.0
1606632134.68	160000	22.68749	0.0	14315696	154	160.0
1606632135.07	160000	23.301415	0.0	23283631	252	160.0
1606632135.67	160000	23.69625	0.0	37521367	384	160.0
1606632136.01	160000	24.356511	0.0	22241104	210	160.0
1606632136.27	160000	25.099458	0.0	15813346	150	160.0
1606632137.89	160000	24.479469	0.0	17116450	1519	160.0
1606632138.62	160000	24.755122	0.0	18867054	613	160.0
1606632138.95	160000	25.424401	0.0	17393609	226	160.0
1606632139.42	160000	25.954531	0.0	24759401	322	160.0
1606632139.85	160000	26.528824	0.0	25782433	278	160.0
1606632140.3	160000	27.075978	0.0	25885372	278	160.0
1606632140.75	160000	27.624743	0.0	26242011	298	160.0
1606632141.19	160000	28.189629	0.0	23865378	281	160.0
1606632141.62	160000	28.755713	0.0	25470681	287	160.0
1606632142.11	160000	29.273504	0.0	27258768	297	160.0
1606632142.41	160000	29.971286	0.0	17853711	195	160.0
1606632142.85	160000	30.530014	0.0	14829893	357	160.0
1606632143.61	160000	30.769927	0.0	27779697	594	160.0
1606632144.12	160000	31.265751	0.0	27714923	346	160.0
1606632144.63	160000	31.757182	0.0	25946474	352	160.0
1606632145.1	160000	32.291244	0.0	19596259	350	160.0
1606632145.64	160000	32.747689	0.0	23774167	403	160.0
1606632146.06	160000	33.330965	0.0	19373656	297	160.0
1606632146.57	160000	33.818841	0.0	23977420	379	160.0
1606632147.19	160000	34.20469	0.0	24493733	478	160.0
1606632147.79	160000	34.606023	0.0	14528511	515	160.0
1606632149.18	160000	34.211143	0.0	16841176	1291	160.0
1606632150.5	160000	33.895522	0.0	16743604	1213	160.0
1606632152.21	160000	33.186322	0.0	17975224	1598	160.0
1606632154.0	160000	32.400852	0.0	22329548	1643	160.0
1606632155.59	160000	31.806569	0.0	16001583	1496	160.0
1606632156.19	160000	32.207161	0.0	18238584	488	160.0
1606632156.72	160000	32.680683	0.0	21308824	395	160.0
1606632157.06	160000	33.343757	0.0	17749058	233	160.0
1606632157.33	160000	34.073678	0.0	14127787	185	160.0
1606632157.88	160000	34.517313	0.0	17525699	449	160.0
1606632158.58	160000	34.824911	0.0	14240042	605	160.0
1606632163.82	160000	30.588165	0.0	20324139	5110	160.0
1606632164.03	20000	31.374481	0.0	2517454	184	-120.0
1606632164.19	20000	32.217111	0.0	1883143	136	20.0
1606632165.08	160000	32.323527	0.0	15964734	794	20.0
1606632165.48	160000	32.923779	0.0	8284939	343	160.0
1606632166.05	160000	33.355862	0.0	9004706	504	160.0
1606632166.5	160000	33.911571	0.0	6955279	394	160.0
1606632167.99	160000	33.417162	0.0	10701639	1430	160.0
1606632169.83	160000	32.585204	0.0	9459459	1773	160.0
1606632170.29	160000	33.123963	0.0	3212828	431	160.0
1606632170.63	160000	33.782658	0.0	2509989	316	160.0
1606632170.87	160000	34.547587	0.0	2004927	213	160.0
1606632170.94	160000	35.469676	0.0	591360	62	160.0
1606632171.23	160000	36.624449	0.0	2394426	255	160.0
1606632171.56	40000	1.000999	0.057	336477	34	-9.119999999999997
1606632177.89	160000	1.334108	5.391	14912671	6196	-822.56
1606632179.83	160000	1.441696	0.993	24265636	1735	1.1200000000000045
1606632181.08	160000	1.401174	0.27	22711544	1109	116.8
1606632181.82	160000	1.726417	0.0	19639705	611	160.0
1606632182.54	160000	2.036566	0.0	20946809	597	160.0
1606632182.94	160000	2.698462	0.0	11895609	310	160.0
1606632183.18	160000	3.45044	0.0	7597636	192	160.0
1606632184.98	160000	2.658057	0.0	56067905	1285	160.0
1606632186.06	160000	2.57399	0.0	45444680	811	160.0
1606632187.29	160000	2.350375	0.0	54798068	901	160.0
1606632190.52	160000	1.213725	1.095	69464107	2804	-15.199999999999989
1606632191.88	160000	1.375686	0.611	50637608	1104	62.239999999999995
1606632192.42	160000	1.8382	0.0	19559369	413	160.0
1606632193.03	160000	2.22495	0.0	22224402	475	160.0
1606632193.69	160000	2.562019	0.0	22578365	518	160.0
1606632194.24	160000	3.021505	0.0	8346702	480	160.0
1606632196.48	160000	1.781375	0.0	15775481	2129	160.0
1606632198.06	160000	1.395692	0.202	9163235	1533	127.68
1606632199.2	20000	1.354761	0.088	6357933	1082	-134.08
1606632200.19	20000	1.443428	0.086	4814284	955	6.24
1606632201.07	20000	1.566262	0.0	3419258	849	20.0
1606632201.97	20000	1.668796	0.0	3944328	866	20.0
1606632202.4	20000	2.24231	0.0	4284196	392	20.0
1606632204.16	160000	1.479948	0.0	20329780	1640	20.0
1606632205.88	160000	1.284584	0.525	16109183	1634	76.0
1606632206.91	20000	1.310438	0.049	9946363	963	-127.84
