1606627946.63	40000	1.000999	0.028	334476	16	-4.480000000000004
1606627947.53	160000	1.491102	0.0	14912671	683	40.0
1606627948.28	160000	1.748629	0.0	24265636	545	160.0
1606627950.12	160000	1.426344	0.454	22711544	1712	87.36
1606627951.6	160000	1.303158	0.336	19639705	1379	106.24000000000001
1606627953.22	160000	1.303404	0.589	20946809	1505	65.76
1606627954.19	160000	1.391614	0.062	11895609	900	150.08
1606627954.91	160000	1.67287	0.0	7597636	666	160.0
1606627955.33	20000	2.261153	0.0	4047415	373	-120.0
1606627955.57	20000	3.02223	0.0	2863079	213	20.0
1606627955.9	20000	3.686986	0.0	4167844	302	20.0
1606627956.35	20000	4.24178	0.0	5571764	404	20.0
1606627956.82	20000	4.772345	0.0	4925652	433	20.0
1606627958.51	160000	4.084677	0.0	19559369	1563	20.0
1606627960.49	160000	3.098834	0.0	22224402	1842	160.0
1606627963.35	160000	1.462775	0.212	22578365	2730	126.08
1606627965.11	160000	1.425352	0.728	8346702	1710	43.519999999999996
1606627965.22	20000	2.312308	0.0	1113969	92	-120.0
1606627965.97	160000	2.565159	0.0	9163235	688	20.0
1606627966.47	20000	3.06346	0.0	6357933	456	-120.0
1606627968.05	160000	2.492252	0.0	28763893	1409	20.0
1606627969.22	160000	2.318207	0.0	21266416	1057	160.0
1606627970.32	160000	2.22536	0.0	23702229	956	160.0
1606627971.8	160000	1.745786	0.0	27580394	1311	160.0
1606627972.8	160000	1.742405	0.0	20329780	888	160.0
1606627973.63	160000	1.911077	0.0	16109183	730	160.0
1606627981.16	160000	1.400179	6.012	58830800	7042	-801.92
1606627982.25	20000	1.430107	0.116	11684632	1007	-138.56
1606627983.47	160000	1.298242	0.088	15251076	1137	5.9199999999999875
1606627984.77	160000	1.38666	0.387	16574034	1213	98.08
1606627985.88	160000	1.27236	0.0	13009028	1041	160.0
1606627986.93	160000	1.263053	0.03	12791674	968	155.2
1606627987.86	160000	1.33374	0.0	11137898	864	160.0
1606627988.93	160000	1.285676	0.028	11485310	1012	155.52
1606627989.95	160000	1.338819	0.071	12428518	951	148.64
1606627990.79	160000	1.501493	0.0	9963766	775	160.0
1606627991.84	160000	1.450191	0.0	12189364	979	160.0
1606627992.84	160000	1.451031	0.0	10142396	937	160.0
1606627993.65	160000	1.64267	0.0	10185488	747	160.0
1606627994.94	160000	1.387073	0.032	14061455	1206	154.88
1606627996.44	160000	1.447785	0.563	20074099	1400	69.92
1606627996.91	20000	1.979492	0.0	4742872	426	-120.0
1606627997.48	20000	2.417832	0.0	4955535	521	20.0
1606627998.18	160000	2.713578	0.0	7891151	645	20.0
1606628000.03	160000	1.865416	0.0	21012466	1717	160.0
1606628002.17	160000	1.235658	0.512	23519424	2023	78.08
1606628003.77	160000	1.279007	0.639	18715420	1499	57.760000000000005
1606628005.1	160000	1.418943	0.467	17000816	1237	85.28
1606628006.3	160000	1.386936	0.164	14448126	1121	133.76
1606628006.83	160000	1.849576	0.0	6958676	486	160.0
1606628007.52	160000	2.168138	0.0	9088791	617	160.0
1606628008.05	160000	2.633932	0.0	7211881	483	160.0
1606628008.28	160000	3.401643	0.0	3063586	204	160.0
1606628008.5	160000	4.190455	0.0	2782179	184	160.0
1606628009.25	160000	4.446687	0.0	9958410	681	160.0
1606628010.16	160000	4.532812	0.0	12158708	836	160.0
1606628011.07	160000	4.622706	0.0	12300216	834	160.0
1606628012.25	160000	4.440101	0.0	15815684	1084	160.0
1606628013.31	160000	4.385761	0.0	13526256	976	160.0
1606628014.23	160000	4.461042	0.0	11995130	852	160.0
1606628015.23	160000	4.465399	0.0	13394791	917	160.0
1606628016.33	160000	4.370414	0.0	14135828	1015	160.0
1606628017.54	160000	4.161357	0.0	15366126	1117	160.0
1606628018.89	160000	3.810694	0.0	14248439	1263	160.0
1606628019.9	160000	3.797255	0.0	13843717	925	160.0
1606628021.03	160000	3.668468	0.0	14665119	1041	160.0
1606628023.11	160000	2.590996	0.0	21079187	1959	160.0
1606628025.24	160000	1.466244	0.0	25480074	1957	160.0
1606628026.92	160000	1.319965	0.536	23021754	1567	74.24
1606628029.3	160000	1.356938	1.416	27527834	2229	-66.56
1606628031.51	160000	1.274083	1.129	26155848	2084	-20.639999999999986
1606628033.06	160000	1.403246	0.681	17849379	1453	51.040000000000006
1606628034.38	160000	1.33413	0.249	16546531	1226	120.16
1606628036.06	160000	1.334947	0.683	17718949	1589	50.72
1606628037.47	160000	1.26883	0.336	17337137	1307	106.24000000000001
1606628039.09	160000	1.355232	0.703	20008245	1510	47.519999999999996
1606628043.93	160000	1.308688	3.802	58430914	4566	-448.32000000000005
1606628045.47	160000	1.361514	0.588	16292703	1441	65.92
1606628047.59	160000	1.450177	1.209	25587422	2000	-33.44
1606628049.69	160000	1.409475	1.053	23982306	1975	-8.47999999999999
1606628050.76	160000	1.463654	0.125	13347845	996	140.0
1606628051.89	160000	1.359838	0.028	14337991	1049	155.52
1606628052.99	160000	1.367983	0.107	14584990	1026	142.88
1606628054.27	160000	1.476033	0.385	13962401	1206	98.4
1606628055.43	160000	1.343614	0.032	14393788	1082	154.88
1606628056.67	160000	1.395705	0.288	14649457	1153	113.92
1606628057.7	160000	1.434553	0.065	13409715	952	149.6
1606628058.71	160000	1.50019	0.079	13909605	939	147.36
1606628059.74	160000	1.470039	0.0	13301968	953	160.0
1606628062.74	160000	1.33121	1.858	19025846	2896	-137.27999999999997
1606628064.58	160000	1.439499	0.952	19295426	1748	7.680000000000007
1606628065.6	160000	1.426561	0.0	18261873	905	160.0
1606628067.16	160000	1.392929	0.527	19847604	1457	75.68
1606628068.02	160000	1.532794	0.0	18767181	751	160.0
1606628068.56	160000	1.991713	0.0	22420858	411	160.0
1606628069.04	160000	2.516987	0.0	19324333	358	160.0
1606628069.59	160000	2.964334	0.0	20392234	436	160.0
1606628069.81	160000	3.748825	0.0	7671072	163	160.0
1606628072.29	160000	2.264652	0.0	17781906	2377	160.0
1606628074.19	160000	1.39657	0.03	12839336	1821	155.2
1606628074.32	20000	2.271653	0.0	1413467	101	-120.0
1606628074.46	20000	3.132486	0.0	1632450	117	20.0
1606628076.71	160000	1.878031	0.0	41866951	2023	20.0
1606628077.57	160000	2.019805	0.0	37238410	632	160.0
1606628077.91	160000	2.68272	0.0	14347759	249	160.0
1606628078.19	160000	3.409519	0.0	11399187	200	160.0
1606628078.42	160000	4.175466	0.0	10358641	163	160.0
1606628078.73	160000	4.87103	0.0	14315696	221	160.0
1606628079.23	160000	5.372322	0.0	23283631	364	160.0
1606628079.96	160000	5.639388	0.0	37521367	518	160.0
1606628080.38	160000	6.222078	0.0	22241104	290	160.0
1606628080.66	160000	6.937814	0.0	15813346	186	160.0
1606628080.97	160000	7.634604	0.0	17116450	202	160.0
1606628081.34	160000	8.263565	0.0	18867054	261	160.0
1606628081.76	160000	8.846098	0.0	17393609	317	160.0
1606628082.34	160000	9.269292	0.0	24759401	439	160.0
1606628082.9	160000	9.701526	0.0	25782433	415	160.0
1606628083.46	160000	10.145285	0.0	25885372	399	160.0
1606628083.99	160000	10.616214	0.0	26242011	383	160.0
1606628084.5	160000	11.108823	0.0	23865378	346	160.0
1606628085.03	160000	11.583358	0.0	25470681	374	160.0
1606628085.55	160000	12.061739	0.0	27258768	352	160.0
1606628085.87	160000	12.738591	0.0	17853711	218	160.0
1606628086.15	160000	13.466097	0.0	14829893	181	160.0
1606628086.66	160000	13.955765	0.0	27779697	346	160.0
1606628087.17	160000	14.446911	0.0	27714923	345	160.0
1606628087.74	160000	14.871224	0.0	25946474	423	160.0
1606628088.19	160000	15.432269	0.0	19596259	319	160.0
1606628088.73	160000	15.89268	0.0	23774167	406	160.0
1606628089.17	160000	16.447334	0.0	19373656	330	160.0
1606628089.57	160000	17.053242	0.0	23977420	264	160.0
1606628089.97	160000	17.645764	0.0	24493733	271	160.0
1606628090.22	160000	18.401215	0.0	14528511	160	160.0
1606628090.59	160000	19.038076	0.0	16841176	266	160.0
1606628090.95	160000	19.675198	0.0	16743604	264	160.0
1606628091.35	160000	20.278597	0.0	17975224	287	160.0
1606628091.85	160000	20.773918	0.0	22329548	374	160.0
1606628092.21	160000	21.412111	0.0	16001583	268	160.0
1606628092.57	160000	22.056336	0.0	18238584	249	160.0
1606628092.99	160000	22.63448	0.0	21308824	293	160.0
1606628095.17	160000	21.455052	0.0	17749058	2070	160.0
1606628096.36	160000	21.281558	0.0	14127787	1092	160.0
1606628097.75	160000	20.886551	0.0	17525699	1273	160.0
1606628099.03	160000	20.60351	0.0	14240042	1200	160.0
1606628100.24	160000	20.391961	0.0	20324139	1095	160.0
1606628101.28	160000	20.354682	0.0	21993033	910	160.0
1606628101.96	160000	20.677333	0.0	18863108	557	160.0
1606628102.54	160000	21.105712	0.0	15964734	477	160.0
1606628102.83	160000	21.809187	0.0	8284939	232	160.0
1606628103.15	160000	22.493665	0.0	9004706	254	160.0
1606628103.39	160000	23.254855	0.0	6955279	190	160.0
1606628103.73	160000	23.906244	0.0	10701639	281	160.0
1606628104.04	160000	24.597972	0.0	9459459	249	160.0
1606628104.16	160000	25.484702	0.0	3212828	84	160.0
1606628104.25	160000	26.39578	0.0	2509989	64	160.0
1606628104.31	160000	27.330473	0.0	2004927	42	160.0
1606628104.34	160000	28.304538	0.0	591360	10	160.0
1606628104.41	160000	29.670574	0.0	2394426	45	160.0
1606628104.72	40000	1.000999	0.03	336477	2	-4.799999999999997
1606628105.17	160000	1.841079	0.0	14912671	281	40.0
1606628105.81	160000	2.195646	0.0	24265636	424	160.0
1606628106.33	160000	2.681634	0.0	22711544	373	160.0
1606628106.8	160000	3.24602	0.0	19639705	351	160.0
1606628107.3	160000	3.793736	0.0	20946809	374	160.0
1606628107.54	160000	4.562286	0.0	11895609	153	160.0
1606628107.68	160000	5.413514	0.0	7597636	98	160.0
1606628108.93	160000	5.254531	0.0	56067905	743	160.0
1606628110.0	160000	5.214169	0.0	45444680	827	160.0
1606628111.29	160000	4.918194	0.0	54798068	997	160.0
1606628120.2	160000	1.138156	4.125	69464107	8496	-500.0
1606628120.43	20000	1.912406	0.0	4925652	174	-120.0
1606628121.2	160000	2.16747	0.0	19559369	641	20.0
1606628122.11	160000	2.25357	0.0	22224402	791	160.0
1606628122.97	160000	2.39352	0.0	22578365	720	160.0
1606628123.28	160000	3.090815	0.0	8346702	249	160.0
1606628123.82	160000	3.552504	0.0	15775481	442	160.0
1606628124.13	160000	4.242947	0.0	9163235	249	160.0
1606628125.36	160000	4.011845	0.0	41307095	983	160.0
1606628126.28	160000	4.088282	0.0	28763893	757	160.0
1606628126.9	160000	4.480677	0.0	21266416	481	160.0
1606628127.54	160000	4.834901	0.0	23702229	506	160.0
1606628129.88	160000	3.493109	0.0	27580394	2173	160.0
1606628131.59	160000	2.780721	0.0	20329780	1581	160.0
1606628132.1	160000	3.278204	0.0	16109183	402	160.0
1606628133.85	160000	2.528226	0.0	58830800	1416	160.0
