1606621689.34	40000	1.000999	0.159	334476	147	-25.44
1606621695.73	80000	1.335762	5.355	14912671	6211	-816.8
1606621703.62	80000	1.357662	6.877	22644885	7735	-1020.3199999999999
1606621705.5	160000	1.436362	0.935	22711544	1753	-69.6
1606621707.16	160000	1.312251	0.514	19639705	1562	77.76
1606621710.29	160000	1.303375	2.093	20946809	3019	-174.88
1606621712.06	160000	1.397459	0.856	11895609	1699	23.039999999999992
1606621714.1	160000	1.2598	0.911	7597636	1997	14.240000000000009
1606621714.47	20000	1.915294	0.0	4047415	324	-120.0
1606621714.73	20000	2.657172	0.0	2863079	229	20.0
1606621715.09	20000	3.293416	0.0	4167844	328	20.0
1606621715.52	20000	3.86077	0.0	5571764	390	20.0
1606621715.91	20000	4.47635	0.0	4925652	345	20.0
1606621717.63	160000	3.752912	0.0	19559369	1596	20.0
1606621720.1	160000	2.288425	0.0	22224402	2336	160.0
1606621720.35	20000	3.03729	0.0	2211169	224	-120.0
1606621721.26	160000	3.133229	0.0	8346702	849	20.0
1606621722.88	160000	2.506772	0.0	15775481	1528	160.0
1606621724.35	160000	2.03916	0.0	9163235	1403	160.0
1606621725.35	20000	2.039281	0.0	6357933	953	-120.0
1606621725.99	20000	2.40193	0.0	4814284	600	20.0
1606621728.25	160000	1.324435	0.176	21266416	2140	-8.159999999999997
1606621732.11	160000	1.251555	2.791	23702229	3706	-286.56
1606621734.58	160000	1.293267	1.505	27580394	2319	-80.80000000000001
1606621736.42	160000	1.298776	0.848	20329780	1739	24.319999999999993
1606621737.81	160000	1.364224	0.453	16109183	1284	87.52
1606621738.66	20000	1.509311	0.0	9946363	783	-120.0
1606621739.56	20000	1.616603	0.0	11684632	821	20.0
1606621740.68	160000	1.497293	0.0	15251076	1029	20.0
1606621741.94	160000	1.348606	0.118	16574034	1184	141.12
1606621742.93	160000	1.47358	0.11	13009028	911	142.4
1606621743.89	160000	1.519789	0.0	12791674	876	160.0
1606621744.73	160000	1.679072	0.0	11137898	767	160.0
1606621745.58	160000	1.830391	0.0	11485310	780	160.0
1606621746.53	160000	1.873914	0.0	12428518	881	160.0
1606621747.43	160000	1.981704	0.0	9963766	829	160.0
1606621748.46	160000	1.952198	0.0	12189364	948	160.0
1606621749.27	160000	2.14458	0.0	10142396	738	160.0
1606621750.29	160000	2.124569	0.0	10185488	956	160.0
1606621751.55	160000	1.8609	0.0	14061455	1181	160.0
1606621753.12	160000	1.340054	0.047	20074099	1445	152.48
1606621753.52	20000	1.940945	0.0	4742872	359	-120.0
1606621753.95	20000	2.508306	0.0	4955535	393	20.0
1606621754.68	160000	2.785492	0.0	7891151	669	20.0
1606621756.39	160000	2.070366	0.0	21012466	1587	160.0
1606621758.5	160000	1.395005	0.422	23519424	1975	92.48
1606621760.04	160000	1.31729	0.473	18715420	1442	84.32
1606621761.62	160000	1.290726	0.551	17000816	1475	71.84
1606621762.96	160000	1.342034	0.394	14448126	1266	96.96000000000001
1606621763.64	160000	1.670245	0.0	6958676	622	160.0
1606621764.52	160000	1.79146	0.0	9088791	815	160.0
1606621765.05	160000	2.255587	0.0	7211881	485	160.0
1606621765.29	160000	3.020537	0.0	3063586	206	160.0
1606621765.52	160000	3.786513	0.0	2782179	207	160.0
1606621766.36	160000	3.957915	0.0	9958410	763	160.0
1606621767.54	160000	3.774041	0.0	12158708	1109	160.0
1606621768.48	160000	3.829804	0.0	12300216	867	160.0
1606621769.75	160000	3.561807	0.0	15815684	1176	160.0
1606621770.81	160000	3.510242	0.0	13526256	974	160.0
1606621771.85	160000	3.46635	0.0	11995130	961	160.0
1606621772.98	160000	3.334807	0.0	13394791	1050	160.0
1606621774.08	160000	3.239482	0.0	14135828	1011	160.0
1606621775.38	160000	2.94328	0.0	15366126	1207	160.0
1606621776.71	160000	2.606356	0.0	14248439	1238	160.0
1606621777.92	160000	2.401981	0.0	13843717	1124	160.0
1606621779.37	160000	1.950567	0.0	14665119	1365	160.0
1606621781.81	160000	1.253165	0.735	21079187	2321	42.400000000000006
1606621783.5	160000	1.489452	0.927	25480074	1571	11.680000000000007
1606621785.96	160000	1.417633	1.393	23021754	2346	-62.879999999999995
1606621792.2	160000	1.310865	5.134	27527834	6094	-661.44
1606621794.43	160000	1.445362	1.357	26155848	2095	-57.120000000000005
1606621796.63	160000	1.303394	1.064	17849379	2104	-10.240000000000009
1606621799.53	160000	1.368506	1.959	16546531	2807	-153.44
1606621801.73	160000	1.327795	1.163	17718949	2107	-26.080000000000013
1606621803.37	160000	1.490901	0.797	17337137	1546	32.480000000000004
1606621804.69	160000	1.289173	0.115	20008245	1209	141.6
1606621809.17	160000	1.40375	3.602	58430914	3988	-416.32000000000005
1606621812.36	160000	1.257696	2.043	16292703	3095	-166.88
1606621814.5	160000	1.30188	1.182	25587422	2010	-29.120000000000005
1606621816.61	160000	1.483833	1.289	23982306	1987	-46.24000000000001
1606621817.6	160000	1.494304	0.0	13347845	907	160.0
1606621818.79	160000	1.304917	0.0	14337991	1115	160.0
1606621821.85	160000	1.275927	2.025	14584990	2978	-164.0
1606621826.95	160000	1.301526	4.129	13962401	5024	-500.64
1606621827.83	160000	1.41994	0.0	14393788	795	160.0
1606621828.19	160000	2.064629	0.0	14649457	267	160.0
1606621828.52	160000	2.73907	0.0	13409715	242	160.0
1606621828.83	160000	3.42413	0.0	13909605	232	160.0
1606621829.08	160000	4.182808	0.0	13301968	161	160.0
1606621829.44	160000	4.823248	0.0	19025846	230	160.0
1606621829.79	160000	5.471351	0.0	19295426	234	160.0
1606621830.11	160000	6.153408	0.0	18261873	208	160.0
1606621830.46	160000	6.801958	0.0	19847604	226	160.0
1606621830.79	160000	7.475297	0.0	18767181	213	160.0
1606621831.28	160000	7.984628	0.0	22420858	357	160.0
1606621831.72	160000	8.542223	0.0	19324333	316	160.0
1606621832.14	160000	9.126918	0.0	20392234	296	160.0
1606621832.3	160000	9.961864	0.0	7671072	112	160.0
1606621832.67	160000	10.597941	0.0	17781906	263	160.0
1606621833.0	160000	11.27014	0.0	12839336	251	160.0
1606621833.3	160000	11.97188	0.0	10779770	229	160.0
1606621833.71	160000	12.560014	0.0	14606687	315	160.0
1606621835.61	160000	11.658206	0.0	41866951	1649	160.0
1606621842.29	160000	5.985212	0.0	37238410	6438	160.0
1606621846.83	160000	2.440095	0.0	14347759	4453	160.0
1606621848.51	160000	1.763332	0.0	11399187	1606	160.0
1606621848.6	20000	2.671635	0.0	975642	70	-120.0
1606621849.8	160000	2.471294	0.0	14315696	1110	20.0
1606621852.36	160000	1.45577	0.535	23283631	2437	74.4
1606621860.79	160000	1.497939	7.464	37521367	8205	-1034.24
1606621862.82	160000	1.462613	1.001	22241104	1930	-0.1599999999999966
1606621864.04	160000	1.465382	0.221	15813346	1133	124.64
1606621865.11	160000	1.436332	0.036	17116450	966	154.24
1606621866.19	160000	1.474274	0.123	18867054	980	140.32
1606621867.3	160000	1.370999	0.0	17393609	997	160.0
1606621868.21	160000	1.458219	0.0	24759401	774	160.0
1606621868.87	160000	1.800022	0.0	25782433	515	160.0
1606621875.95	160000	1.350765	5.634	25885372	6938	-741.44
1606621877.96	160000	1.485151	1.137	26242011	1872	-21.919999999999987
1606621883.05	160000	1.352619	3.958	23865378	4958	-473.28
1606621887.05	160000	1.331894	2.981	25470681	3872	-316.96
1606621887.63	20000	1.758393	0.0	3367422	538	-120.0
1606621888.59	160000	1.792159	0.0	17853711	853	20.0
1606621889.1	160000	2.287814	0.0	14829893	419	160.0
1606621889.66	160000	2.731494	0.0	27779697	390	160.0
1606621890.2	160000	3.188373	0.0	27714923	383	160.0
1606621890.64	160000	3.749303	0.0	25946474	291	160.0
1606621890.98	160000	4.408865	0.0	19596259	220	160.0
1606621891.36	160000	5.029106	0.0	23774167	240	160.0
1606621891.69	160000	5.707687	0.0	19373656	191	160.0
1606621892.05	160000	6.345448	0.0	23977420	229	160.0
1606621892.45	160000	6.945104	0.0	24493733	257	160.0
1606621892.71	160000	7.690548	0.0	14528511	154	160.0
1606621892.99	160000	8.409147	0.0	16841176	178	160.0
1606621893.26	160000	9.134747	0.0	16743604	177	160.0
1606621893.57	160000	9.828437	0.0	17975224	191	160.0
1606621893.95	160000	10.447542	0.0	22329548	237	160.0
1606621894.23	160000	11.166981	0.0	16001583	182	160.0
1606621894.61	160000	11.787696	0.0	18238584	268	160.0
1606621895.06	160000	12.344276	0.0	21308824	311	160.0
1606621900.34	160000	8.068809	0.0	17749058	5156	160.0
1606621901.6	160000	7.80961	0.0	14127787	1167	160.0
1606621901.8	20000	8.612907	0.0	1939246	166	-120.0
1606621901.97	20000	9.445468	0.0	1599193	137	20.0
1606621902.24	20000	10.172676	0.0	2364826	207	20.0
1606621904.6	160000	8.806519	0.0	21993033	2220	20.0
1606621905.71	160000	8.698703	0.0	18863108	978	160.0
1606621906.35	160000	9.063927	0.0	15964734	529	160.0
1606621906.68	160000	9.73305	0.0	8284939	274	160.0
1606621907.04	160000	10.371403	0.0	9004706	297	160.0
1606621907.34	160000	11.074096	0.0	6955279	219	160.0
1606621907.77	160000	11.646794	0.0	10701639	354	160.0
1606621908.15	160000	12.261475	0.0	9459459	314	160.0
1606621908.31	160000	13.10994	0.0	3212828	107	160.0
1606621908.42	160000	13.999006	0.0	2509989	82	160.0
1606621908.51	160000	14.908606	0.0	2004927	66	160.0
1606621908.56	160000	15.865473	0.0	591360	18	160.0
1606621908.66	160000	17.190971	0.0	2394426	79	160.0
1606621909.03	40000	1.000999	0.036	336477	7	-5.759999999999998
1606621909.68	160000	1.747819	0.0	14912671	493	40.0
1606621910.72	160000	1.710581	0.0	24265636	799	160.0
1606621911.61	160000	1.957074	0.0	22711544	751	160.0
1606621912.39	160000	2.234207	0.0	19639705	647	160.0
1606621913.21	160000	2.47221	0.0	20946809	689	160.0
1606621913.68	160000	3.038068	0.0	11895609	393	160.0
1606621914.01	160000	3.801102	0.0	7597636	262	160.0
1606621916.34	160000	2.468873	0.0	56067905	1854	160.0
1606621918.11	160000	1.699664	0.0	45444680	1505	160.0
1606621918.3	20000	2.51062	0.0	4167844	136	-120.0
1606621918.53	20000	3.273144	0.0	5571764	183	20.0
