1606625783.18	40000	1.000999	0.233	334476	219	-37.28
1606625786.33	80000	1.474489	2.296	14912671	2968	-327.36
1606625789.92	160000	1.404426	2.492	24265636	3400	-318.72
1606625791.23	160000	1.423911	0.281	22711544	1186	115.03999999999999
1606625794.46	160000	1.314125	2.082	19639705	3103	-173.12
1606625796.11	160000	1.315246	0.631	20946809	1545	59.040000000000006
1606625797.0	160000	1.446099	0.027	11895609	818	155.68
1606625797.58	160000	1.872896	0.0	7597636	520	160.0
1606625797.94	20000	2.515561	0.0	4047415	319	-120.0
1606625798.19	20000	3.257644	0.0	2863079	231	20.0
1606625798.57	20000	3.88568	0.0	4167844	337	20.0
1606625799.02	20000	4.436861	0.0	5571764	407	20.0
1606625799.41	20000	5.044595	0.0	4925652	354	20.0
1606625801.04	160000	4.416176	0.0	19559369	1506	20.0
1606625805.13	160000	1.482068	0.157	22224402	3975	134.88
1606625805.33	20000	2.286093	0.0	2211169	170	-120.0
1606625806.07	160000	2.549895	0.0	8346702	676	20.0
1606625807.51	160000	2.10574	0.0	15775481	1352	160.0
1606625808.09	160000	2.531307	0.0	9163235	512	160.0
1606625810.48	160000	1.316132	0.178	41307095	2071	131.52
1606625811.91	160000	1.313923	0.425	28763893	1288	92.0
1606625812.7	160000	1.529025	0.0	21266416	654	160.0
1606625813.43	160000	1.806141	0.0	23702229	589	160.0
1606625814.51	160000	1.717909	0.0	27580394	930	160.0
1606625821.72	160000	1.243527	5.729	20329780	7089	-756.64
1606625823.0	160000	1.488783	0.526	16109183	1197	75.84
1606625824.19	20000	1.326958	0.026	9946363	1116	-124.16
1606625825.13	20000	1.38571	0.0	11684632	870	20.0
1606625825.97	160000	1.555958	0.0	15251076	737	20.0
1606625826.48	160000	2.038533	0.0	16574034	411	160.0
1606625826.88	160000	2.646612	0.0	13009028	319	160.0
1606625827.18	160000	3.341384	0.0	12791674	229	160.0
1606625827.45	160000	4.075012	0.0	11137898	200	160.0
1606625827.72	160000	4.801397	0.0	11485310	206	160.0
1606625828.02	160000	5.508449	0.0	12428518	217	160.0
1606625828.25	160000	6.273456	0.0	9963766	172	160.0
1606625828.54	160000	6.988607	0.0	12189364	212	160.0
1606625828.78	160000	7.746457	0.0	10142396	176	160.0
1606625829.2	160000	8.325863	0.0	10185488	359	160.0
1606625829.82	160000	8.711171	0.0	14061455	524	160.0
1606625830.43	160000	9.100584	0.0	20074099	490	160.0
1606625831.46	160000	9.069686	0.0	46115254	726	160.0
1606625832.14	160000	9.397547	0.0	40906522	452	160.0
1606625832.27	160000	10.261352	0.0	7891151	83	160.0
1606625832.61	160000	10.923668	0.0	21012466	216	160.0
1606625832.99	160000	11.548233	0.0	23519424	235	160.0
1606625833.26	160000	12.272561	0.0	18715420	160	160.0
1606625833.52	160000	13.023651	0.0	17000816	145	160.0
1606625833.72	160000	13.816994	0.0	14448126	123	160.0
1606625833.83	160000	14.707332	0.0	6958676	59	160.0
1606625833.98	160000	15.558128	0.0	9088791	90	160.0
1606625834.1	160000	16.441208	0.0	7211881	69	160.0
1606625834.16	160000	17.383616	0.0	3063586	30	160.0
1606625834.21	160000	18.331145	0.0	2782179	26	160.0
1606625834.37	160000	19.17571	0.0	9958410	96	160.0
1606625834.56	160000	19.988657	0.0	12158708	118	160.0
1606625834.75	160000	20.794176	0.0	12300216	119	160.0
1606625835.0	160000	21.551467	0.0	15815684	150	160.0
1606625835.2	160000	22.34858	0.0	13526256	127	160.0
1606625835.39	160000	23.162879	0.0	11995130	112	160.0
1606625835.59	160000	23.956611	0.0	13394791	127	160.0
1606625835.81	160000	24.744261	0.0	14135828	132	160.0
1606625836.05	160000	25.508072	0.0	15366126	144	160.0
1606625836.26	160000	26.293426	0.0	14248439	127	160.0
1606625836.47	160000	27.090439	0.0	13843717	124	160.0
1606625836.69	160000	27.870012	0.0	14665119	137	160.0
1606625837.03	160000	28.525376	0.0	21079187	212	160.0
1606625837.59	160000	28.968942	0.0	25480074	399	160.0
1606625838.41	160000	29.149977	0.0	23021754	684	160.0
1606625840.13	160000	28.428704	0.0	27527834	1566	160.0
1606625840.68	160000	28.886833	0.0	26155848	393	160.0
1606625841.06	160000	29.508084	0.0	17849379	272	160.0
1606625841.39	160000	30.169176	0.0	16546531	235	160.0
1606625841.75	160000	30.815106	0.0	17718949	252	160.0
1606625842.12	160000	31.441605	0.0	17337137	273	160.0
1606625842.6	160000	31.967926	0.0	20008245	349	160.0
1606625843.85	160000	31.718756	0.0	58430914	848	160.0
1606625844.15	160000	32.417824	0.0	16292703	191	160.0
1606625844.58	160000	32.993906	0.0	25587422	290	160.0
1606625844.98	160000	33.592475	0.0	23982306	270	160.0
1606625845.2	160000	34.371511	0.0	13347845	130	160.0
1606625845.43	160000	35.14623	0.0	14337991	144	160.0
1606625845.66	160000	35.910941	0.0	14584990	147	160.0
1606625845.88	160000	36.691019	0.0	13962401	139	160.0
1606625846.11	160000	37.467987	0.0	14393788	139	160.0
1606625846.34	160000	38.240188	0.0	14649457	141	160.0
1606625846.54	160000	39.032851	0.0	13409715	127	160.0
1606625846.76	160000	39.817954	0.0	13909605	134	160.0
1606625846.97	160000	40.611825	0.0	13301968	127	160.0
1606625847.25	160000	41.325823	0.0	19025846	172	160.0
1606625847.55	160000	42.034262	0.0	19295426	176	160.0
1606625847.82	160000	42.763231	0.0	18261873	164	160.0
1606625848.11	160000	43.474368	0.0	19847604	172	160.0
1606625848.39	160000	44.200069	0.0	18767181	162	160.0
1606625848.71	160000	44.880298	0.0	22420858	184	160.0
1606625848.98	160000	45.607092	0.0	19324333	159	160.0
1606625849.29	160000	46.29743	0.0	20392234	189	160.0
1606625849.41	160000	47.174485	0.0	7671072	71	160.0
1606625849.69	160000	47.902512	0.0	17781906	166	160.0
1606625849.88	160000	48.70577	0.0	12839336	119	160.0
1606625850.05	160000	49.541294	0.0	10779770	98	160.0
1606625850.27	160000	50.32481	0.0	14606687	130	160.0
1606625850.9	160000	50.692971	0.0	41866951	375	160.0
1606625851.47	160000	51.128439	0.0	37238410	335	160.0
1606625851.68	160000	51.916638	0.0	14347759	124	160.0
1606625851.85	160000	52.74437	0.0	11399187	99	160.0
1606625852.01	160000	53.586428	0.0	10358641	89	160.0
1606625852.21	160000	54.386963	0.0	14315696	117	160.0
1606625852.54	160000	55.062488	0.0	23283631	188	160.0
1606625853.06	160000	55.543487	0.0	37521367	305	160.0
1606625853.37	160000	56.236	0.0	22241104	184	160.0
1606625853.6	160000	56.999727	0.0	15813346	132	160.0
1606625853.85	160000	57.756453	0.0	17116450	142	160.0
1606625854.11	160000	58.49184	0.0	18867054	157	160.0
1606625854.36	160000	59.246278	0.0	17393609	146	160.0
1606625854.71	160000	59.891901	0.0	24759401	209	160.0
1606625856.08	160000	59.632976	0.0	25782433	218	160.0
1606625856.96	160000	59.884009	0.0	25885372	206	160.0
1606625857.78	160000	59.88484	0.0	26242011	172	160.0
1606625859.09	160000	59.635972	0.0	23865378	155	160.0
1606625860.0	160000	59.636965	0.0	25470681	271	160.0
1606625862.23	160000	58.378396	0.0	27258768	2064	160.0
1606625863.37	160000	58.247837	0.0	17853711	1018	160.0
1606625863.43	20000	59.178927	0.0	1541020	44	-120.0
1606625864.26	160000	59.351868	0.0	27779697	648	20.0
1606625864.67	160000	59.943531	0.0	27714923	256	160.0
1606625866.07	160000	59.643007	0.0	25946474	237	160.0
1606625866.9	160000	59.893902	0.0	19596259	202	160.0
1606625867.81	160000	59.894941	0.0	23774167	266	160.0
1606625869.18	160000	59.645962	0.0	19373656	246	160.0
1606625869.87	160000	59.74898	0.0	23977420	564	160.0
1606625873.81	160000	56.815832	0.0	24493733	3778	160.0
1606625875.03	160000	56.596998	0.0	14528511	1130	160.0
1606625875.2	20000	57.424368	0.0	1881404	145	-120.0
1606625876.3	160000	57.330241	0.0	16743604	989	20.0
1606625876.72	160000	57.909562	0.0	17975224	306	160.0
1606625877.24	160000	58.38472	0.0	22329548	379	160.0
1606625877.56	160000	59.073291	0.0	16001583	215	160.0
1606625877.91	160000	59.716792	0.0	18238584	248	160.0
1606625878.84	160000	59.905935	0.0	21308824	295	160.0
1606625880.22	160000	59.656748	0.0	17749058	264	160.0
1606625881.38	160000	59.256688	0.0	14127787	1074	160.0
1606625882.28	160000	59.351542	0.0	17525699	790	160.0
1606625883.12	160000	59.65991	0.0	14240042	256	160.0
1606625884.06	160000	59.660947	0.0	20324139	316	160.0
1606625885.05	160000	59.661669	0.0	21993033	360	160.0
1606625885.95	160000	59.887873	0.0	18863108	275	160.0
1606625886.76	160000	59.913999	0.0	15964734	220	160.0
1606625887.93	160000	59.915002	0.0	8284939	115	160.0
1606625889.1	160000	59.665695	0.0	9004706	106	160.0
1606625890.22	160000	59.666857	0.0	6955279	77	160.0
1606625891.01	160000	59.667965	0.0	10701639	214	160.0
1606625895.03	160000	56.608842	0.0	9459459	3961	160.0
1606625895.31	160000	57.332379	0.0	3212828	246	160.0
1606625895.34	20000	58.307961	0.0	90390	5	-120.0
1606625895.53	160000	59.118497	0.0	2004927	163	20.0
1606625896.09	160000	59.672804	0.0	591360	47	160.0
1606625897.27	160000	59.857622	0.0	2394426	154	160.0
1606625897.6	40000	1.000999	0.033	336477	13	-5.280000000000001
1606625898.26	160000	1.668511	0.0	14912671	517	40.0
1606625898.86	160000	2.072731	0.0	24265636	373	160.0
1606625899.34	160000	2.589515	0.0	22711544	349	160.0
1606625899.74	160000	3.226337	0.0	19639705	266	160.0
1606625900.15	160000	3.840806	0.0	20946809	283	160.0
1606625900.45	160000	4.548455	0.0	11895609	216	160.0
1606625900.67	160000	5.347288	0.0	7597636	169	160.0
1606625903.94	160000	3.163213	0.0	56067905	2814	160.0
1606625904.21	20000	3.899849	0.0	2863079	228	-120.0
1606625904.55	20000	4.559482	0.0	4167844	308	20.0
1606625905.0	20000	5.110037	0.0	5571764	407	20.0
1606625905.35	20000	5.758521	0.0	4925652	315	20.0
1606625906.21	160000	5.906421	0.0	19559369	728	20.0
1606625906.69	160000	6.420164	0.0	22224402	326	160.0
1606625907.11	160000	7.002101	0.0	22578365	292	160.0
1606625907.27	160000	7.841978	0.0	8346702	108	160.0
1606625907.55	160000	8.561123	0.0	15775481	181	160.0
1606625907.72	160000	9.396799	0.0	9163235	105	160.0
1606625908.44	160000	9.681031	0.0	41307095	475	160.0
1606625908.91	160000	10.20966	0.0	28763893	308	160.0
1606625909.25	160000	10.864385	0.0	21266416	229	160.0
1606625909.64	160000	11.47612	0.0	23702229	246	160.0
1606625910.08	160000	12.037526	0.0	27580394	288	160.0
1606625910.41	160000	12.706694	0.0	20329780	215	160.0
1606625910.69	160000	13.436215	0.0	16109183	168	160.0
1606625911.72	160000	13.399368	0.0	58830800	616	160.0
1606625912.75	160000	13.379125	0.0	66935122	670	160.0
1606625913.0	160000	14.122686	0.0	15251076	166	160.0
