1606630110.27	40000	1.000999	0.037	334476	25	-5.920000000000002
1606630111.74	160000	1.253354	0.33	14912671	1245	-12.799999999999997
1606630113.8	160000	1.363422	1.146	24265636	1882	-23.360000000000014
1606630115.88	160000	1.439331	1.157	22711544	1958	-25.120000000000005
1606630117.38	160000	1.309388	0.33	19639705	1384	107.2
1606630118.92	160000	1.30799	0.514	20946809	1433	77.76
1606630119.81	160000	1.414451	0.0	11895609	810	160.0
1606630121.02	160000	1.323744	0.109	7597636	1152	142.56
1606630121.61	20000	1.72845	0.0	4047415	557	-120.0
1606630122.02	20000	2.321155	0.0	2863079	378	20.0
1606630122.43	20000	2.909254	0.0	4167844	374	20.0
1606630122.95	20000	3.391568	0.0	5571764	475	20.0
1606630123.32	20000	4.019952	0.0	4925652	332	20.0
1606630126.32	160000	2.025709	0.0	19559369	2865	20.0
1606630128.27	160000	1.439637	0.363	22224402	1833	101.92
1606630128.41	20000	2.300104	0.0	2211169	114	-120.0
1606630128.91	160000	2.810178	0.0	8346702	433	20.0
1606630129.81	160000	2.898922	0.0	15775481	805	160.0
1606630130.29	160000	3.420912	0.0	9163235	419	160.0
1606630132.02	160000	2.693771	0.0	41307095	1395	160.0
1606630133.02	160000	2.697659	0.0	28763893	833	160.0
1606630133.72	160000	3.000227	0.0	21266416	555	160.0
1606630134.53	160000	3.190228	0.0	23702229	656	160.0
1606630136.2	160000	2.514389	0.0	27580394	1523	160.0
1606630139.7	160000	1.31269	1.294	20329780	3384	-47.03999999999999
1606630141.06	160000	1.357944	0.404	16109183	1272	95.36
1606630141.47	20000	1.945243	0.0	9946363	340	-120.0
1606630143.19	160000	1.235093	0.0	66935122	1172	20.0
1606630143.46	160000	1.962634	0.0	15251076	175	160.0
1606630143.77	160000	2.654721	0.0	16574034	192	160.0
1606630144.01	160000	3.418955	0.0	13009028	149	160.0
1606630144.24	160000	4.182317	0.0	12791674	145	160.0
1606630144.44	160000	4.986191	0.0	11137898	127	160.0
1606630144.64	160000	5.783265	0.0	11485310	130	160.0
1606630144.86	160000	6.564196	0.0	12428518	143	160.0
1606630145.04	160000	7.385145	0.0	9963766	115	160.0
1606630145.26	160000	8.17294	0.0	12189364	139	160.0
1606630145.44	160000	8.991571	0.0	10142396	110	160.0
1606630145.62	160000	9.809796	0.0	10185488	118	160.0
1606630145.86	160000	10.571951	0.0	14061455	154	160.0
1606630146.2	160000	11.231574	0.0	20074099	219	160.0
1606630146.94	160000	11.492755	0.0	46115254	467	160.0
1606630148.39	160000	11.048215	0.0	40906522	1191	160.0
1606630148.98	160000	11.453426	0.0	7891151	540	160.0
1606630150.5	160000	10.939625	0.0	21012466	1393	160.0
1606630150.58	20000	11.858604	0.0	2770338	49	-120.0
1606630151.03	160000	12.409608	0.0	18715420	333	20.0
1606630151.5	160000	12.943812	0.0	17000816	366	160.0
1606630152.08	160000	13.360006	0.0	14448126	500	160.0
1606630152.35	160000	14.088645	0.0	6958676	223	160.0
1606630152.66	160000	14.787646	0.0	9088791	242	160.0
1606630152.9	160000	15.545469	0.0	7211881	192	160.0
1606630153.01	160000	16.437712	0.0	3063586	82	160.0
1606630153.11	160000	17.337561	0.0	2782179	74	160.0
1606630153.5	160000	17.943828	0.0	9958410	338	160.0
1606630154.15	160000	18.29725	0.0	12158708	577	160.0
1606630154.79	160000	18.663221	0.0	12300216	559	160.0
1606630155.57	160000	18.878235	0.0	15815684	691	160.0
1606630156.2	160000	19.248241	0.0	13526256	547	160.0
1606630156.75	160000	19.702942	0.0	11995130	473	160.0
1606630157.36	160000	20.096226	0.0	13394791	527	160.0
1606630158.04	160000	20.411732	0.0	14135828	603	160.0
1606630158.86	160000	20.596263	0.0	15366126	725	160.0
1606630159.72	160000	20.737973	0.0	14248439	777	160.0
1606630160.79	160000	20.669618	0.0	13843717	988	160.0
1606630162.1	160000	20.354717	0.0	14665119	1230	160.0
1606630163.73	160000	19.7319	0.0	21079187	1498	160.0
1606630165.72	160000	18.742721	0.0	25480074	1838	160.0
1606630167.72	160000	17.743232	0.0	23021754	1869	160.0
1606630169.51	160000	16.954394	0.0	27527834	1615	160.0
1606630170.1	160000	17.378161	0.0	26155848	428	160.0
1606630170.51	160000	17.950161	0.0	17849379	295	160.0
1606630171.07	160000	18.391353	0.0	16546531	456	160.0
1606630171.61	160000	18.852932	0.0	17718949	437	160.0
1606630172.06	160000	19.410568	0.0	17337137	338	160.0
1606630172.55	160000	19.916107	0.0	20008245	374	160.0
1606630173.66	160000	19.807088	0.0	58430914	790	160.0
1606630173.98	160000	20.49585	0.0	16292703	208	160.0
1606630174.45	160000	21.017924	0.0	25587422	328	160.0
1606630174.89	160000	21.581168	0.0	23982306	295	160.0
1606630175.14	160000	22.337116	0.0	13347845	163	160.0
1606630175.4	160000	23.077013	0.0	14337991	176	160.0
1606630175.66	160000	23.817617	0.0	14584990	171	160.0
1606630175.91	160000	24.565366	0.0	13962401	162	160.0
1606630176.16	160000	25.31752	0.0	14393788	168	160.0
1606630176.42	160000	26.061424	0.0	14649457	171	160.0
1606630176.67	160000	26.807051	0.0	13409715	167	160.0
1606630176.93	160000	27.551719	0.0	13909605	174	160.0
1606630177.18	160000	28.30037	0.0	13301968	172	160.0
1606630177.55	160000	28.935239	0.0	19025846	245	160.0
1606630178.39	160000	29.095839	0.0	19295426	723	160.0
1606630179.66	160000	28.822683	0.0	18261873	1163	160.0
1606630180.38	160000	29.10387	0.0	19847604	601	160.0
1606630180.88	160000	29.60574	0.0	18767181	387	160.0
1606630181.45	160000	30.038464	0.0	22420858	433	160.0
1606630182.97	160000	29.51396	0.0	19324333	1403	160.0
1606630183.77	160000	29.715281	0.0	20392234	676	160.0
1606630183.93	160000	30.561653	0.0	7671072	100	160.0
1606630184.27	160000	31.221711	0.0	17781906	232	160.0
1606630184.52	160000	31.974571	0.0	12839336	167	160.0
1606630184.72	160000	32.772064	0.0	10779770	134	160.0
1606630184.99	160000	33.499086	0.0	14606687	189	160.0
1606630185.77	160000	33.723742	0.0	41866951	532	160.0
1606630186.62	160000	33.881026	0.0	37238410	605	160.0
1606630187.72	160000	33.778022	0.0	14347759	1019	160.0
1606630188.5	160000	33.997337	0.0	11399187	711	160.0
1606630189.45	160000	34.053324	0.0	10358641	874	160.0
1606630190.91	160000	33.589105	0.0	14315696	1380	160.0
1606630192.88	160000	32.625973	0.0	23283631	1821	160.0
1606630195.89	160000	30.607807	0.0	37521367	2787	160.0
1606630196.85	160000	30.651664	0.0	22241104	826	160.0
1606630197.16	160000	31.341247	0.0	15813346	208	160.0
1606630197.5	160000	32.004678	0.0	17116450	225	160.0
1606630197.87	160000	32.640393	0.0	18867054	247	160.0
1606630198.2	160000	33.311241	0.0	17393609	227	160.0
1606630198.67	160000	33.841441	0.0	24759401	323	160.0
1606630199.26	160000	34.245694	0.0	25782433	454	160.0
1606630199.9	160000	34.611211	0.0	25885372	477	160.0
1606630200.58	160000	34.933352	0.0	26242011	523	160.0
1606630201.2	160000	35.313809	0.0	23865378	461	160.0
1606630201.92	160000	35.592672	0.0	25470681	570	160.0
1606630203.29	160000	35.227899	0.0	27258768	1186	160.0
1606630204.27	160000	35.248556	0.0	17853711	876	160.0
1606630204.8	160000	35.719465	0.0	14829893	433	160.0
1606630205.42	160000	36.101243	0.0	27779697	460	160.0
1606630206.02	160000	36.501239	0.0	27714923	450	160.0
1606630206.61	160000	36.913926	0.0	25946474	426	160.0
1606630206.99	160000	37.53147	0.0	19596259	260	160.0
1606630207.45	160000	38.067098	0.0	23774167	324	160.0
1606630207.84	160000	38.68604	0.0	19373656	265	160.0
1606630208.31	160000	39.216146	0.0	23977420	331	160.0
1606630208.79	160000	39.736973	0.0	24493733	337	160.0
1606630209.06	160000	40.464636	0.0	14528511	187	160.0
1606630209.38	160000	41.146128	0.0	16841176	217	160.0
1606630209.7	160000	41.823641	0.0	16743604	215	160.0
1606630210.03	160000	42.498527	0.0	17975224	215	160.0
1606630210.43	160000	43.098234	0.0	22329548	269	160.0
1606630210.72	160000	43.807234	0.0	16001583	193	160.0
1606630211.04	160000	44.494507	0.0	18238584	201	160.0
1606630211.41	160000	45.122033	0.0	21308824	239	160.0
1606630211.72	160000	45.8157	0.0	17749058	197	160.0
1606630211.99	160000	46.547784	0.0	14127787	185	160.0
1606630212.33	160000	47.204911	0.0	17525699	231	160.0
1606630212.6	160000	47.934881	0.0	14240042	187	160.0
1606630212.96	160000	48.578668	0.0	20324139	231	160.0
1606630213.34	160000	49.202074	0.0	21993033	247	160.0
1606630213.66	160000	49.878031	0.0	18863108	211	160.0
1606630213.94	160000	50.599575	0.0	15964734	180	160.0
1606630214.09	160000	51.45016	0.0	8284939	93	160.0
1606630214.25	160000	52.292458	0.0	9004706	100	160.0
1606630214.38	160000	53.164502	0.0	6955279	80	160.0
1606630214.57	160000	53.978628	0.0	10701639	121	160.0
1606630214.73	160000	54.811307	0.0	9459459	106	160.0
1606630214.8	160000	55.742885	0.0	3212828	36	160.0
1606630214.86	160000	56.689501	0.0	2509989	29	160.0
1606630214.91	160000	57.64262	0.0	2004927	23	160.0
1606630214.93	160000	58.620652	0.0	591360	6	160.0
1606630215.48	160000	59.578289	0.0	2394426	27	160.0
1606630215.81	40000	1.000999	0.024	336477	3	-3.8400000000000034
1606630216.12	160000	2.001999	0.0	14912671	145	40.0
1606630216.61	160000	2.547398	0.0	24265636	250	160.0
1606630216.97	160000	3.184645	0.0	22711544	229	160.0
1606630217.29	160000	3.864613	0.0	19639705	201	160.0
1606630217.63	160000	4.531041	0.0	20946809	216	160.0
1606630217.83	160000	5.407061	0.0	11895609	121	160.0
1606630217.96	160000	6.277249	0.0	7597636	75	160.0
1606630218.98	160000	6.334307	0.0	56067905	558	160.0
1606630219.71	160000	6.629278	0.0	45444680	482	160.0
1606630220.51	160000	6.888107	0.0	54798068	489	160.0
1606630221.65	160000	6.749223	0.0	69464107	666	160.0
1606630222.43	160000	6.977136	0.0	50637608	481	160.0
1606630222.73	160000	7.676576	0.0	19559369	186	160.0
1606630223.03	160000	8.370693	0.0	22224402	176	160.0
1606630223.35	160000	9.058956	0.0	22578365	179	160.0
1606630223.47	160000	9.935247	0.0	8346702	67	160.0
1606630223.7	160000	10.709342	0.0	15775481	125	160.0
1606630223.84	160000	11.571501	0.0	9163235	78	160.0
1606630224.44	160000	11.973422	0.0	41307095	359	160.0
1606630224.87	160000	12.545717	0.0	28763893	249	160.0
1606630225.17	160000	13.245493	0.0	21266416	177	160.0
1606630225.53	160000	13.887389	0.0	23702229	199	160.0
1606630225.94	160000	14.476708	0.0	27580394	246	160.0
1606630226.26	160000	15.157087	0.0	20329780	188	160.0
1606630226.51	160000	15.905993	0.0	16109183	150	160.0
1606630227.4	160000	16.018755	0.0	58830800	524	160.0
1606630228.32	160000	16.187658	0.0	66935122	534	160.0
1606630228.51	160000	16.994517	0.0	15251076	103	160.0
