1606629148.67	40000	1.000999	0.053	334476	31	-8.48
1606629150.12	160000	1.183329	0.254	14912671	1221	-0.6400000000000006
1606629152.04	160000	1.352444	1.067	24265636	1742	-10.719999999999999
1606629153.89	160000	1.41474	0.92	22711544	1733	12.800000000000011
1606629155.37	160000	1.302602	0.327	19639705	1366	107.68
1606629156.95	160000	1.302985	0.554	20946809	1460	71.36
1606629157.95	160000	1.357686	0.055	11895609	931	151.2
1606629158.59	160000	1.721005	0.0	7597636	581	160.0
1606629158.91	20000	2.400051	0.0	4047415	283	-120.0
1606629159.14	20000	3.172185	0.0	2863079	200	20.0
1606629159.47	20000	3.843487	0.0	4167844	292	20.0
1606629159.6	20000	4.713986	0.0	5571764	88	20.0
1606629160.88	160000	4.439867	0.0	50637608	801	20.0
1606629161.37	160000	4.948491	0.0	19559369	370	160.0
1606629161.9	160000	5.418236	0.0	22224402	400	160.0
1606629162.44	160000	5.880133	0.0	22578365	401	160.0
1606629164.82	160000	4.501138	0.0	8346702	2305	160.0
1606629164.95	20000	5.363992	0.0	1113969	112	-120.0
1606629165.06	20000	6.26299	0.0	820127	84	20.0
1606629165.74	20000	6.581072	0.0	6357933	635	20.0
1606629166.23	20000	7.091459	0.0	4814284	451	20.0
1606629167.99	160000	6.336464	0.0	21266416	1619	20.0
1606629170.04	160000	5.283899	0.0	23702229	1921	160.0
1606629171.62	160000	4.704759	0.0	27580394	1421	160.0
1606629172.39	160000	4.938483	0.0	20329780	644	160.0
1606629172.91	160000	5.414253	0.0	16109183	423	160.0
1606629174.65	160000	4.679651	0.0	58830800	1335	160.0
1606629176.29	160000	4.036677	0.0	66935122	1291	160.0
1606629176.67	160000	4.661226	0.0	15251076	285	160.0
1606629180.74	160000	1.591963	0.0	16574034	3956	160.0
1606629183.07	160000	1.43668	1.174	13009028	2262	-27.840000000000003
1606629183.27	20000	2.237986	0.0	1697111	170	-120.0
1606629183.44	20000	3.069361	0.0	1529441	147	20.0
1606629183.62	20000	3.896502	0.0	1568649	151	20.0
1606629184.54	160000	3.974114	0.0	12428518	838	20.0
1606629185.33	160000	4.18578	0.0	9963766	721	160.0
1606629185.94	160000	4.572126	0.0	12189364	541	160.0
1606629186.31	160000	5.206071	0.0	10142396	297	160.0
1606629186.67	160000	5.842849	0.0	10185488	299	160.0
1606629186.94	160000	6.571873	0.0	14061455	183	160.0
1606629187.31	160000	7.202228	0.0	20074099	244	160.0
1606629188.16	160000	7.361964	0.0	46115254	602	160.0
1606629188.96	160000	7.554695	0.0	40906522	572	160.0
1606629189.11	160000	8.40873	0.0	7891151	90	160.0
1606629189.47	160000	9.047768	0.0	21012466	244	160.0
1606629189.88	160000	9.643806	0.0	23519424	272	160.0
1606629190.21	160000	10.311033	0.0	18715420	215	160.0
1606629190.51	160000	11.010294	0.0	17000816	197	160.0
1606629190.77	160000	11.753433	0.0	14448126	166	160.0
1606629190.89	160000	12.633654	0.0	6958676	69	160.0
1606629191.04	160000	13.483086	0.0	9088791	92	160.0
1606629191.16	160000	14.364144	0.0	7211881	72	160.0
1606629191.22	160000	15.305467	0.0	3063586	31	160.0
1606629191.28	160000	16.250235	0.0	2782179	28	160.0
1606629191.44	160000	17.087662	0.0	9958410	99	160.0
1606629191.64	160000	17.893982	0.0	12158708	122	160.0
1606629191.84	160000	18.687737	0.0	12300216	123	160.0
1606629192.1	160000	19.430894	0.0	15815684	161	160.0
1606629192.32	160000	20.21337	0.0	13526256	137	160.0
1606629192.52	160000	21.0173	0.0	11995130	122	160.0
1606629192.74	160000	21.793216	0.0	13394791	136	160.0
1606629193.02	160000	22.513758	0.0	14135828	195	160.0
1606629193.33	160000	23.209669	0.0	15366126	213	160.0
1606629193.61	160000	23.924817	0.0	14248439	202	160.0
1606629193.84	160000	24.697753	0.0	13843717	150	160.0
1606629194.07	160000	25.473668	0.0	14665119	134	160.0
1606629194.4	160000	26.145752	0.0	21079187	201	160.0
1606629194.77	160000	26.769765	0.0	25480074	233	160.0
1606629195.14	160000	27.409008	0.0	23021754	218	160.0
1606629195.56	160000	27.982371	0.0	27527834	266	160.0
1606629195.99	160000	28.56049	0.0	26155848	256	160.0
1606629196.26	160000	29.290041	0.0	17849379	165	160.0
1606629196.51	160000	30.040375	0.0	16546531	153	160.0
1606629196.78	160000	30.769606	0.0	17718949	163	160.0
1606629197.04	160000	31.511946	0.0	17337137	150	160.0
1606629197.34	160000	32.216124	0.0	20008245	175	160.0
1606629198.16	160000	32.394404	0.0	58430914	501	160.0
1606629198.4	160000	33.155577	0.0	16292703	132	160.0
1606629198.75	160000	33.805766	0.0	25587422	205	160.0
1606629199.11	160000	34.447601	0.0	23982306	216	160.0
1606629199.31	160000	35.24285	0.0	13347845	121	160.0
1606629199.53	160000	36.031736	0.0	14337991	128	160.0
1606629199.74	160000	36.813082	0.0	14584990	134	160.0
1606629199.96	160000	37.604626	0.0	13962401	123	160.0
1606629200.18	160000	38.380545	0.0	14393788	126	160.0
1606629200.39	160000	39.166755	0.0	14649457	127	160.0
1606629200.59	160000	39.973396	0.0	13409715	117	160.0
1606629200.79	160000	40.768702	0.0	13909605	122	160.0
1606629200.98	160000	41.588045	0.0	13301968	98	160.0
1606629201.23	160000	42.330634	0.0	19025846	140	160.0
1606629201.49	160000	43.074483	0.0	19295426	142	160.0
1606629201.73	160000	43.832511	0.0	18261873	135	160.0
1606629202.28	160000	44.289617	0.0	19847604	416	160.0
1606629202.78	160000	44.788648	0.0	18767181	394	160.0
1606629203.11	160000	45.456671	0.0	22420858	201	160.0
1606629203.41	160000	46.166149	0.0	19324333	174	160.0
1606629203.7	160000	46.868482	0.0	20392234	182	160.0
1606629203.84	160000	47.73303	0.0	7671072	80	160.0
1606629204.11	160000	48.465299	0.0	17781906	154	160.0
1606629204.3	160000	49.271552	0.0	12839336	113	160.0
1606629204.47	160000	50.10646	0.0	10779770	91	160.0
1606629204.69	160000	50.886636	0.0	14606687	127	160.0
1606629206.12	160000	50.453968	0.0	41866951	1166	160.0
1606629207.0	160000	50.577295	0.0	37238410	625	160.0
1606629208.32	160000	50.261196	0.0	14347759	1225	160.0
1606629209.21	160000	50.37673	0.0	11399187	798	160.0
1606629209.31	20000	51.279239	0.0	975642	73	-120.0
1606629210.6	160000	50.981632	0.0	14315696	1205	20.0
1606629212.6	160000	49.990194	0.0	23283631	1857	160.0
1606629215.82	160000	47.764281	0.0	37521367	2968	160.0
1606629217.72	160000	46.86655	0.0	22241104	1768	160.0
1606629218.98	160000	46.612059	0.0	15813346	1147	160.0
1606629220.43	160000	46.154011	0.0	17116450	1335	160.0
1606629222.27	160000	45.324149	0.0	18867054	1717	160.0
1606629223.91	160000	44.678401	0.0	17393609	1528	160.0
1606629225.87	160000	43.722725	0.0	24759401	1813	160.0
1606629228.12	160000	42.472581	0.0	25782433	2082	160.0
1606629230.29	160000	41.302412	0.0	25885372	2004	160.0
1606629232.37	160000	40.226594	0.0	26242011	1930	160.0
1606629234.25	160000	39.342857	0.0	23865378	1726	160.0
1606629236.55	160000	38.047023	0.0	25470681	2153	160.0
1606629238.71	160000	36.889553	0.0	27258768	1991	160.0
1606629240.06	160000	36.542385	0.0	17853711	1238	160.0
1606629241.19	160000	36.408242	0.0	14829893	1048	160.0
1606629243.38	160000	35.219016	0.0	27779697	2027	160.0
1606629245.59	160000	34.011584	0.0	27714923	2045	160.0
1606629247.83	160000	32.774241	0.0	25946474	2078	160.0
1606629249.49	160000	32.110887	0.0	19596259	1544	160.0
1606629251.3	160000	31.300585	0.0	23774167	1674	160.0
1606629252.18	160000	31.420743	0.0	19373656	764	160.0
1606629253.21	160000	31.392468	0.0	23977420	894	160.0
1606629254.43	160000	31.1777	0.0	24493733	1076	160.0
1606629255.78	160000	30.832679	0.0	14528511	1258	160.0
1606629257.13	160000	30.480024	0.0	16841176	1247	160.0
1606629258.42	160000	30.190867	0.0	16743604	1189	160.0
1606629259.91	160000	29.701417	0.0	17975224	1380	160.0
1606629261.7	160000	28.913488	0.0	22329548	1662	160.0
1606629263.05	160000	28.566122	0.0	16001583	1247	160.0
1606629264.32	160000	28.292465	0.0	18238584	1169	160.0
1606629264.72	160000	28.893609	0.0	21308824	271	160.0
1606629265.07	160000	29.550359	0.0	17749058	239	160.0
1606629265.32	160000	30.294682	0.0	14127787	174	160.0
1606629265.64	160000	30.981522	0.0	17525699	211	160.0
1606629265.89	160000	31.729313	0.0	14240042	170	160.0
1606629266.25	160000	32.370166	0.0	20324139	242	160.0
1606629266.64	160000	32.984686	0.0	21993033	261	160.0
1606629266.98	160000	33.640347	0.0	18863108	224	160.0
1606629267.29	160000	34.33588	0.0	15964734	200	160.0
1606629267.43	160000	35.189795	0.0	8284939	91	160.0
1606629267.59	160000	36.031207	0.0	9004706	100	160.0
1606629267.73	160000	36.892807	0.0	6955279	92	160.0
1606629267.93	160000	37.702432	0.0	10701639	124	160.0
1606629268.09	160000	38.536481	0.0	9459459	104	160.0
1606629268.16	160000	39.472282	0.0	3212828	36	160.0
1606629268.22	160000	40.410029	0.0	2509989	38	160.0
1606629268.31	160000	41.324588	0.0	2004927	63	160.0
1606629268.34	160000	42.28928	0.0	591360	18	160.0
1606629268.44	160000	43.624307	0.0	2394426	75	160.0
1606629268.73	40000	1.000999	0.039	336477	10	-6.240000000000002
1606629269.38	160000	1.71098	0.0	14912671	499	40.0
1606629271.49	160000	1.403123	0.776	24265636	1924	35.84
1606629272.35	160000	1.594938	0.0	22711544	719	160.0
1606629274.06	160000	1.316388	0.381	19639705	1596	99.03999999999999
1606629275.66	160000	1.2965	0.559	20946809	1484	70.56
1606629276.12	160000	1.839303	0.0	11895609	381	160.0
1606629276.49	160000	2.465652	0.0	7597636	323	160.0
1606629281.51	160000	1.115495	2.659	56067905	4563	-265.44
1606629281.88	20000	1.742641	0.0	2863079	336	-120.0
1606629282.37	20000	2.256825	0.0	4167844	453	20.0
1606629282.83	20000	2.797737	0.0	5571764	415	20.0
1606629283.24	20000	3.389347	0.0	4925652	366	20.0
1606629283.76	160000	3.868864	0.0	19559369	399	20.0
1606629284.32	160000	4.311041	0.0	22224402	421	160.0
1606629284.77	160000	4.856674	0.0	22578365	322	160.0
1606629284.94	160000	5.683829	0.0	8346702	120	160.0
1606629285.27	160000	6.357695	0.0	15775481	225	160.0
1606629286.35	160000	6.277026	0.0	9163235	1024	160.0
1606629288.16	160000	5.466979	0.0	41307095	1585	160.0
1606629288.3	20000	6.330679	0.0	4814284	97	-120.0
1606629288.87	160000	6.759156	0.0	21266416	440	20.0
1606629289.51	160000	7.122606	0.0	23702229	494	160.0
1606629290.17	160000	7.46476	0.0	27580394	500	160.0
1606629290.66	160000	7.984842	0.0	20329780	359	160.0
1606629291.05	160000	8.587163	0.0	16109183	287	160.0
1606629293.29	160000	7.354084	0.0	58830800	1839	160.0
1606629298.97	160000	2.670213	0.0	66935122	5324	160.0
1606629299.68	160000	2.959025	0.0	15251076	619	160.0
