1606631312.77	40000	1.000999	0.016	334476	4	-2.5600000000000023
1606631313.21	160000	1.858156	0.0	14912671	223	40.0
1606631314.04	160000	2.137978	0.0	24265636	603	160.0
1606631315.62	160000	1.633021	0.0	22711544	1436	160.0
1606631316.96	160000	1.347158	0.049	19639705	1217	152.16
1606631318.06	160000	1.349119	0.051	20946809	973	151.84
1606631318.88	160000	1.531935	0.0	11895609	740	160.0
1606631319.98	160000	1.432427	0.0	7597636	1049	160.0
1606631320.58	20000	1.829999	0.0	4047415	566	-120.0
1606631320.75	20000	2.66747	0.0	2863079	135	20.0
1606631320.98	20000	3.43718	0.0	4167844	198	20.0
1606631321.29	20000	4.132566	0.0	5571764	264	20.0
1606631321.56	20000	4.864017	0.0	4925652	233	20.0
1606631322.65	160000	4.769867	0.0	19559369	966	20.0
1606631325.86	160000	2.565743	0.0	22224402	3068	160.0
1606631326.06	20000	3.357296	0.0	2211169	182	-120.0
1606631326.78	160000	3.643264	0.0	8346702	659	20.0
1606631328.39	160000	3.036097	0.0	15775481	1514	160.0
1606631329.27	160000	3.152491	0.0	9163235	825	160.0
1606631329.82	20000	3.612364	0.0	6357933	495	-120.0
1606631332.03	160000	2.392882	0.0	28763893	2048	20.0
1606631333.38	160000	2.044362	0.0	21266416	1227	160.0
1606631335.05	160000	1.379978	0.0	23702229	1519	160.0
1606631337.57	160000	1.331836	1.469	27580394	2378	-75.03999999999999
1606631341.25	160000	1.315201	2.664	20329780	3574	-266.24
1606631342.79	160000	1.480903	0.705	16109183	1456	47.2
1606631343.98	20000	1.437343	0.142	9946363	1130	-142.72
1606631345.12	20000	1.322146	0.028	11684632	1076	15.52
1606631346.57	160000	1.359724	0.486	15251076	1369	-57.760000000000005
1606631348.26	160000	1.34664	0.67	16574034	1593	52.8
1606631350.32	160000	1.267638	0.985	13009028	1990	2.4000000000000057
1606631355.21	160000	1.254203	3.871	12791674	4806	-459.36
1606631355.77	20000	1.693654	0.0	1529441	539	-120.0
1606631356.29	20000	2.174028	0.0	1568649	498	20.0
1606631356.85	20000	2.617461	0.0	1677618	528	20.0
1606631357.33	20000	3.133608	0.0	1415096	447	20.0
1606631357.81	20000	3.65717	0.0	1894067	448	20.0
1606631358.73	160000	3.737453	0.0	10142396	835	20.0
1606631359.7	160000	3.768589	0.0	10185488	897	160.0
1606631360.92	160000	3.544976	0.0	14061455	1127	160.0
1606631362.64	160000	2.832527	0.0	20074099	1588	160.0
1606631363.03	20000	3.437794	0.0	4742872	344	-120.0
1606631366.58	160000	1.386274	0.492	40906522	3246	-58.72
1606631367.27	160000	1.696624	0.0	7891151	628	160.0
1606631369.11	160000	1.380178	0.527	21012466	1731	75.68
1606631370.95	160000	1.408842	0.861	23519424	1705	22.24000000000001
1606631372.46	160000	1.270933	0.369	18715420	1384	100.96000000000001
1606631373.79	160000	1.391687	0.451	17000816	1242	87.84
1606631374.94	160000	1.344229	0.099	14448126	1069	144.16
1606631375.5	160000	1.787899	0.0	6958676	472	160.0
1606631376.24	160000	2.037403	0.0	9088791	682	160.0
1606631376.92	160000	2.360645	0.0	7211881	627	160.0
1606631377.16	160000	3.128309	0.0	3063586	204	160.0
1606631377.37	160000	3.913817	0.0	2782179	186	160.0
1606631378.06	160000	4.222638	0.0	9958410	627	160.0
1606631378.74	160000	4.544417	0.0	12158708	601	160.0
1606631379.17	160000	5.112939	0.0	12300216	355	160.0
1606631379.62	160000	5.66383	0.0	15815684	355	160.0
1606631379.99	160000	6.297903	0.0	13526256	287	160.0
1606631380.19	160000	7.101503	0.0	11995130	125	160.0
1606631380.41	160000	7.884649	0.0	13394791	140	160.0
1606631380.64	160000	8.649481	0.0	14135828	147	160.0
1606631380.89	160000	9.403476	0.0	15366126	160	160.0
1606631381.12	160000	10.174536	0.0	14248439	145	160.0
1606631381.34	160000	10.955675	0.0	13843717	135	160.0
1606631381.57	160000	11.727339	0.0	14665119	144	160.0
1606631381.9	160000	12.400121	0.0	21079187	207	160.0
1606631382.31	160000	12.992245	0.0	25480074	265	160.0
1606631382.69	160000	13.610433	0.0	23021754	239	160.0
1606631383.17	160000	14.134013	0.0	27527834	287	160.0
1606631383.61	160000	14.694779	0.0	26155848	276	160.0
1606631383.9	160000	15.400086	0.0	17849379	189	160.0
1606631384.18	160000	16.123892	0.0	16546531	174	160.0
1606631384.47	160000	16.833164	0.0	17718949	186	160.0
1606631384.76	160000	17.541509	0.0	17337137	183	160.0
1606631385.1	160000	18.204529	0.0	20008245	213	160.0
1606631386.21	160000	18.097988	0.0	58430914	632	160.0
1606631386.49	160000	18.813121	0.0	16292703	171	160.0
1606631386.9	160000	19.405958	0.0	25587422	268	160.0
1606631387.33	160000	19.975253	0.0	23982306	288	160.0
1606631387.58	160000	20.733608	0.0	13347845	164	160.0
1606631387.84	160000	21.47683	0.0	14337991	175	160.0
1606631388.1	160000	22.21575	0.0	14584990	173	160.0
1606631388.34	160000	22.969112	0.0	13962401	158	160.0
1606631388.59	160000	23.72409	0.0	14393788	165	160.0
1606631388.84	160000	24.474838	0.0	14649457	159	160.0
1606631389.07	160000	25.244515	0.0	13409715	147	160.0
1606631389.3	160000	26.015611	0.0	13909605	147	160.0
1606631389.52	160000	26.79679	0.0	13301968	140	160.0
1606631389.85	160000	27.476604	0.0	19025846	201	160.0
1606631390.17	160000	28.15333	0.0	19295426	200	160.0
1606631390.47	160000	28.853554	0.0	18261873	187	160.0
1606631390.79	160000	29.528737	0.0	19847604	203	160.0
1606631391.1	160000	30.227235	0.0	18767181	194	160.0
1606631391.48	160000	30.847581	0.0	22420858	243	160.0
1606631391.81	160000	31.515276	0.0	19324333	212	160.0
1606631392.18	160000	32.144963	0.0	20392234	250	160.0
1606631392.33	160000	32.995622	0.0	7671072	98	160.0
1606631392.67	160000	33.661251	0.0	17781906	225	160.0
1606631392.91	160000	34.417255	0.0	12839336	163	160.0
1606631393.13	160000	35.205045	0.0	10779770	136	160.0
1606631393.4	160000	35.933695	0.0	14606687	187	160.0
1606631394.2	160000	36.136497	0.0	41866951	539	160.0
1606631394.86	160000	36.469144	0.0	37238410	439	160.0
1606631395.13	160000	37.202536	0.0	14347759	167	160.0
1606631395.33	160000	38.000907	0.0	11399187	130	160.0
1606631395.52	160000	38.816643	0.0	10358641	117	160.0
1606631395.76	160000	39.5752	0.0	14315696	163	160.0
1606631396.16	160000	40.179479	0.0	23283631	264	160.0
1606631396.82	160000	40.516889	0.0	37521367	435	160.0
1606631397.43	160000	40.911193	0.0	22241104	472	160.0
1606631398.29	160000	41.051003	0.0	15813346	755	160.0
1606631400.66	160000	39.678328	0.0	17116450	2267	160.0
1606631402.39	160000	38.958764	0.0	18867054	1604	160.0
1606631402.5	20000	39.846113	0.0	1455812	87	-120.0
1606631405.36	160000	37.980879	0.0	24759401	2698	20.0
1606631409.23	160000	35.115674	0.0	25782433	3708	160.0
1606631412.57	160000	32.777265	0.0	25885372	3169	160.0
1606631413.55	160000	32.802653	0.0	26242011	831	160.0
1606631414.42	160000	32.931039	0.0	23865378	713	160.0
1606631415.26	160000	33.087607	0.0	25470681	689	160.0
1606631416.07	160000	33.279498	0.0	27258768	632	160.0
1606631416.55	160000	33.802094	0.0	17853711	375	160.0
1606631416.94	160000	34.41742	0.0	14829893	302	160.0
1606631417.65	160000	34.702611	0.0	27779697	557	160.0
1606631418.39	160000	34.96639	0.0	27714923	575	160.0
1606631419.17	160000	35.187871	0.0	25946474	626	160.0
1606631419.79	160000	35.563187	0.0	19596259	507	160.0
1606631420.52	160000	35.843591	0.0	23774167	580	160.0
1606631421.09	160000	36.274521	0.0	19373656	454	160.0
1606631421.9	160000	36.464998	0.0	23977420	671	160.0
1606631422.84	160000	36.523187	0.0	24493733	795	160.0
1606631423.41	160000	36.950867	0.0	14528511	486	160.0
1606631424.04	160000	37.326575	0.0	16841176	523	160.0
1606631424.65	160000	37.713838	0.0	16743604	512	160.0
1606631425.3	160000	38.06133	0.0	17975224	540	160.0
1606631426.09	160000	38.277984	0.0	22329548	653	160.0
1606631426.63	160000	38.741248	0.0	16001583	437	160.0
1606631427.24	160000	39.134065	0.0	18238584	491	160.0
1606631427.91	160000	39.458307	0.0	21308824	542	160.0
1606631428.46	160000	39.90712	0.0	17749058	448	160.0
1606631428.91	160000	40.459879	0.0	14127787	353	160.0
1606631429.48	160000	40.895117	0.0	17525699	455	160.0
1606631429.96	160000	41.412468	0.0	14240042	398	160.0
1606631430.62	160000	41.758283	0.0	20324139	529	160.0
1606631431.31	160000	42.070462	0.0	21993033	552	160.0
1606631431.93	160000	42.449872	0.0	18863108	507	160.0
1606631432.46	160000	42.920629	0.0	15964734	433	160.0
1606631432.73	160000	43.645482	0.0	8284939	223	160.0
1606631433.04	160000	44.342509	0.0	9004706	242	160.0
1606631433.28	160000	45.104418	0.0	6955279	187	160.0
1606631433.64	160000	45.736767	0.0	10701639	302	160.0
1606631433.98	160000	46.405109	0.0	9459459	272	160.0
1606631434.15	160000	47.232529	0.0	3212828	143	160.0
1606631434.25	160000	48.135721	0.0	2509989	71	160.0
1606631434.33	160000	49.0587	0.0	2004927	53	160.0
1606631434.36	160000	50.027377	0.0	591360	16	160.0
1606631434.45	160000	51.372217	0.0	2394426	66	160.0
1606631434.77	40000	1.000999	0.036	336477	8	-5.759999999999998
1606631435.33	160000	1.720424	0.0	14912671	405	40.0
1606631436.23	160000	1.826453	0.0	24265636	668	160.0
1606631436.99	160000	2.131335	0.0	22711544	626	160.0
1606631437.67	160000	2.483935	0.0	19639705	563	160.0
1606631438.42	160000	2.785737	0.0	20946809	620	160.0
1606631438.82	160000	3.390024	0.0	11895609	324	160.0
1606631439.08	160000	4.155708	0.0	7597636	207	160.0
1606631440.94	160000	3.318041	0.0	56067905	1384	160.0
1606631442.84	160000	2.421827	0.0	45444680	1647	160.0
1606631446.35	160000	1.289046	1.375	54798068	3241	-60.0
1606631446.55	20000	2.090471	0.0	5571764	150	-120.0
1606631448.16	160000	1.479598	0.0	50637608	1330	20.0
1606631448.78	160000	1.864233	0.0	19559369	492	160.0
1606631449.48	160000	2.164424	0.0	22224402	565	160.0
1606631450.39	160000	2.259474	0.0	22578365	765	160.0
1606631450.97	160000	2.679506	0.0	8346702	524	160.0
1606631451.9	160000	2.747695	0.0	15775481	828	160.0
1606631452.38	160000	3.263541	0.0	9163235	425	160.0
1606631458.91	160000	1.350037	3.616	41307095	6324	-418.55999999999995
1606631460.22	160000	1.288959	0.242	28763893	1152	121.28
1606631460.98	160000	1.529487	0.0	21266416	630	160.0
1606631461.85	160000	1.653753	0.0	23702229	734	160.0
1606631462.86	160000	1.653503	0.0	27580394	842	160.0
1606631463.55	160000	1.962962	0.0	20329780	556	160.0
1606631464.08	160000	2.429018	0.0	16109183	437	160.0
1606631466.02	160000	1.493722	0.0	58830800	1514	160.0
1606631468.07	160000	1.287419	0.844	66935122	1721	24.960000000000008
