1606625297.99	40000	1.000999	0.043	334476	29	-6.880000000000003
1606625303.2	160000	1.156955	4.016	14912671	5002	-602.56
1606625307.9	160000	1.356119	3.869	24265636	4508	-459.03999999999996
1606625309.69	160000	1.407056	0.9	22711544	1670	16.0
1606625311.22	160000	1.300351	0.395	19639705	1423	96.8
1606625312.85	160000	1.29728	0.6	20946809	1519	64.0
1606625313.6	160000	1.547299	0.0	11895609	672	160.0
1606625314.01	160000	2.132454	0.0	7597636	364	160.0
1606625314.23	20000	2.914007	0.0	4047415	181	-120.0
1606625314.39	20000	3.760896	0.0	2863079	127	20.0
1606625314.61	20000	4.542808	0.0	4167844	186	20.0
1606625314.87	20000	5.274622	0.0	5571764	228	20.0
1606625315.1	20000	6.050578	0.0	4925652	185	20.0
1606625315.96	160000	6.193262	0.0	19559369	736	20.0
1606625316.92	160000	6.230434	0.0	22224402	836	160.0
1606625317.81	160000	6.339595	0.0	22578365	747	160.0
1606625318.1	160000	7.058862	0.0	8346702	225	160.0
1606625318.62	160000	7.534782	0.0	15775481	422	160.0
1606625318.9	160000	8.252452	0.0	9163235	222	160.0
1606625320.1	160000	8.055521	0.0	41307095	872	160.0
1606625320.84	160000	8.315326	0.0	28763893	579	160.0
1606625321.34	160000	8.821228	0.0	21266416	353	160.0
1606625321.87	160000	9.287118	0.0	23702229	388	160.0
1606625322.5	160000	9.658737	0.0	27580394	466	160.0
1606625322.98	160000	10.180953	0.0	20329780	350	160.0
1606625323.34	160000	10.823201	0.0	16109183	262	160.0
1606625324.73	160000	10.438941	0.0	58830800	915	160.0
1606625328.86	160000	7.309476	0.0	66935122	3767	160.0
1606625329.31	160000	7.860239	0.0	15251076	359	160.0
1606625329.8	160000	8.367261	0.0	16574034	390	160.0
1606625330.04	160000	9.130288	0.0	13009028	160	160.0
1606625330.26	160000	9.911265	0.0	12791674	143	160.0
1606625330.46	160000	10.710686	0.0	11137898	120	160.0
1606625330.66	160000	11.51164	0.0	11485310	128	160.0
1606625330.87	160000	12.297549	0.0	12428518	139	160.0
1606625331.03	160000	13.142555	0.0	9963766	91	160.0
1606625331.21	160000	13.959376	0.0	12189364	112	160.0
1606625331.38	160000	14.798809	0.0	10142396	96	160.0
1606625331.54	160000	15.637079	0.0	10185488	93	160.0
1606625331.75	160000	16.426213	0.0	14061455	128	160.0
1606625332.06	160000	17.121384	0.0	20074099	183	160.0
1606625332.71	160000	17.46753	0.0	46115254	409	160.0
1606625333.33	160000	17.854174	0.0	40906522	382	160.0
1606625333.46	160000	18.72514	0.0	7891151	77	160.0
1606625333.79	160000	19.394752	0.0	21012466	204	160.0
1606625334.16	160000	20.02377	0.0	23519424	225	160.0
1606625334.45	160000	20.731096	0.0	18715420	179	160.0
1606625334.73	160000	21.459827	0.0	17000816	162	160.0
1606625334.96	160000	22.229551	0.0	14448126	138	160.0
1606625335.07	160000	23.113465	0.0	6958676	59	160.0
1606625335.22	160000	23.972639	0.0	9088791	76	160.0
1606625335.33	160000	24.857998	0.0	7211881	60	160.0
1606625335.39	160000	25.801495	0.0	3063586	26	160.0
1606625335.44	160000	26.750118	0.0	2782179	24	160.0
1606625335.59	160000	27.600808	0.0	9958410	81	160.0
1606625335.77	160000	28.422049	0.0	12158708	102	160.0
1606625335.95	160000	29.243888	0.0	12300216	103	160.0
1606625336.18	160000	30.012568	0.0	15815684	136	160.0
1606625336.38	160000	30.817958	0.0	13526256	115	160.0
1606625336.55	160000	31.642042	0.0	11995130	102	160.0
1606625336.75	160000	32.448007	0.0	13394791	114	160.0
1606625336.95	160000	33.244638	0.0	14135828	119	160.0
1606625337.37	160000	33.83033	0.0	15366126	327	160.0
1606625337.76	160000	34.44504	0.0	14248439	302	160.0
1606625339.35	160000	33.848597	0.0	13843717	1510	160.0
1606625340.51	160000	33.690105	0.0	14665119	1068	160.0
1606625340.72	20000	34.484274	0.0	2222640	177	-120.0
1606625343.01	160000	33.191344	0.0	25480074	2140	20.0
1606625343.19	20000	34.013623	0.0	2178351	152	-120.0
1606625343.44	20000	34.76609	0.0	3121089	216	20.0
1606625345.63	160000	33.582723	0.0	26155848	2021	20.0
1606625347.12	160000	33.092914	0.0	17849379	1386	160.0
1606625348.51	160000	32.69994	0.0	16546531	1290	160.0
1606625349.88	160000	32.335886	0.0	17718949	1248	160.0
1606625351.32	160000	31.894781	0.0	17337137	1333	160.0
1606625352.9	160000	31.316668	0.0	20008245	1466	160.0
1606625357.58	160000	27.636921	0.0	58430914	4364	160.0
1606625358.85	160000	27.362006	0.0	16292703	1169	160.0
1606625360.73	160000	26.489556	0.0	25587422	1736	160.0
1606625362.8	160000	25.413914	0.0	23982306	1925	160.0
1606625363.87	160000	25.344586	0.0	13347845	988	160.0
1606625365.07	160000	25.146922	0.0	14337991	1112	160.0
1606625366.38	160000	24.838346	0.0	14584990	1222	160.0
1606625367.47	160000	24.755496	0.0	13962401	1002	160.0
1606625368.62	160000	24.600807	0.0	14393788	1065	160.0
1606625369.82	160000	24.40522	0.0	14649457	1110	160.0
1606625370.9	160000	24.326636	0.0	13409715	999	160.0
1606625372.05	160000	24.176018	0.0	13909605	1065	160.0
1606625373.03	160000	24.194654	0.0	13301968	901	160.0
1606625374.71	160000	23.513837	0.0	19025846	1560	160.0
1606625376.41	160000	22.813672	0.0	19295426	1593	160.0
1606625377.82	160000	22.406469	0.0	18261873	1297	160.0
1606625379.67	160000	21.55645	0.0	19847604	1731	160.0
1606625381.28	160000	20.947754	0.0	18767181	1499	160.0
1606625383.2	160000	20.032641	0.0	22420858	1783	160.0
1606625384.96	160000	19.274092	0.0	19324333	1636	160.0
1606625386.15	160000	19.080111	0.0	20392234	1067	160.0
1606625386.48	160000	19.753622	0.0	7671072	272	160.0
1606625387.2	160000	20.034606	0.0	17781906	617	160.0
1606625387.62	160000	20.619637	0.0	12839336	335	160.0
1606625387.97	160000	21.271216	0.0	10779770	282	160.0
1606625388.39	160000	21.846866	0.0	14606687	342	160.0
1606625389.45	160000	21.78622	0.0	41866951	816	160.0
1606625390.29	160000	21.950588	0.0	37238410	614	160.0
1606625390.65	160000	22.592497	0.0	14347759	271	160.0
1606625390.94	160000	23.307821	0.0	11399187	216	160.0
1606625391.2	160000	24.043977	0.0	10358641	197	160.0
1606625391.48	160000	24.760178	0.0	14315696	200	160.0
1606625391.94	160000	25.309125	0.0	23283631	320	160.0
1606625392.65	160000	25.597959	0.0	37521367	487	160.0
1606625393.04	160000	26.209733	0.0	22241104	268	160.0
1606625393.33	160000	26.915258	0.0	15813346	190	160.0
1606625393.62	160000	27.633949	0.0	17116450	177	160.0
1606625393.93	160000	28.323927	0.0	18867054	194	160.0
1606625394.22	160000	29.034038	0.0	17393609	181	160.0
1606625394.59	160000	29.66315	0.0	24759401	228	160.0
1606625394.97	160000	30.285449	0.0	25782433	236	160.0
1606625395.37	160000	30.882424	0.0	25885372	238	160.0
1606625395.72	160000	31.538907	0.0	26242011	192	160.0
1606625396.04	160000	32.214852	0.0	23865378	175	160.0
1606625396.38	160000	32.877814	0.0	25470681	187	160.0
1606625396.73	160000	33.525709	0.0	27258768	183	160.0
1606625396.97	160000	34.295838	0.0	17853711	120	160.0
1606625397.15	160000	35.107163	0.0	14829893	100	160.0
1606625397.54	160000	35.72592	0.0	27779697	214	160.0
1606625397.93	160000	36.330098	0.0	27714923	246	160.0
1606625398.32	160000	36.942503	0.0	25946474	229	160.0
1606625398.55	160000	37.710707	0.0	19596259	116	160.0
1606625398.84	160000	38.428369	0.0	23774167	141	160.0
1606625399.07	160000	39.201118	0.0	19373656	115	160.0
1606625399.35	160000	39.921477	0.0	23977420	142	160.0
1606625399.66	160000	40.608544	0.0	24493733	171	160.0
1606625399.87	160000	41.404687	0.0	14528511	116	160.0
1606625400.1	160000	42.176062	0.0	16841176	116	160.0
1606625400.32	160000	42.953692	0.0	16743604	117	160.0
1606625400.58	160000	43.693492	0.0	17975224	155	160.0
1606625400.9	160000	44.369496	0.0	22329548	193	160.0
1606625401.14	160000	45.132531	0.0	16001583	138	160.0
1606625401.41	160000	45.865413	0.0	18238584	156	160.0
1606625401.73	160000	46.550357	0.0	21308824	179	160.0
1606625401.98	160000	47.29354	0.0	17749058	149	160.0
1606625402.19	160000	48.089083	0.0	14127787	119	160.0
1606625402.45	160000	48.833407	0.0	17525699	150	160.0
1606625402.66	160000	49.622381	0.0	14240042	128	160.0
1606625402.97	160000	50.317256	0.0	20324139	181	160.0
1606625403.29	160000	50.988491	0.0	21993033	196	160.0
1606625403.66	160000	51.628019	0.0	18863108	239	160.0
1606625403.96	160000	52.325982	0.0	15964734	202	160.0
1606625404.12	160000	53.165676	0.0	8284939	105	160.0
1606625404.3	160000	53.984643	0.0	9004706	112	160.0
1606625404.51	160000	54.778579	0.0	6955279	156	160.0
1606625404.82	160000	55.471677	0.0	10701639	241	160.0
1606625405.1	160000	56.194698	0.0	9459459	214	160.0
1606625405.2	160000	57.095551	0.0	3212828	72	160.0
1606625405.28	160000	58.016504	0.0	2509989	56	160.0
1606625405.36	160000	58.936373	0.0	2004927	58	160.0
1606625405.4	160000	59.897071	0.0	591360	22	160.0
1606625407.02	160000	59.733498	0.0	2394426	88	160.0
1606625407.38	40000	1.000999	0.035	336477	10	-5.600000000000001
1606625408.01	160000	1.642953	0.0	14912671	491	40.0
1606625408.86	160000	1.791266	0.0	24265636	642	160.0
1606625409.9	160000	1.862793	0.0	22711544	891	160.0
1606625413.76	160000	1.312215	2.254	19639705	3742	-200.64
1606625415.98	160000	1.315908	1.197	20946809	2103	-31.52000000000001
1606625416.6	160000	1.695606	0.0	11895609	543	160.0
1606625416.85	160000	2.444814	0.0	7597636	199	160.0
1606625418.74	160000	1.550873	0.0	56067905	1451	160.0
1606625420.62	160000	1.251304	0.578	45444680	1670	67.52
1606625421.05	20000	1.826185	0.0	4167844	381	-120.0
1606625421.58	20000	2.295677	0.0	5571764	475	20.0
1606625421.98	20000	2.892071	0.0	4925652	362	20.0
1606625422.16	20000	3.721294	0.0	2030157	149	20.0
1606625422.35	20000	4.530233	0.0	2240782	165	20.0
1606625423.85	160000	4.026256	0.0	22578365	1374	20.0
1606625424.13	160000	4.753599	0.0	8346702	218	160.0
1606625424.62	160000	5.260338	0.0	15775481	390	160.0
1606625424.88	160000	6.003718	0.0	9163235	200	160.0
1606625425.96	160000	5.924725	0.0	41307095	864	160.0
1606625426.68	160000	6.200221	0.0	28763893	558	160.0
1606625427.21	160000	6.681334	0.0	21266416	399	160.0
1606625427.84	160000	7.041614	0.0	23702229	495	160.0
1606625428.66	160000	7.233025	0.0	27580394	653	160.0
1606625429.31	160000	7.575761	0.0	20329780	529	160.0
1606625429.79	160000	8.09656	0.0	16109183	380	160.0
1606625431.48	160000	7.407784	0.0	58830800	1268	160.0
1606625433.05	160000	6.846404	0.0	66935122	1194	160.0
1606625433.4	160000	7.489275	0.0	15251076	259	160.0
