1606624334.56	40000	1.000999	0.127	334476	114	-20.32
1606624340.34	80000	1.279417	4.706	14912671	5584	-712.96
1606624342.66	160000	1.348561	1.356	24265636	2125	-136.96
1606624345.49	160000	1.423852	1.885	22711544	2705	-141.60000000000002
1606624347.04	160000	1.298255	0.389	19639705	1425	97.75999999999999
1606624348.16	160000	1.258223	0.053	20946809	975	151.52
1606624348.62	160000	1.802839	0.0	11895609	374	160.0
1606624348.89	160000	2.524843	0.0	7597636	221	160.0
1606624350.64	160000	1.78	0.0	56067905	1291	160.0
1606624355.0	160000	1.352293	2.932	45444680	4134	-309.12
1606624355.19	20000	2.174645	0.0	4167844	136	-120.0
1606624355.46	20000	2.901089	0.0	5571764	219	20.0
1606624355.76	20000	3.606889	0.0	4925652	235	20.0
1606624356.98	160000	3.373965	0.0	19559369	1104	20.0
1606624360.78	160000	1.289475	0.714	22224402	3673	45.760000000000005
1606624360.99	20000	2.079311	0.0	2211169	182	-120.0
1606624361.83	160000	2.239341	0.0	8346702	766	20.0
1606624363.23	160000	1.841828	0.0	15775481	1290	160.0
1606624364.03	160000	2.043311	0.0	9163235	724	160.0
1606624367.62	160000	1.257674	1.799	41307095	3366	-127.83999999999997
1606624370.27	160000	1.308939	1.697	28763893	2500	-111.51999999999998
1606624371.91	160000	1.257694	0.596	21266416	1532	64.64
1606624374.0	160000	1.353584	1.175	23702229	1962	-28.0
1606624376.4	160000	1.23805	1.293	27580394	2261	-46.879999999999995
1606624378.14	160000	1.291902	0.795	20329780	1639	32.8
1606624379.37	160000	1.368654	0.303	16109183	1140	111.52000000000001
1606624380.26	20000	1.486088	0.0	9946363	818	-120.0
1606624381.17	20000	1.572679	0.0	11684632	839	20.0
1606624382.55	160000	1.42404	0.227	15251076	1291	-16.319999999999993
1606624383.79	160000	1.403172	0.22	16574034	1158	124.8
1606624384.88	160000	1.373493	0.063	13009028	1021	149.92
1606624386.1	160000	1.436433	0.282	12791674	1157	114.88
1606624387.11	160000	1.457063	0.025	11137898	939	156.0
1606624388.06	160000	1.504402	0.0	11485310	884	160.0
1606624389.04	160000	1.524324	0.0	12428518	908	160.0
1606624389.81	160000	1.754233	0.0	9963766	705	160.0
1606624390.77	160000	1.797206	0.0	12189364	883	160.0
1606624391.54	160000	2.027877	0.0	10142396	702	160.0
1606624392.33	160000	2.244867	0.0	10185488	721	160.0
1606624393.7	160000	1.873419	0.0	14061455	1290	160.0
1606624395.42	160000	1.25627	0.101	20074099	1605	143.84
1606624395.82	20000	1.859018	0.0	4742872	357	-120.0
1606624396.21	20000	2.465577	0.0	4955535	357	20.0
1606624396.82	160000	2.855904	0.0	7891151	550	20.0
1606624398.43	160000	2.244913	0.0	21012466	1480	160.0
1606624400.59	160000	1.335115	0.25	23519424	2043	120.0
1606624401.99	160000	1.363906	0.426	18715420	1293	91.84
1606624403.29	160000	1.291629	0.225	17000816	1207	124.0
1606624404.35	160000	1.26556	0.033	14448126	978	154.72
1606624404.89	160000	1.729133	0.0	6958676	490	160.0
1606624405.61	160000	2.008514	0.0	9088791	659	160.0
1606624406.15	160000	2.46703	0.0	7211881	493	160.0
1606624406.39	160000	3.231139	0.0	3063586	210	160.0
1606624406.61	160000	4.0169	0.0	2782179	190	160.0
1606624407.34	160000	4.284957	0.0	9958410	669	160.0
1606624408.36	160000	4.263467	0.0	12158708	943	160.0
1606624409.6	160000	4.028482	0.0	12300216	1157	160.0
1606624411.24	160000	3.388383	0.0	15815684	1542	160.0
1606624412.47	160000	3.154846	0.0	13526256	1157	160.0
1606624413.49	160000	3.141022	0.0	11995130	943	160.0
1606624414.74	160000	2.888637	0.0	13394791	1175	160.0
1606624415.78	160000	2.853579	0.0	14135828	952	160.0
1606624416.91	160000	2.726024	0.0	15366126	1037	160.0
1606624418.0	160000	2.629765	0.0	14248439	1011	160.0
1606624419.13	160000	2.505762	0.0	13843717	1041	160.0
1606624420.36	160000	2.272288	0.0	14665119	1148	160.0
1606624422.18	160000	1.459461	0.0	21079187	1675	160.0
1606624424.27	160000	1.319525	0.948	25480074	1956	8.319999999999993
1606624426.29	160000	1.269007	0.97	23021754	1897	4.800000000000011
1606624428.68	160000	1.489532	1.613	27527834	2266	-98.07999999999998
1606624430.88	160000	1.354573	1.06	26155848	2063	-9.599999999999994
1606624432.62	160000	1.415605	0.804	17849379	1656	31.360000000000014
1606624434.16	160000	1.470822	0.597	16546531	1450	64.48
1606624435.67	160000	1.319424	0.352	17718949	1417	103.68
1606624437.35	160000	1.421829	0.784	17337137	1596	34.56
1606624439.95	160000	1.456516	1.634	20008245	2496	-101.44
1606624442.32	160000	1.180794	1.095	58430914	2038	-15.199999999999989
1606624442.73	160000	1.778413	0.0	16292703	291	160.0
1606624443.24	160000	2.264333	0.0	25587422	372	160.0
1606624443.7	160000	2.804849	0.0	23982306	328	160.0
1606624444.01	160000	3.503785	0.0	13347845	219	160.0
1606624444.44	160000	4.071106	0.0	14337991	347	160.0
1606624444.88	160000	4.636722	0.0	14584990	352	160.0
1606624445.19	160000	5.317457	0.0	13962401	237	160.0
1606624445.52	160000	5.992599	0.0	14393788	243	160.0
1606624445.86	160000	6.651631	0.0	14649457	247	160.0
1606624446.18	160000	7.339032	0.0	13409715	234	160.0
1606624446.5	160000	8.012827	0.0	13909605	244	160.0
1606624446.81	160000	8.705163	0.0	13301968	230	160.0
1606624447.29	160000	9.226675	0.0	19025846	358	160.0
1606624447.77	160000	9.747699	0.0	19295426	368	160.0
1606624448.42	160000	10.10297	0.0	18261873	540	160.0
1606624450.05	160000	9.46892	0.0	19847604	1509	160.0
1606624453.65	160000	6.875344	0.0	18767181	3476	160.0
1606624454.53	160000	6.990774	0.0	22420858	761	160.0
1606624455.09	160000	7.437954	0.0	19324333	439	160.0
1606624455.49	160000	8.039246	0.0	20392234	281	160.0
1606624455.63	160000	8.891307	0.0	7671072	95	160.0
1606624455.96	160000	9.566887	0.0	17781906	223	160.0
1606624456.19	160000	10.339904	0.0	12839336	144	160.0
1606624456.38	160000	11.150464	0.0	10779770	120	160.0
1606624456.63	160000	11.902117	0.0	14606687	164	160.0
1606624457.35	160000	12.185183	0.0	41866951	474	160.0
1606624458.01	160000	12.525446	0.0	37238410	428	160.0
1606624458.31	160000	13.224564	0.0	14347759	217	160.0
1606624458.56	160000	13.972875	0.0	11399187	177	160.0
1606624458.78	160000	14.751105	0.0	10358641	153	160.0
1606624459.07	160000	15.4632	0.0	14315696	203	160.0
1606624459.5	160000	16.04012	0.0	23283631	291	160.0
1606624460.21	160000	16.330171	0.0	37521367	480	160.0
1606624460.66	160000	16.87837	0.0	22241104	321	160.0
1606624461.0	160000	17.540196	0.0	15813346	228	160.0
1606624461.33	160000	18.213895	0.0	17116450	219	160.0
1606624461.68	160000	18.865019	0.0	18867054	242	160.0
1606624462.01	160000	19.535958	0.0	17393609	223	160.0
1606624462.54	160000	20.004065	0.0	24759401	393	160.0
1606624463.09	160000	20.452426	0.0	25782433	409	160.0
1606624463.62	160000	20.931588	0.0	25885372	366	160.0
1606624464.14	160000	21.409954	0.0	26242011	362	160.0
1606624464.53	160000	22.013034	0.0	23865378	250	160.0
1606624464.94	160000	22.605043	0.0	25470681	268	160.0
1606624465.4	160000	23.146754	0.0	27258768	292	160.0
1606624465.7	160000	23.853226	0.0	17853711	193	160.0
1606624465.95	160000	24.600929	0.0	14829893	160	160.0
1606624466.41	160000	25.144826	0.0	27779697	298	160.0
1606624466.86	160000	25.689558	0.0	27714923	297	160.0
1606624467.27	160000	26.2841	0.0	25946474	259	160.0
1606624467.57	160000	26.986151	0.0	19596259	185	160.0
1606624467.93	160000	27.6306	0.0	23774167	225	160.0
1606624468.25	160000	28.312376	0.0	19373656	205	160.0
1606624468.62	160000	28.935545	0.0	23977420	244	160.0
1606624469.02	160000	29.536442	0.0	24493733	252	160.0
1606624469.24	160000	30.325063	0.0	14528511	121	160.0
1606624469.48	160000	31.077932	0.0	16841176	142	160.0
1606624469.73	160000	31.833801	0.0	16743604	140	160.0
1606624470.0	160000	32.565699	0.0	17975224	158	160.0
1606624470.33	160000	33.234299	0.0	22329548	191	160.0
1606624470.57	160000	33.99341	0.0	16001583	137	160.0
1606624470.84	160000	34.726618	0.0	18238584	155	160.0
1606624471.17	160000	35.397618	0.0	21308824	194	160.0
1606624471.49	160000	36.082043	0.0	17749058	213	160.0
1606624471.74	160000	36.830067	0.0	14127787	170	160.0
1606624472.05	160000	37.515615	0.0	17525699	210	160.0
1606624472.33	160000	38.243346	0.0	14240042	190	160.0
1606624472.72	160000	38.847758	0.0	20324139	274	160.0
1606624473.15	160000	39.424741	0.0	21993033	299	160.0
1606624473.67	160000	39.907645	0.0	18863108	401	160.0
1606624474.11	160000	40.466621	0.0	15964734	340	160.0
1606624475.9	160000	39.680773	0.0	8284939	1728	160.0
1606624476.67	160000	39.907024	0.0	9004706	714	160.0
1606624477.12	160000	40.455615	0.0	6955279	405	160.0
1606624477.35	160000	41.224471	0.0	10701639	166	160.0
1606624477.56	160000	42.019483	0.0	9459459	147	160.0
1606624477.65	160000	42.932725	0.0	3212828	50	160.0
1606624477.71	160000	43.870316	0.0	2509989	37	160.0
1606624477.77	160000	44.817287	0.0	2004927	31	160.0
1606624477.79	160000	45.793252	0.0	591360	9	160.0
1606624477.86	160000	47.159831	0.0	2394426	44	160.0
1606624478.18	40000	1.000999	0.039	336477	3	-6.240000000000002
1606624478.46	160000	1.993267	0.0	14912671	124	40.0
1606624478.87	160000	2.585715	0.0	24265636	197	160.0
1606624479.2	160000	3.251815	0.0	22711544	186	160.0
1606624479.44	160000	4.012698	0.0	19639705	118	160.0
1606624479.7	160000	4.755576	0.0	20946809	126	160.0
1606624479.84	160000	5.61328	0.0	11895609	72	160.0
1606624479.94	160000	6.532376	0.0	7597636	46	160.0
1606624480.81	160000	6.813867	0.0	56067905	416	160.0
1606624481.41	160000	7.255351	0.0	45444680	345	160.0
1606624482.05	160000	7.639256	0.0	54798068	355	160.0
1606624483.5	160000	7.252906	0.0	69464107	1001	160.0
1606624487.58	160000	4.162515	0.0	50637608	3793	160.0
1606624487.84	160000	4.907994	0.0	19559369	123	160.0
1606624488.1	160000	5.643359	0.0	22224402	138	160.0
1606624488.35	160000	6.402902	0.0	22578365	113	160.0
1606624488.45	160000	7.29953	0.0	8346702	38	160.0
1606624488.63	160000	8.124944	0.0	15775481	79	160.0
1606624488.73	160000	9.018885	0.0	9163235	46	160.0
1606624489.16	160000	9.595197	0.0	41307095	208	160.0
1606624489.5	160000	10.25108	0.0	28763893	159	160.0
1606624489.75	160000	11.006102	0.0	21266416	118	160.0
1606624490.04	160000	11.715906	0.0	23702229	128	160.0
1606624490.46	160000	12.368789	0.0	27580394	250	160.0
1606624490.85	160000	13.006215	0.0	20329780	250	160.0
1606624491.17	160000	13.705135	0.0	16109183	202	160.0
1606624492.41	160000	13.455941	0.0	58830800	919	160.0
