1606629389.13	40000	1.000999	0.041	334476	29	-6.560000000000002
1606629390.47	160000	1.219202	0.193	14912671	1131	9.120000000000005
1606629392.41	160000	1.338474	1.022	24265636	1750	-3.5200000000000102
1606629394.35	160000	1.429599	1.007	22711544	1821	-1.1200000000000045
1606629396.12	160000	1.311638	0.619	19639705	1659	60.959999999999994
1606629397.97	160000	1.308225	0.825	20946809	1742	28.0
1606629399.01	160000	1.384247	0.12	11895609	975	140.8
1606629399.62	160000	1.77408	0.0	7597636	556	160.0
1606629399.96	20000	2.441221	0.0	4047415	296	-120.0
1606629400.19	20000	3.20629	0.0	2863079	207	20.0
1606629400.53	20000	3.870416	0.0	4167844	302	20.0
1606629400.97	20000	4.427409	0.0	5571764	403	20.0
1606629401.37	20000	5.036493	0.0	4925652	357	20.0
1606629402.72	160000	4.683286	0.0	19559369	1229	20.0
1606629403.97	160000	4.444762	0.0	22224402	1108	160.0
1606629404.91	160000	4.499415	0.0	22578365	810	160.0
1606629407.3	160000	3.104198	0.0	8346702	2334	160.0
1606629408.69	160000	2.720246	0.0	15775481	1292	160.0
1606629409.37	160000	3.043173	0.0	9163235	621	160.0
1606629411.13	160000	2.276498	0.0	41307095	1454	160.0
1606629411.83	160000	2.576483	0.0	28763893	529	160.0
1606629412.36	160000	3.05316	0.0	21266416	386	160.0
1606629412.93	160000	3.485494	0.0	23702229	425	160.0
1606629413.65	160000	3.763749	0.0	27580394	566	160.0
1606629414.18	160000	4.240772	0.0	20329780	398	160.0
1606629414.54	160000	4.883896	0.0	16109183	251	160.0
1606629420.02	160000	1.034165	0.645	58830800	5067	56.8
1606629425.17	160000	1.41379	4.524	66935122	4831	-563.84
1606629426.4	160000	1.430388	0.251	15251076	1152	119.84
1606629427.63	160000	1.439809	0.236	16574034	1144	122.24000000000001
1606629428.62	160000	1.459005	0.0	13009028	903	160.0
1606629429.71	160000	1.42775	0.07	12791674	1019	148.8
1606629430.61	160000	1.53194	0.0	11137898	827	160.0
1606629431.47	160000	1.669008	0.0	11485310	794	160.0
1606629432.53	160000	1.614455	0.0	12428518	977	160.0
1606629433.48	160000	1.662363	0.0	9963766	887	160.0
1606629434.31	160000	1.834769	0.0	12189364	757	160.0
1606629434.65	160000	2.491333	0.0	10142396	279	160.0
1606629435.0	160000	3.14858	0.0	10185488	280	160.0
1606629435.33	160000	3.82233	0.0	14061455	243	160.0
1606629435.71	160000	4.436009	0.0	20074099	271	160.0
1606629436.58	160000	4.572916	0.0	46115254	615	160.0
1606629437.35	160000	4.804209	0.0	40906522	519	160.0
1606629437.54	160000	5.615228	0.0	7891151	135	160.0
1606629438.02	160000	6.134315	0.0	21012466	361	160.0
1606629438.97	160000	6.181658	0.0	23519424	818	160.0
1606629439.83	160000	6.321226	0.0	18715420	744	160.0
1606629440.61	160000	6.549766	0.0	17000816	665	160.0
1606629441.24	160000	6.917499	0.0	14448126	544	160.0
1606629441.69	160000	7.470142	0.0	6958676	391	160.0
1606629442.4	160000	7.760079	0.0	9088791	650	160.0
1606629443.0	160000	8.164004	0.0	7211881	547	160.0
1606629443.25	160000	8.906512	0.0	3063586	228	160.0
1606629443.48	160000	9.67864	0.0	2782179	201	160.0
1606629444.29	160000	9.87093	0.0	9958410	745	160.0
1606629445.59	160000	9.57507	0.0	12158708	1223	160.0
1606629446.39	160000	9.777807	0.0	12300216	720	160.0
1606629446.82	160000	10.344883	0.0	15815684	336	160.0
1606629447.19	160000	10.978197	0.0	13526256	288	160.0
1606629447.36	160000	11.810633	0.0	11995130	100	160.0
1606629447.55	160000	12.623618	0.0	13394791	111	160.0
1606629447.75	160000	13.423162	0.0	14135828	117	160.0
1606629447.96	160000	14.207845	0.0	15366126	127	160.0
1606629448.16	160000	15.00901	0.0	14248439	118	160.0
1606629448.38	160000	15.796538	0.0	13843717	131	160.0
1606629448.61	160000	16.5613	0.0	14665119	144	160.0
1606629448.94	160000	17.235456	0.0	21079187	207	160.0
1606629449.35	160000	17.827427	0.0	25480074	246	160.0
1606629449.7	160000	18.479769	0.0	23021754	216	160.0
1606629450.1	160000	19.073357	0.0	27527834	258	160.0
1606629450.5	160000	19.676023	0.0	26155848	235	160.0
1606629450.77	160000	20.41429	0.0	17849379	156	160.0
1606629451.01	160000	21.172503	0.0	16546531	145	160.0
1606629451.28	160000	21.901658	0.0	17718949	153	160.0
1606629451.54	160000	22.639275	0.0	17337137	156	160.0
1606629451.84	160000	23.34116	0.0	20008245	179	160.0
1606629452.72	160000	23.468194	0.0	58430914	548	160.0
1606629452.99	160000	24.199085	0.0	16292703	170	160.0
1606629453.44	160000	24.747427	0.0	25587422	307	160.0
1606629453.99	160000	25.202841	0.0	23982306	410	160.0
1606629454.3	160000	25.895008	0.0	13347845	226	160.0
1606629454.55	160000	26.644052	0.0	14337991	169	160.0
1606629454.78	160000	27.408562	0.0	14584990	151	160.0
1606629455.01	160000	28.185414	0.0	13962401	145	160.0
1606629455.24	160000	28.956322	0.0	14393788	149	160.0
1606629455.45	160000	29.741196	0.0	14649457	127	160.0
1606629455.65	160000	30.543215	0.0	13409715	115	160.0
1606629455.85	160000	31.34334	0.0	13909605	121	160.0
1606629456.05	160000	32.148133	0.0	13301968	116	160.0
1606629456.34	160000	32.860823	0.0	19025846	165	160.0
1606629456.63	160000	33.57154	0.0	19295426	174	160.0
1606629456.92	160000	34.284853	0.0	18261873	169	160.0
1606629457.22	160000	34.979523	0.0	19847604	179	160.0
1606629457.5	160000	35.708335	0.0	18767181	151	160.0
1606629457.81	160000	36.394911	0.0	22420858	178	160.0
1606629458.09	160000	37.114946	0.0	19324333	160	160.0
1606629458.37	160000	37.836615	0.0	20392234	162	160.0
1606629458.48	160000	38.723545	0.0	7671072	62	160.0
1606629458.74	160000	39.470798	0.0	17781906	144	160.0
1606629458.92	160000	40.289788	0.0	12839336	104	160.0
1606629459.07	160000	41.136915	0.0	10779770	87	160.0
1606629459.28	160000	41.934595	0.0	14606687	117	160.0
1606629459.89	160000	42.32413	0.0	41866951	355	160.0
1606629460.42	160000	42.793985	0.0	37238410	302	160.0
1606629460.64	160000	43.578224	0.0	14347759	131	160.0
1606629460.8	160000	44.416712	0.0	11399187	92	160.0
1606629460.96	160000	45.257026	0.0	10358641	81	160.0
1606629461.16	160000	46.056553	0.0	14315696	115	160.0
1606629461.49	160000	46.727117	0.0	23283631	194	160.0
1606629462.03	160000	47.186332	0.0	37521367	323	160.0
1606629462.36	160000	47.86367	0.0	22241104	191	160.0
1606629462.6	160000	48.621996	0.0	15813346	138	160.0
1606629462.86	160000	49.365037	0.0	17116450	149	160.0
1606629463.13	160000	50.087495	0.0	18867054	165	160.0
1606629463.4	160000	50.82109	0.0	17393609	165	160.0
1606629464.42	160000	50.805467	0.0	24759401	872	160.0
1606629467.26	160000	48.960901	0.0	25782433	2687	160.0
1606629468.48	160000	48.748403	0.0	25885372	1048	160.0
1606629469.04	160000	49.1897	0.0	26242011	408	160.0
1606629470.45	160000	48.775623	0.0	23865378	1266	160.0
1606629473.4	160000	46.827463	0.0	25470681	2790	160.0
1606629474.77	160000	46.46028	0.0	27258768	1194	160.0
1606629475.11	160000	47.119806	0.0	17853711	230	160.0
1606629475.39	160000	47.845376	0.0	14829893	181	160.0
1606629475.84	160000	48.3932	0.0	27779697	269	160.0
1606629476.28	160000	48.967521	0.0	27714923	260	160.0
1606629476.68	160000	49.555746	0.0	25946474	246	160.0
1606629477.01	160000	50.236259	0.0	19596259	200	160.0
1606629477.4	160000	50.840158	0.0	23774167	232	160.0
1606629477.7	160000	51.540477	0.0	19373656	179	160.0
1606629478.06	160000	52.177274	0.0	23977420	218	160.0
1606629478.44	160000	52.79796	0.0	24493733	233	160.0
1606629478.67	160000	53.575418	0.0	14528511	133	160.0
1606629478.94	160000	54.3055	0.0	16841176	166	160.0
1606629479.2	160000	55.047261	0.0	16743604	152	160.0
1606629479.48	160000	55.764455	0.0	17975224	165	160.0
1606629479.81	160000	56.435904	0.0	22329548	195	160.0
1606629480.06	160000	57.19099	0.0	16001583	139	160.0
1606629480.34	160000	57.909526	0.0	18238584	161	160.0
1606629480.66	160000	58.584479	0.0	21308824	183	160.0
1606629480.93	160000	59.320696	0.0	17749058	154	160.0
1606629481.65	160000	59.608377	0.0	14127787	127	160.0
1606629482.41	160000	59.85938	0.0	17525699	147	160.0
1606629483.62	160000	59.86031	0.0	14240042	119	160.0
1606629484.42	160000	59.861383	0.0	20324139	176	160.0
1606629485.75	160000	59.612372	0.0	21993033	186	160.0
1606629486.55	160000	59.863389	0.0	18863108	159	160.0
1606629487.79	160000	59.614364	0.0	15964734	135	160.0
1606629488.44	160000	59.865395	0.0	8284939	88	160.0
1606629489.6	160000	59.866394	0.0	9004706	83	160.0
1606629490.71	160000	59.617384	0.0	6955279	58	160.0
1606629491.88	160000	59.618375	0.0	10701639	100	160.0
1606629492.52	160000	59.869322	0.0	9459459	69	160.0
1606629493.6	160000	59.870356	0.0	3212828	32	160.0
1606629494.65	160000	59.621359	0.0	2509989	21	160.0
1606629495.71	160000	59.622373	0.0	2004927	17	160.0
1606629496.74	160000	59.62334	0.0	591360	4	160.0
1606629498.28	160000	59.558145	0.0	2394426	15	160.0
1606629498.6	40000	1.000999	0.028	336477	2	-4.480000000000004
1606629498.85	160000	2.001999	0.0	14912671	92	40.0
1606629499.23	160000	2.704805	0.0	24265636	148	160.0
1606629499.52	160000	3.422954	0.0	22711544	143	160.0
1606629500.05	160000	3.898085	0.0	19639705	394	160.0
1606629500.61	160000	4.396589	0.0	20946809	429	160.0
1606629501.74	160000	4.319842	0.0	11895609	1050	160.0
1606629501.81	20000	5.255859	0.0	730082	41	-120.0
1606629502.07	20000	5.997929	0.0	4047415	229	20.0
1606629502.26	20000	6.832104	0.0	2863079	163	20.0
1606629502.53	20000	7.561088	0.0	4167844	236	20.0
1606629502.96	20000	8.164518	0.0	5571764	380	20.0
1606629503.33	20000	8.816093	0.0	4925652	337	20.0
1606629504.7	160000	8.445011	0.0	19559369	1245	20.0
1606629505.16	160000	8.986882	0.0	22224402	323	160.0
1606629505.62	160000	9.527913	0.0	22578365	328	160.0
1606629505.81	160000	10.33902	0.0	8346702	132	160.0
1606629506.17	160000	10.983575	0.0	15775481	248	160.0
1606629506.38	160000	11.776747	0.0	9163235	144	160.0
1606629507.72	160000	11.437161	0.0	41307095	1017	160.0
1606629508.37	160000	11.78076	0.0	28763893	490	160.0
1606629509.0	160000	12.156613	0.0	21266416	481	160.0
1606629509.81	160000	12.348729	0.0	23702229	666	160.0
1606629510.58	160000	12.58939	0.0	27580394	601	160.0
1606629511.38	160000	12.780754	0.0	20329780	671	160.0
1606629512.14	160000	13.02366	0.0	16109183	657	160.0
1606629517.08	160000	9.083189	0.0	58830800	4452	160.0
1606629517.41	20000	9.753092	0.0	11684632	249	-120.0
1606629517.82	160000	10.345981	0.0	15251076	318	20.0
