1606626504.12	40000	1.000999	0.015	334476	4	-2.3999999999999986
1606626504.57	160000	1.885522	0.0	14912671	220	40.0
1606626505.09	160000	2.462799	0.0	24265636	320	160.0
1606626507.61	160000	1.408646	0.344	22711544	2401	104.96000000000001
1606626508.37	160000	1.688316	0.0	19639705	630	160.0
1606626508.95	160000	2.131966	0.0	20946809	445	160.0
1606626509.42	160000	2.69053	0.0	11895609	395	160.0
1606626509.75	160000	3.369211	0.0	7597636	263	160.0
1606626512.45	160000	1.666958	0.0	56067905	2191	160.0
1606626514.91	160000	1.281764	1.077	45444680	2240	-12.319999999999993
1606626515.05	20000	2.142425	0.0	4167844	100	-120.0
1606626515.23	20000	2.963499	0.0	5571764	123	20.0
1606626516.75	160000	2.445457	0.0	50637608	1245	20.0
1606626517.39	160000	2.808449	0.0	19559369	514	160.0
1606626518.09	160000	3.118168	0.0	22224402	560	160.0
1606626518.79	160000	3.449392	0.0	22578365	557	160.0
1606626519.06	160000	4.188037	0.0	8346702	206	160.0
1606626519.47	160000	4.775496	0.0	15775481	307	160.0
1606626519.73	160000	5.51517	0.0	9163235	199	160.0
1606626521.2	160000	5.047534	0.0	41307095	1223	160.0
1606626522.3	160000	4.951848	0.0	28763893	920	160.0
1606626522.79	160000	5.464425	0.0	21266416	342	160.0
1606626523.32	160000	5.942394	0.0	23702229	365	160.0
1606626523.84	160000	6.407783	0.0	27580394	367	160.0
1606626524.24	160000	7.008648	0.0	20329780	275	160.0
1606626524.58	160000	7.675566	0.0	16109183	195	160.0
1606626525.67	160000	7.589567	0.0	58830800	671	160.0
1606626529.64	160000	4.617409	0.0	66935122	3596	160.0
1606626530.47	160000	4.783525	0.0	15251076	749	160.0
1606626531.05	160000	5.20351	0.0	16574034	482	160.0
1606626531.42	160000	5.838844	0.0	13009028	289	160.0
1606626531.75	160000	6.507177	0.0	12791674	259	160.0
1606626532.05	160000	7.216597	0.0	11137898	227	160.0
1606626532.33	160000	7.927919	0.0	11485310	209	160.0
1606626532.62	160000	8.644907	0.0	12428518	210	160.0
1606626532.85	160000	9.414523	0.0	9963766	169	160.0
1606626533.13	160000	10.131771	0.0	12189364	206	160.0
1606626533.33	160000	10.94567	0.0	10142396	115	160.0
1606626533.51	160000	11.75803	0.0	10185488	113	160.0
1606626533.75	160000	12.519238	0.0	14061455	154	160.0
1606626534.09	160000	13.182669	0.0	20074099	221	160.0
1606626534.84	160000	13.434585	0.0	46115254	495	160.0
1606626535.51	160000	13.76283	0.0	40906522	439	160.0
1606626535.65	160000	14.62062	0.0	7891151	89	160.0
1606626536.01	160000	15.264635	0.0	21012466	238	160.0
1606626536.42	160000	15.853997	0.0	23519424	273	160.0
1606626536.75	160000	16.521629	0.0	18715420	225	160.0
1606626537.06	160000	17.21654	0.0	17000816	206	160.0
1606626537.32	160000	17.959471	0.0	14448126	167	160.0
1606626537.45	160000	18.8302	0.0	6958676	75	160.0
1606626537.6	160000	19.676193	0.0	9088791	97	160.0
1606626537.73	160000	20.554305	0.0	7211881	76	160.0
1606626537.79	160000	21.494732	0.0	3063586	32	160.0
1606626537.84	160000	22.437564	0.0	2782179	29	160.0
1606626538.01	160000	23.269261	0.0	9958410	108	160.0
1606626538.21	160000	24.069248	0.0	12158708	130	160.0
1606626538.42	160000	24.865061	0.0	12300216	122	160.0
1606626538.67	160000	25.612033	0.0	15815684	160	160.0
1606626538.88	160000	26.401845	0.0	13526256	135	160.0
1606626539.07	160000	27.214154	0.0	11995130	119	160.0
1606626539.28	160000	28.004163	0.0	13394791	135	160.0
1606626539.52	160000	28.769396	0.0	14135828	156	160.0
1606626539.78	160000	29.514647	0.0	15366126	169	160.0
1606626540.01	160000	30.279006	0.0	14248439	156	160.0
1606626540.25	160000	31.048429	0.0	13843717	152	160.0
1606626541.0	160000	31.29241	0.0	14665119	658	160.0
1606626542.97	160000	30.33251	0.0	21079187	1837	160.0
1606626545.29	160000	29.00889	0.0	25480074	2177	160.0
1606626545.48	20000	29.814035	0.0	2178351	167	-120.0
1606626545.75	20000	30.546293	0.0	3121089	241	20.0
1606626548.12	160000	29.183476	0.0	26155848	2206	20.0
1606626549.66	160000	28.644645	0.0	17849379	1434	160.0
1606626551.04	160000	28.271748	0.0	16546531	1271	160.0
1606626552.49	160000	27.81046	0.0	17718949	1345	160.0
1606626553.86	160000	27.444056	0.0	17337137	1260	160.0
1606626555.49	160000	26.813266	0.0	20008245	1509	160.0
1606626560.25	160000	23.050623	0.0	58430914	4423	160.0
1606626561.73	160000	22.580889	0.0	16292703	1364	160.0
1606626564.02	160000	21.284433	0.0	25587422	2151	160.0
1606626566.09	160000	20.216804	0.0	23982306	1926	160.0
1606626567.17	160000	20.135961	0.0	13347845	999	160.0
1606626568.35	160000	19.961635	0.0	14337991	1092	160.0
1606626569.26	160000	20.048926	0.0	14584990	830	160.0
1606626569.87	160000	20.447203	0.0	13962401	519	160.0
1606626570.44	160000	20.874514	0.0	14393788	486	160.0
1606626570.93	160000	21.387816	0.0	14649457	402	160.0
1606626571.37	160000	21.940849	0.0	13409715	368	160.0
1606626571.74	160000	22.578272	0.0	13909605	281	160.0
1606626572.09	160000	23.23384	0.0	13301968	264	160.0
1606626572.6	160000	23.718631	0.0	19025846	379	160.0
1606626573.1	160000	24.217463	0.0	19295426	392	160.0
1606626573.59	160000	24.728487	0.0	18261873	382	160.0
1606626574.18	160000	25.136334	0.0	19847604	467	160.0
1606626574.69	160000	25.633941	0.0	18767181	395	160.0
1606626575.24	160000	26.087681	0.0	22420858	415	160.0
1606626575.71	160000	26.617314	0.0	19324333	344	160.0
1606626576.18	160000	27.146392	0.0	20392234	345	160.0
1606626576.36	160000	27.965931	0.0	7671072	130	160.0
1606626576.78	160000	28.549231	0.0	17781906	310	160.0
1606626577.08	160000	29.248202	0.0	12839336	226	160.0
1606626577.34	160000	29.992489	0.0	10779770	190	160.0
1606626577.66	160000	30.665667	0.0	14606687	242	160.0
1606626578.6	160000	30.73539	0.0	41866951	670	160.0
1606626579.42	160000	30.915339	0.0	37238410	605	160.0
1606626579.7	160000	31.630895	0.0	14347759	203	160.0
1606626579.93	160000	32.403965	0.0	11399187	158	160.0
1606626580.14	160000	33.191505	0.0	10358641	145	160.0
1606626580.43	160000	33.909646	0.0	14315696	199	160.0
1606626580.86	160000	34.475871	0.0	23283631	307	160.0
1606626581.57	160000	34.766997	0.0	37521367	493	160.0
1606626582.02	160000	35.313971	0.0	22241104	329	160.0
1606626582.37	160000	35.970892	0.0	15813346	232	160.0
1606626582.7	160000	36.641853	0.0	17116450	218	160.0
1606626583.04	160000	37.301975	0.0	18867054	221	160.0
1606626583.35	160000	37.998325	0.0	17393609	205	160.0
1606626583.76	160000	38.579292	0.0	24759401	282	160.0
1606626584.21	160000	39.136021	0.0	25782433	291	160.0
1606626584.67	160000	39.677572	0.0	25885372	286	160.0
1606626585.11	160000	40.239615	0.0	26242011	289	160.0
1606626585.53	160000	40.824948	0.0	23865378	263	160.0
1606626585.98	160000	41.371047	0.0	25470681	301	160.0
1606626586.46	160000	41.890807	0.0	27258768	314	160.0
1606626586.79	160000	42.564639	0.0	17853711	224	160.0
1606626587.06	160000	43.289127	0.0	14829893	190	160.0
1606626587.58	160000	43.769201	0.0	27779697	355	160.0
1606626588.03	160000	44.330283	0.0	27714923	284	160.0
1606626588.46	160000	44.899077	0.0	25946474	265	160.0
1606626588.77	160000	45.58903	0.0	19596259	198	160.0
1606626589.15	160000	46.212035	0.0	23774167	240	160.0
1606626589.45	160000	46.904694	0.0	19373656	195	160.0
1606626589.81	160000	47.550825	0.0	23977420	214	160.0
1606626590.16	160000	48.199346	0.0	24493733	213	160.0
1606626590.38	160000	48.97841	0.0	14528511	126	160.0
1606626590.64	160000	49.726386	0.0	16841176	146	160.0
1606626590.88	160000	50.484403	0.0	16743604	140	160.0
1606626591.14	160000	51.227485	0.0	17975224	151	160.0
1606626591.47	160000	51.893113	0.0	22329548	207	160.0
1606626591.71	160000	52.658961	0.0	16001583	138	160.0
1606626591.98	160000	53.391278	0.0	18238584	160	160.0
1606626592.29	160000	54.077637	0.0	21308824	187	160.0
1606626592.55	160000	54.819095	0.0	17749058	156	160.0
1606626592.77	160000	55.598765	0.0	14127787	140	160.0
1606626593.05	160000	56.321112	0.0	17525699	174	160.0
1606626593.27	160000	57.099	0.0	14240042	141	160.0
1606626593.6	160000	57.773115	0.0	20324139	206	160.0
1606626593.91	160000	58.465642	0.0	21993033	187	160.0
1606626594.18	160000	59.190645	0.0	18863108	160	160.0
1606626594.42	160000	59.958321	0.0	15964734	135	160.0
1606626596.04	160000	59.520305	0.0	8284939	70	160.0
1606626596.68	160000	59.771305	0.0	9004706	73	160.0
1606626597.78	160000	59.772303	0.0	6955279	60	160.0
1606626599.0	160000	59.523296	0.0	10701639	152	160.0
1606626599.65	160000	59.774322	0.0	9459459	82	160.0
1606626600.72	160000	59.775315	0.0	3212828	34	160.0
1606626601.78	160000	59.776316	0.0	2509989	28	160.0
1606626602.82	160000	59.777303	0.0	2004927	23	160.0
1606626603.86	160000	59.528315	0.0	591360	6	160.0
1606626604.92	160000	59.963075	0.0	2394426	35	160.0
1606626605.27	40000	1.000999	0.037	336477	9	-5.920000000000002
1606626605.68	160000	1.923398	0.0	14912671	234	40.0
1606626606.47	160000	2.132631	0.0	24265636	575	160.0
1606626608.12	160000	1.585242	0.0	22711544	930	160.0
1606626608.6	160000	2.133152	0.0	19639705	357	160.0
1606626610.56	160000	1.257787	0.0	20946809	1828	160.0
1606626615.4	160000	1.275917	3.858	11895609	4755	-457.28
1606626616.25	160000	1.430471	0.0	7597636	794	160.0
1606626616.59	20000	2.091013	0.0	4047415	298	-120.0
1606626616.82	20000	2.855787	0.0	2863079	208	20.0
1606626617.16	20000	3.519932	0.0	4167844	302	20.0
1606626617.61	20000	4.073937	0.0	5571764	404	20.0
1606626618.2	20000	4.481878	0.0	4925652	549	20.0
1606626619.53	160000	4.158704	0.0	19559369	1204	20.0
1606626620.6	160000	4.089181	0.0	22224402	942	160.0
1606626621.65	160000	4.03628	0.0	22578365	914	160.0
1606626622.02	160000	4.665723	0.0	8346702	313	160.0
1606626622.71	160000	4.974395	0.0	15775481	589	160.0
1606626623.05	160000	5.637218	0.0	9163235	281	160.0
1606626624.55	160000	5.135741	0.0	41307095	1191	160.0
1606626625.49	160000	5.205433	0.0	28763893	762	160.0
1606626626.16	160000	5.529019	0.0	21266416	547	160.0
1606626626.9	160000	5.789626	0.0	23702229	595	160.0
1606626627.54	160000	6.1508	0.0	27580394	486	160.0
1606626628.02	160000	6.671863	0.0	20329780	352	160.0
1606626628.4	160000	7.297257	0.0	16109183	281	160.0
1606626629.78	160000	6.921222	0.0	58830800	922	160.0
1606626631.09	160000	6.608245	0.0	66935122	942	160.0
