1606630591.44	40000	1.000999	0.033	334476	21	-5.280000000000001
1606630592.25	160000	1.551915	0.0	14912671	614	40.0
1606630593.14	160000	1.667297	0.0	24265636	675	160.0
1606630593.93	160000	1.936983	0.0	22711544	641	160.0
1606630597.39	160000	1.299887	1.772	19639705	3345	-123.51999999999998
1606630599.06	160000	1.298799	0.648	20946809	1556	56.31999999999999
1606630600.05	160000	1.447382	0.137	11895609	925	138.07999999999998
1606630600.83	160000	1.667257	0.0	7597636	729	160.0
1606630601.2	20000	2.300034	0.0	4047415	329	-120.0
1606630601.45	20000	3.045763	0.0	2863079	225	20.0
1606630601.82	20000	3.682766	0.0	4167844	330	20.0
1606630602.26	20000	4.236801	0.0	5571764	407	20.0
1606630602.66	20000	4.844268	0.0	4925652	350	20.0
1606630604.14	160000	4.362263	0.0	19559369	1362	20.0
1606630606.3	160000	3.21211	0.0	22224402	2023	160.0
1606630607.82	160000	2.693114	0.0	22578365	1379	160.0
1606630608.71	160000	2.794978	0.0	8346702	833	160.0
1606630611.22	160000	1.321928	0.036	15775481	2424	154.24
1606630611.95	160000	1.595765	0.0	9163235	666	160.0
1606630612.37	20000	2.178854	0.0	6357933	366	-120.0
1606630613.96	160000	1.590576	0.0	28763893	1423	20.0
1606630614.8	160000	1.75028	0.0	21266416	708	160.0
1606630615.72	160000	1.831316	0.0	23702229	777	160.0
1606630616.68	160000	1.869	0.0	27580394	801	160.0
1606630617.35	160000	2.202065	0.0	20329780	544	160.0
1606630617.87	160000	2.678908	0.0	16109183	414	160.0
1606630620.05	160000	1.499717	0.0	58830800	1596	160.0
1606630621.83	160000	1.314705	0.595	66935122	1435	64.8
1606630622.25	160000	1.901552	0.0	15251076	317	160.0
1606630622.71	160000	2.436598	0.0	16574034	356	160.0
1606630623.08	160000	3.077069	0.0	13009028	280	160.0
1606630623.39	160000	3.757436	0.0	12791674	230	160.0
1606630623.67	160000	4.483929	0.0	11137898	204	160.0
1606630623.95	160000	5.199659	0.0	11485310	210	160.0
1606630624.27	160000	5.884521	0.0	12428518	239	160.0
1606630624.53	160000	6.627076	0.0	9963766	196	160.0
1606630624.85	160000	7.310164	0.0	12189364	240	160.0
1606630625.12	160000	8.042306	0.0	10142396	198	160.0
1606630625.38	160000	8.778389	0.0	10185488	199	160.0
1606630625.75	160000	9.41217	0.0	14061455	276	160.0
1606630626.25	160000	9.91427	0.0	20074099	375	160.0
1606630627.28	160000	9.885473	0.0	46115254	751	160.0
1606630628.18	160000	9.980321	0.0	40906522	672	160.0
1606630628.35	160000	10.815798	0.0	7891151	111	160.0
1606630628.76	160000	11.399427	0.0	21012466	296	160.0
1606630629.24	160000	11.924945	0.0	23519424	346	160.0
1606630629.68	160000	12.490132	0.0	18715420	317	160.0
1606630630.07	160000	13.101546	0.0	17000816	289	160.0
1606630630.63	160000	13.539251	0.0	14448126	475	160.0
1606630630.91	160000	14.258621	0.0	6958676	230	160.0
1606630633.52	160000	12.6527	0.0	9088791	2541	160.0
1606630636.41	160000	10.759798	0.0	7211881	2843	160.0
1606630636.53	20000	11.641193	0.0	384076	98	-120.0
1606630636.62	20000	12.550281	0.0	295687	75	20.0
1606630636.99	20000	13.179101	0.0	1328674	354	20.0
1606630637.42	20000	13.754773	0.0	1492829	401	20.0
1606630639.21	160000	12.964669	0.0	12300216	1708	20.0
1606630640.37	160000	12.801581	0.0	15815684	1064	160.0
1606630641.42	160000	12.760071	0.0	13526256	959	160.0
1606630642.35	160000	12.824079	0.0	11995130	862	160.0
1606630643.44	160000	12.744602	0.0	13394791	999	160.0
1606630644.57	160000	12.608953	0.0	14135828	1051	160.0
1606630645.78	160000	12.403151	0.0	15366126	1117	160.0
1606630646.87	160000	12.31819	0.0	14248439	1001	160.0
1606630647.98	160000	12.201971	0.0	13843717	1036	160.0
1606630649.34	160000	11.844766	0.0	14665119	1274	160.0
1606630650.94	160000	11.246637	0.0	21079187	1472	160.0
1606630652.89	160000	10.298171	0.0	25480074	1804	160.0
1606630655.14	160000	9.052808	0.0	23021754	2117	160.0
1606630657.42	160000	7.768061	0.0	27527834	2103	160.0
1606630659.58	160000	6.607135	0.0	26155848	2013	160.0
1606630661.02	160000	6.168279	0.0	17849379	1312	160.0
1606630662.3	160000	5.892485	0.0	16546531	1175	160.0
1606630663.88	160000	5.315619	0.0	17718949	1473	160.0
1606630665.46	160000	4.733301	0.0	17337137	1479	160.0
1606630667.07	160000	4.12739	0.0	20008245	1490	160.0
1606630671.92	160000	1.277218	1.005	58430914	4561	-0.8000000000000114
1606630673.14	160000	1.284108	0.23	16292703	1132	123.2
1606630675.28	160000	1.264212	1.116	25587422	2006	-18.560000000000002
1606630677.42	160000	1.365854	1.245	23982306	2025	-39.19999999999999
1606630678.53	160000	1.378121	0.116	13347845	1033	141.44
1606630679.77	160000	1.494285	0.357	14337991	1166	102.88
1606630681.07	160000	1.351474	0.154	14584990	1223	135.36
1606630682.49	160000	1.255653	0.324	13962401	1347	108.16
1606630683.63	160000	1.329926	0.219	14393788	1066	124.96000000000001
1606630684.71	160000	1.281927	0.034	14649457	1001	154.56
1606630685.7	160000	1.328081	0.031	13409715	913	155.04
1606630686.76	160000	1.366538	0.096	13909605	987	144.64
1606630687.97	160000	1.464413	0.306	13301968	1134	111.03999999999999
1606630689.91	160000	1.270454	0.749	19025846	1839	40.16
1606630692.19	160000	1.271057	1.279	19295426	2183	-44.639999999999986
1606630693.88	160000	1.276267	0.696	18261873	1592	48.64
1606630695.31	160000	1.497579	0.649	19847604	1322	56.16
1606630696.39	160000	1.463103	0.041	18767181	963	153.44
1606630697.92	160000	1.438851	0.51	22420858	1423	78.4
1606630698.98	160000	1.430195	0.045	19324333	927	152.8
1606630700.57	160000	1.494884	0.654	20392234	1484	55.36
1606630701.72	160000	1.400511	0.059	7671072	1107	150.56
1606630703.0	160000	1.460024	0.338	17781906	1188	105.92
1606630703.95	160000	1.511251	0.0	12839336	870	160.0
1606630704.68	160000	1.782831	0.0	10779770	662	160.0
1606630705.31	160000	2.148176	0.0	14606687	545	160.0
1606630707.49	160000	1.218843	0.251	41866951	1950	119.84
1606630709.57	160000	1.302877	1.164	37238410	1890	-26.24000000000001
1606630710.52	160000	1.467732	0.106	14347759	863	143.04
1606630711.13	160000	1.85655	0.0	11399187	545	160.0
1606630711.67	160000	2.311157	0.0	10358641	480	160.0
1606630712.33	160000	2.651701	0.0	14315696	578	160.0
1606630713.38	160000	2.603182	0.0	23283631	919	160.0
1606630714.97	160000	2.019817	0.0	37521367	1348	160.0
1606630715.77	160000	2.221406	0.0	22241104	660	160.0
1606630716.22	160000	2.77453	0.0	15813346	345	160.0
1606630716.69	160000	3.297437	0.0	17116450	373	160.0
1606630717.3	160000	3.694616	0.0	18867054	490	160.0
1606630717.84	160000	4.151341	0.0	17393609	418	160.0
1606630718.48	160000	4.518045	0.0	24759401	494	160.0
1606630719.14	160000	4.853795	0.0	25782433	523	160.0
1606630719.85	160000	5.15146	0.0	25885372	523	160.0
1606630720.5	160000	5.493297	0.0	26242011	505	160.0
1606630721.04	160000	5.959122	0.0	23865378	387	160.0
1606630721.58	160000	6.420481	0.0	25470681	390	160.0
1606630722.15	160000	6.847662	0.0	27258768	400	160.0
1606630722.54	160000	7.465314	0.0	17853711	267	160.0
1606630722.85	160000	8.150373	0.0	14829893	229	160.0
1606630723.46	160000	8.542196	0.0	27779697	447	160.0
1606630724.03	160000	8.971725	0.0	27714923	404	160.0
1606630724.55	160000	9.45969	0.0	25946474	356	160.0
1606630724.93	160000	10.073961	0.0	19596259	261	160.0
1606630725.4	160000	10.604654	0.0	23774167	326	160.0
1606630725.77	160000	11.234902	0.0	19373656	256	160.0
1606630726.3	160000	11.708018	0.0	23977420	383	160.0
1606630726.84	160000	12.169811	0.0	24493733	383	160.0
1606630727.13	160000	12.879672	0.0	14528511	200	160.0
1606630727.47	160000	13.544857	0.0	16841176	233	160.0
1606630727.81	160000	14.20818	0.0	16743604	231	160.0
1606630728.17	160000	14.849542	0.0	17975224	245	160.0
1606630728.61	160000	15.406886	0.0	22329548	306	160.0
1606630728.86	160000	16.155488	0.0	16001583	148	160.0
1606630729.12	160000	16.899137	0.0	18238584	144	160.0
1606630729.42	160000	17.599298	0.0	21308824	168	160.0
1606630729.67	160000	18.344902	0.0	17749058	146	160.0
1606630729.91	160000	19.11405	0.0	14127787	143	160.0
1606630730.19	160000	19.831957	0.0	17525699	178	160.0
1606630730.42	160000	20.605142	0.0	14240042	144	160.0
1606630730.75	160000	21.279825	0.0	20324139	205	160.0
1606630731.18	160000	21.843475	0.0	21993033	302	160.0
1606630731.56	160000	22.465903	0.0	18863108	259	160.0
1606630731.88	160000	23.15124	0.0	15964734	218	160.0
1606630732.04	160000	23.988019	0.0	8284939	100	160.0
1606630732.21	160000	24.814954	0.0	9004706	113	160.0
1606630732.35	160000	25.676654	0.0	6955279	88	160.0
1606630732.55	160000	26.476953	0.0	10701639	135	160.0
1606630732.73	160000	27.29842	0.0	9459459	119	160.0
1606630732.81	160000	28.227895	0.0	3212828	43	160.0
1606630732.88	160000	29.155959	0.0	2509989	34	160.0
1606630732.93	160000	30.103629	0.0	2004927	27	160.0
1606630732.96	160000	31.079873	0.0	591360	8	160.0
1606630733.01	160000	32.457132	0.0	2394426	32	160.0
1606630733.34	40000	1.000999	0.053	336477	4	-8.48
1606630733.7	160000	2.001999	0.0	14912671	202	40.0
1606630734.33	160000	2.378603	0.0	24265636	401	160.0
1606630734.85	160000	2.862446	0.0	22711544	375	160.0
1606630735.16	160000	3.550138	0.0	19639705	199	160.0
1606630735.5	160000	4.283379	0.0	20946809	213	160.0
1606630735.7	160000	5.088654	0.0	11895609	121	160.0
1606630735.82	160000	5.964764	0.0	7597636	75	160.0
1606630736.84	160000	6.023678	0.0	56067905	560	160.0
1606630737.54	160000	6.351984	0.0	45444680	470	160.0
1606630738.42	160000	6.541905	0.0	54798068	568	160.0
1606630739.53	160000	6.43091	0.0	69464107	668	160.0
1606630740.26	160000	6.702826	0.0	50637608	450	160.0
1606630740.55	160000	7.414667	0.0	19559369	173	160.0
1606630740.88	160000	8.082058	0.0	22224402	199	160.0
1606630741.25	160000	8.713867	0.0	22578365	243	160.0
1606630741.41	160000	9.560885	0.0	8346702	84	160.0
1606630741.68	160000	10.290276	0.0	15775481	170	160.0
1606630741.85	160000	11.120012	0.0	9163235	101	160.0
1606630742.61	160000	11.364478	0.0	41307095	518	160.0
1606630743.14	160000	11.832872	0.0	28763893	338	160.0
1606630743.51	160000	12.4647	0.0	21266416	240	160.0
1606630743.93	160000	13.043428	0.0	23702229	266	160.0
1606630744.42	160000	13.554064	0.0	27580394	333	160.0
1606630744.81	160000	14.166837	0.0	20329780	245	160.0
1606630745.08	160000	14.900057	0.0	16109183	167	160.0
1606630746.05	160000	14.978612	0.0	58830800	607	160.0
1606630747.09	160000	14.936676	0.0	66935122	663	160.0
