1606626744.6	40000	1.000999	0.053	334476	41	-8.48
1606626746.0	160000	1.460619	0.504	14912671	1218	-40.64
1606626747.85	160000	1.335561	0.691	24265636	1660	49.44
1606626749.67	160000	1.404453	0.87	22711544	1699	20.80000000000001
1606626751.15	160000	1.317415	0.364	19639705	1372	101.75999999999999
1606626752.68	160000	1.31294	0.507	20946809	1427	78.88
1606626753.41	160000	1.588506	0.0	11895609	650	160.0
1606626753.68	160000	2.318261	0.0	7597636	221	160.0
1606626755.54	160000	1.454385	0.0	56067905	1424	160.0
1606626760.69	160000	1.324385	4.02	45444680	4927	-483.20000000000005
1606626760.87	20000	2.148086	0.0	4167844	135	-120.0
1606626761.1	20000	2.923983	0.0	5571764	177	20.0
1606626763.07	160000	1.956673	0.0	50637608	1690	20.0
1606626763.7	160000	2.325871	0.0	19559369	509	160.0
1606626764.3	160000	2.728297	0.0	22224402	468	160.0
1606626764.89	160000	3.139575	0.0	22578365	450	160.0
1606626765.11	160000	3.915553	0.0	8346702	158	160.0
1606626765.51	160000	4.516376	0.0	15775481	305	160.0
1606626765.73	160000	5.29696	0.0	9163235	163	160.0
1606626766.7	160000	5.330135	0.0	41307095	742	160.0
1606626767.45	160000	5.576917	0.0	28763893	582	160.0
1606626767.97	160000	6.060063	0.0	21266416	390	160.0
1606626768.54	160000	6.494354	0.0	23702229	434	160.0
1606626769.12	160000	6.912636	0.0	27580394	423	160.0
1606626769.56	160000	7.478926	0.0	20329780	312	160.0
1606626769.88	160000	8.156185	0.0	16109183	225	160.0
1606626771.05	160000	7.98506	0.0	58830800	780	160.0
1606626772.18	160000	7.865937	0.0	66935122	763	160.0
1606626772.44	160000	8.593635	0.0	15251076	173	160.0
1606626772.7	160000	9.334638	0.0	16574034	161	160.0
1606626772.9	160000	10.136888	0.0	13009028	120	160.0
1606626773.1	160000	10.94077	0.0	12791674	118	160.0
1606626773.27	160000	11.771647	0.0	11137898	102	160.0
1606626773.45	160000	12.596205	0.0	11485310	105	160.0
1606626773.66	160000	13.389933	0.0	12428518	129	160.0
1606626773.84	160000	14.208566	0.0	9963766	110	160.0
1606626774.06	160000	14.988049	0.0	12189364	139	160.0
1606626774.24	160000	15.810428	0.0	10142396	113	160.0
1606626774.43	160000	16.624572	0.0	10185488	117	160.0
1606626774.69	160000	17.363058	0.0	14061455	154	160.0
1606626775.02	160000	18.026915	0.0	20074099	202	160.0
1606626775.75	160000	18.298704	0.0	46115254	464	160.0
1606626776.56	160000	18.492496	0.0	40906522	563	160.0
1606626776.97	160000	19.092033	0.0	7891151	349	160.0
1606626780.11	160000	16.947725	0.0	21012466	3011	160.0
1606626780.36	20000	17.702977	0.0	2770338	204	-120.0
1606626780.52	20000	18.532591	0.0	1855168	136	20.0
1606626780.69	20000	19.364252	0.0	1666915	146	20.0
1606626780.87	20000	20.198181	0.0	1555467	142	20.0
1606626781.61	160000	20.473353	0.0	6958676	647	20.0
1606626782.46	160000	20.596035	0.0	9088791	789	160.0
1606626783.08	160000	20.982002	0.0	7211881	559	160.0
1606626783.34	160000	21.718575	0.0	3063586	231	160.0
1606626783.59	160000	22.475732	0.0	2782179	207	160.0
1606626784.35	160000	22.719418	0.0	9958410	689	160.0
1606626785.27	160000	22.794339	0.0	12158708	848	160.0
1606626786.25	160000	22.812119	0.0	12300216	884	160.0
1606626787.52	160000	22.550376	0.0	15815684	1164	160.0
1606626788.71	160000	22.356176	0.0	13526256	1111	160.0
1606626789.36	160000	22.711345	0.0	11995130	569	160.0
1606626789.92	160000	23.150499	0.0	13394791	471	160.0
1606626790.4	160000	23.674975	0.0	14135828	389	160.0
1606626790.91	160000	24.165429	0.0	15366126	417	160.0
1606626791.37	160000	24.708301	0.0	14248439	370	160.0
1606626791.84	160000	25.23109	0.0	13843717	383	160.0
1606626792.45	160000	25.623554	0.0	14665119	501	160.0
1606626793.6	160000	25.475328	0.0	21079187	1018	160.0
1606626794.83	160000	25.247968	0.0	25480074	1073	160.0
1606626795.92	160000	25.159824	0.0	23021754	953	160.0
1606626797.22	160000	24.858193	0.0	27527834	1144	160.0
1606626798.81	160000	24.267652	0.0	26155848	1428	160.0
1606626800.3	160000	23.779185	0.0	17849379	1383	160.0
1606626801.87	160000	23.209713	0.0	16546531	1474	160.0
1606626803.38	160000	22.699798	0.0	17718949	1400	160.0
1606626804.91	160000	22.168729	0.0	17337137	1433	160.0
1606626806.57	160000	21.517298	0.0	20008245	1533	160.0
1606626811.32	160000	17.768361	0.0	58430914	4414	160.0
1606626812.7	160000	17.388797	0.0	16292703	1278	160.0
1606626814.61	160000	16.478226	0.0	25587422	1767	160.0
1606626816.29	160000	15.802517	0.0	23982306	1539	160.0
1606626816.9	160000	16.185873	0.0	13347845	534	160.0
1606626817.12	160000	16.969639	0.0	14337991	132	160.0
1606626817.34	160000	17.751955	0.0	14584990	135	160.0
1606626817.56	160000	18.538783	0.0	13962401	129	160.0
1606626817.77	160000	19.321493	0.0	14393788	133	160.0
1606626817.99	160000	20.100052	0.0	14649457	137	160.0
1606626818.2	160000	20.893359	0.0	13409715	127	160.0
1606626818.42	160000	21.678368	0.0	13909605	134	160.0
1606626818.63	160000	22.46463	0.0	13301968	133	160.0
1606626818.95	160000	23.145528	0.0	19025846	198	160.0
1606626819.22	160000	23.877241	0.0	19295426	158	160.0
1606626819.48	160000	24.622898	0.0	18261873	149	160.0
1606626819.76	160000	25.3417	0.0	19847604	161	160.0
1606626820.03	160000	26.07537	0.0	18767181	155	160.0
1606626820.36	160000	26.747656	0.0	22420858	203	160.0
1606626820.64	160000	27.463735	0.0	19324333	171	160.0
1606626820.94	160000	28.161068	0.0	20392234	185	160.0
1606626821.06	160000	29.044691	0.0	7671072	63	160.0
1606626821.31	160000	29.79348	0.0	17781906	147	160.0
1606626821.5	160000	30.61194	0.0	12839336	103	160.0
1606626821.65	160000	31.456905	0.0	10779770	87	160.0
1606626821.86	160000	32.246479	0.0	14606687	121	160.0
1606626822.45	160000	32.658322	0.0	41866951	327	160.0
1606626822.96	160000	33.150165	0.0	37238410	291	160.0
1606626823.16	160000	33.953072	0.0	14347759	114	160.0
1606626823.32	160000	34.79517	0.0	11399187	91	160.0
1606626823.47	160000	35.64435	0.0	10358641	84	160.0
1606626823.68	160000	36.443578	0.0	14315696	115	160.0
1606626824.03	160000	37.0876	0.0	23283631	209	160.0
1606626825.4	160000	36.716375	0.0	37521367	1149	160.0
1606626826.55	160000	36.568643	0.0	22241104	1022	160.0
1606626827.46	160000	36.655841	0.0	15813346	806	160.0
1606626828.76	160000	36.362066	0.0	17116450	1185	160.0
1606626828.91	20000	37.215493	0.0	1730311	118	-120.0
1606626829.33	160000	37.790583	0.0	17393609	320	20.0
1606626829.95	160000	38.172013	0.0	24759401	457	160.0
1606626830.46	160000	38.660984	0.0	25782433	361	160.0
1606626831.0	160000	39.131808	0.0	25885372	362	160.0
1606626831.59	160000	39.534923	0.0	26242011	446	160.0
1606626832.23	160000	39.897111	0.0	23865378	491	160.0
1606626833.17	160000	39.955683	0.0	25470681	785	160.0
1606626833.96	160000	40.174806	0.0	27258768	615	160.0
1606626834.67	160000	40.46552	0.0	17853711	599	160.0
1606626835.37	160000	40.762689	0.0	14829893	615	160.0
1606626838.51	160000	38.61994	0.0	27779697	2981	160.0
1606626840.27	160000	37.867173	0.0	27714923	1589	160.0
1606626840.87	160000	38.266859	0.0	25946474	450	160.0
1606626841.26	160000	38.878999	0.0	19596259	275	160.0
1606626841.7	160000	39.439097	0.0	23774167	308	160.0
1606626842.06	160000	40.075224	0.0	19373656	251	160.0
1606626842.51	160000	40.632014	0.0	23977420	298	160.0
1606626842.95	160000	41.189735	0.0	24493733	306	160.0
1606626843.2	160000	41.93645	0.0	14528511	163	160.0
1606626843.49	160000	42.650851	0.0	16841176	187	160.0
1606626843.78	160000	43.365125	0.0	16743604	186	160.0
1606626844.09	160000	44.058636	0.0	17975224	200	160.0
1606626844.47	160000	44.672463	0.0	22329548	256	160.0
1606626844.75	160000	45.393433	0.0	16001583	184	160.0
1606626845.08	160000	46.071388	0.0	18238584	209	160.0
1606626845.43	160000	46.715867	0.0	21308824	221	160.0
1606626845.72	160000	47.425403	0.0	17749058	186	160.0
1606626845.96	160000	48.191854	0.0	14127787	149	160.0
1606626846.25	160000	48.898691	0.0	17525699	182	160.0
1606626846.48	160000	49.671824	0.0	14240042	145	160.0
1606626846.81	160000	50.341162	0.0	20324139	211	160.0
1606626847.16	160000	50.99108	0.0	21993033	217	160.0
1606626847.45	160000	51.702237	0.0	18863108	175	160.0
1606626847.7	160000	52.459623	0.0	15964734	148	160.0
1606626847.84	160000	53.319906	0.0	8284939	82	160.0
1606626847.98	160000	54.180496	0.0	9004706	83	160.0
1606626848.09	160000	55.07153	0.0	6955279	62	160.0
1606626848.25	160000	55.913754	0.0	10701639	94	160.0
1606626848.39	160000	56.771757	0.0	9459459	82	160.0
1606626848.46	160000	57.705696	0.0	3212828	33	160.0
1606626848.51	160000	58.65555	0.0	2509989	22	160.0
1606626848.55	160000	59.614675	0.0	2004927	18	160.0
1606626849.58	160000	59.742392	0.0	591360	7	160.0
1606626851.12	160000	59.677298	0.0	2394426	21	160.0
1606626851.44	40000	1.000999	0.018	336477	3	-2.8800000000000026
1606626851.7	160000	2.001999	0.0	14912671	103	40.0
1606626852.11	160000	2.645971	0.0	24265636	168	160.0
1606626852.4	160000	3.358156	0.0	22711544	153	160.0
1606626852.65	160000	4.107988	0.0	19639705	132	160.0
1606626852.91	160000	4.845019	0.0	20946809	142	160.0
1606626853.06	160000	5.692717	0.0	11895609	80	160.0
1606626853.15	160000	6.603031	0.0	7597636	42	160.0
1606626853.92	160000	6.953407	0.0	56067905	313	160.0
1606626854.45	160000	7.431138	0.0	45444680	303	160.0
1606626855.19	160000	7.75406	0.0	54798068	421	160.0
1606626856.42	160000	7.603397	0.0	69464107	764	160.0
1606626856.96	160000	8.072912	0.0	50637608	253	160.0
1606626857.17	160000	8.851029	0.0	19559369	94	160.0
1606626857.41	160000	9.617406	0.0	22224402	103	160.0
1606626857.64	160000	10.383198	0.0	22578365	105	160.0
1606626857.74	160000	11.290107	0.0	8346702	39	160.0
1606626857.91	160000	12.118024	0.0	15775481	74	160.0
1606626858.01	160000	13.015911	0.0	9163235	43	160.0
1606626858.43	160000	13.597017	0.0	41307095	197	160.0
1606626858.76	160000	14.270559	0.0	28763893	140	160.0
1606626858.99	160000	15.040663	0.0	21266416	103	160.0
1606626859.25	160000	15.778544	0.0	23702229	116	160.0
1606626859.55	160000	16.488102	0.0	27580394	132	160.0
1606626859.77	160000	17.260959	0.0	20329780	98	160.0
1606626859.96	160000	18.080143	0.0	16109183	78	160.0
1606626860.58	160000	18.45479	0.0	58830800	275	160.0
1606626861.25	160000	18.788982	0.0	66935122	304	160.0
1606626861.42	160000	19.620451	0.0	15251076	77	160.0
