1606625542.34	40000	1.000999	0.05	334476	16	-8.0
1606625543.76	160000	1.266606	0.353	14912671	1229	-16.47999999999999
1606625545.6	160000	1.349677	0.894	24265636	1646	16.960000000000008
1606625547.64	160000	1.429149	1.096	22711544	1915	-15.360000000000014
1606625549.3	160000	1.316149	0.518	19639705	1547	77.12
1606625550.27	160000	1.377825	0.0	20946809	841	160.0
1606625550.59	160000	2.050591	0.0	11895609	246	160.0
1606625550.8	160000	2.842675	0.0	7597636	158	160.0
1606625552.25	160000	2.392145	0.0	56067905	980	160.0
1606625553.16	160000	2.479875	0.0	45444680	662	160.0
1606625555.72	160000	1.320257	0.4	54798068	2313	96.0
1606625556.19	20000	1.85242	0.0	5571764	421	-120.0
1606625556.42	20000	2.622228	0.0	4925652	181	20.0
1606625557.2	160000	2.84587	0.0	19559369	656	20.0
1606625558.66	160000	2.394478	0.0	22224402	1328	160.0
1606625560.41	160000	1.637334	0.0	22578365	1615	160.0
1606625561.13	160000	1.923617	0.0	8346702	657	160.0
1606625562.75	160000	1.477197	0.173	15775481	1538	132.32
1606625563.7	160000	1.527018	0.0	9163235	894	160.0
1606625564.19	20000	2.036094	0.0	6357933	434	-120.0
1606625566.46	160000	1.40335	0.638	28763893	2126	-82.08
1606625566.89	160000	1.980686	0.0	21266416	305	160.0
1606625567.37	160000	2.495245	0.0	23702229	345	160.0
1606625567.94	160000	2.930067	0.0	27580394	409	160.0
1606625568.36	160000	3.518567	0.0	20329780	297	160.0
1606625568.69	160000	4.186986	0.0	16109183	226	160.0
1606625570.14	160000	3.737019	0.0	58830800	1056	160.0
1606625580.51	160000	1.291598	6.933	66935122	10042	-949.28
1606625580.69	20000	2.111832	0.0	1849732	149	-120.0
1606625580.88	20000	2.919373	0.0	1942795	154	20.0
1606625581.04	20000	3.757375	0.0	1704756	137	20.0
1606625581.2	20000	4.599797	0.0	1697111	136	20.0
1606625582.15	160000	4.655058	0.0	11137898	874	20.0
1606625583.24	160000	4.560049	0.0	11485310	1022	160.0
1606625584.28	160000	4.528503	0.0	12428518	960	160.0
1606625585.13	160000	4.680242	0.0	9963766	785	160.0
1606625586.24	160000	4.575568	0.0	12189364	1027	160.0
1606625587.14	160000	4.665923	0.0	10142396	837	160.0
1606625587.97	160000	4.843046	0.0	10185488	760	160.0
1606625589.14	160000	4.669818	0.0	14061455	1092	160.0
1606625590.96	160000	3.850607	0.0	20074099	1698	160.0
1606625591.36	20000	4.454561	0.0	4742872	356	-120.0
1606625591.77	20000	5.047644	0.0	4955535	372	20.0
1606625592.42	160000	5.398567	0.0	7891151	594	20.0
1606625594.33	160000	4.488273	0.0	21012466	1786	160.0
1606625596.22	160000	3.600808	0.0	23519424	1749	160.0
1606625597.93	160000	2.888537	0.0	18715420	1602	160.0
1606625599.45	160000	2.365426	0.0	17000816	1414	160.0
1606625600.56	160000	2.256664	0.0	14448126	1022	160.0
1606625601.1	160000	2.723241	0.0	6958676	484	160.0
1606625601.79	160000	3.029462	0.0	9088791	633	160.0
1606625602.34	160000	3.477666	0.0	7211881	501	160.0
1606625602.61	160000	4.216781	0.0	3063586	230	160.0
1606625602.88	160000	4.944585	0.0	2782179	246	160.0
1606625603.77	160000	5.052473	0.0	9958410	831	160.0
1606625604.71	160000	5.119636	0.0	12158708	859	160.0
1606625605.82	160000	5.008397	0.0	12300216	1041	160.0
1606625607.24	160000	4.589761	0.0	15815684	1324	160.0
1606625608.31	160000	4.52161	0.0	13526256	991	160.0
1606625609.2	160000	4.62841	0.0	11995130	817	160.0
1606625610.21	160000	4.621467	0.0	13394791	923	160.0
1606625611.27	160000	4.558524	0.0	14135828	981	160.0
1606625612.55	160000	4.283185	0.0	15366126	1188	160.0
1606625613.62	160000	4.213865	0.0	14248439	984	160.0
1606625614.8	160000	4.035171	0.0	13843717	1089	160.0
1606625616.13	160000	3.705834	0.0	14665119	1245	160.0
1606625618.02	160000	2.815694	0.0	21079187	1769	160.0
1606625619.56	160000	2.282636	0.0	25480074	1370	160.0
1606625620.6	160000	2.243893	0.0	23021754	902	160.0
1606625621.6	160000	2.239858	0.0	27527834	824	160.0
1606625622.32	160000	2.520108	0.0	26155848	555	160.0
1606625622.82	160000	3.026327	0.0	17849379	370	160.0
1606625623.23	160000	3.61079	0.0	16546531	318	160.0
1606625623.69	160000	4.157476	0.0	17718949	342	160.0
1606625624.13	160000	4.719642	0.0	17337137	330	160.0
1606625624.62	160000	5.223893	0.0	20008245	382	160.0
1606625626.01	160000	4.837206	0.0	58430914	1071	160.0
1606625626.4	160000	5.449629	0.0	16292703	287	160.0
1606625626.96	160000	5.886776	0.0	25587422	415	160.0
1606625627.45	160000	6.403719	0.0	23982306	349	160.0
1606625627.72	160000	7.128704	0.0	13347845	196	160.0
1606625627.99	160000	7.859629	0.0	14337991	190	160.0
1606625628.27	160000	8.585154	0.0	14584990	194	160.0
1606625628.53	160000	9.322305	0.0	13962401	185	160.0
1606625628.8	160000	10.056423	0.0	14393788	184	160.0
1606625629.07	160000	10.789986	0.0	14649457	182	160.0
1606625629.3	160000	11.552301	0.0	13409715	159	160.0
1606625629.55	160000	12.307588	0.0	13909605	165	160.0
1606625629.79	160000	13.066613	0.0	13301968	158	160.0
1606625630.15	160000	13.714251	0.0	19025846	228	160.0
1606625630.49	160000	14.374607	0.0	19295426	231	160.0
1606625630.83	160000	15.03664	0.0	18261873	217	160.0
1606625631.18	160000	15.678918	0.0	19847604	234	160.0
1606625631.52	160000	16.347466	0.0	18767181	222	160.0
1606625631.9	160000	16.964974	0.0	22420858	258	160.0
1606625632.23	160000	17.639163	0.0	19324333	213	160.0
1606625632.57	160000	18.29271	0.0	20392234	224	160.0
1606625632.71	160000	19.155094	0.0	7671072	85	160.0
1606625632.98	160000	19.885317	0.0	17781906	165	160.0
1606625633.18	160000	20.690252	0.0	12839336	117	160.0
1606625633.35	160000	21.52345	0.0	10779770	99	160.0
1606625633.57	160000	22.302399	0.0	14606687	133	160.0
1606625634.16	160000	22.717191	0.0	41866951	341	160.0
1606625634.69	160000	23.186329	0.0	37238410	302	160.0
1606625634.88	160000	23.996162	0.0	14347759	107	160.0
1606625635.04	160000	24.839723	0.0	11399187	85	160.0
1606625635.18	160000	25.694541	0.0	10358641	77	160.0
1606625635.37	160000	26.50331	0.0	14315696	107	160.0
1606625635.68	160000	27.200153	0.0	23283631	172	160.0
1606625636.2	160000	27.685849	0.0	37521367	301	160.0
1606625636.51	160000	28.367542	0.0	22241104	180	160.0
1606625636.75	160000	29.133996	0.0	15813346	129	160.0
1606625636.98	160000	29.903694	0.0	17116450	127	160.0
1606625637.23	160000	30.651252	0.0	18867054	140	160.0
1606625637.48	160000	31.408637	0.0	17393609	128	160.0
1606625637.81	160000	32.079128	0.0	24759401	183	160.0
1606625638.16	160000	32.730792	0.0	25782433	191	160.0
1606625638.52	160000	33.372953	0.0	25885372	192	160.0
1606625638.86	160000	34.02501	0.0	26242011	195	160.0
1606625639.2	160000	34.693476	0.0	23865378	182	160.0
1606625639.54	160000	35.354993	0.0	25470681	195	160.0
1606625639.91	160000	35.981696	0.0	27258768	209	160.0
1606625640.17	160000	36.726071	0.0	17853711	149	160.0
1606625640.37	160000	37.519603	0.0	14829893	124	160.0
1606625640.77	160000	38.123926	0.0	27779697	233	160.0
1606625641.15	160000	38.743688	0.0	27714923	220	160.0
1606625641.51	160000	39.384503	0.0	25946474	209	160.0
1606625641.78	160000	40.114512	0.0	19596259	156	160.0
1606625642.12	160000	40.780548	0.0	23774167	200	160.0
1606625642.39	160000	41.506512	0.0	19373656	163	160.0
1606625642.74	160000	42.159698	0.0	23977420	202	160.0
1606625643.09	160000	42.814861	0.0	24493733	207	160.0
1606625643.29	160000	43.609566	0.0	14528511	123	160.0
1606625643.54	160000	44.364226	0.0	16841176	141	160.0
1606625643.78	160000	45.123098	0.0	16743604	141	160.0
1606625644.04	160000	45.867037	0.0	17975224	149	160.0
1606625644.35	160000	46.557458	0.0	22329548	184	160.0
1606625644.58	160000	47.32427	0.0	16001583	132	160.0
1606625644.85	160000	48.058511	0.0	18238584	151	160.0
1606625645.16	160000	48.751795	0.0	21308824	173	160.0
1606625645.41	160000	49.505637	0.0	17749058	145	160.0
1606625645.6	160000	50.311035	0.0	14127787	114	160.0
1606625645.85	160000	51.065488	0.0	17525699	143	160.0
1606625646.05	160000	51.863885	0.0	14240042	121	160.0
1606625646.34	160000	52.575392	0.0	20324139	174	160.0
1606625646.66	160000	53.257619	0.0	21993033	188	160.0
1606625646.94	160000	53.972898	0.0	18863108	163	160.0
1606625647.18	160000	54.742735	0.0	15964734	131	160.0
1606625647.3	160000	55.622713	0.0	8284939	68	160.0
1606625647.43	160000	56.491001	0.0	9004706	74	160.0
1606625647.53	160000	57.389539	0.0	6955279	57	160.0
1606625647.69	160000	58.233005	0.0	10701639	88	160.0
1606625647.83	160000	59.097324	0.0	9459459	77	160.0
1606625648.38	160000	59.601487	0.0	3212828	25	160.0
1606625649.43	160000	59.602467	0.0	2509989	20	160.0
1606625650.47	160000	59.603495	0.0	2004927	17	160.0
1606625651.49	160000	59.6045	0.0	591360	5	160.0
1606625653.04	160000	59.539229	0.0	2394426	19	160.0
1606625653.37	40000	1.000999	0.026	336477	3	-4.159999999999997
1606625653.65	160000	2.001999	0.0	14912671	125	40.0
1606625654.09	160000	2.576153	0.0	24265636	203	160.0
1606625654.42	160000	3.243277	0.0	22711544	188	160.0
1606625654.71	160000	3.958022	0.0	19639705	166	160.0
1606625655.0	160000	4.663953	0.0	20946809	170	160.0
1606625655.18	160000	5.521214	0.0	11895609	92	160.0
1606625655.3	160000	6.430645	0.0	7597636	59	160.0
1606625656.23	160000	6.583368	0.0	56067905	435	160.0
1606625656.85	160000	6.988678	0.0	45444680	374	160.0
1606625657.63	160000	7.273513	0.0	54798068	462	160.0
1606625658.68	160000	7.253769	0.0	69464107	585	160.0
1606625659.38	160000	7.560766	0.0	50637608	418	160.0
1606625659.66	160000	8.276527	0.0	19559369	155	160.0
1606625659.97	160000	8.966734	0.0	22224402	176	160.0
1606625660.28	160000	9.660879	0.0	22578365	178	160.0
1606625660.4	160000	10.540504	0.0	8346702	66	160.0
1606625660.62	160000	11.320402	0.0	15775481	124	160.0
1606625660.75	160000	12.191136	0.0	9163235	73	160.0
1606625661.28	160000	12.66597	0.0	41307095	314	160.0
1606625661.66	160000	13.280053	0.0	28763893	215	160.0
1606625661.95	160000	13.998526	0.0	21266416	154	160.0
1606625662.28	160000	14.662533	0.0	23702229	176	160.0
1606625662.66	160000	15.291462	0.0	27580394	209	160.0
1606625662.94	160000	16.005847	0.0	20329780	153	160.0
1606625663.2	160000	16.753544	0.0	16109183	151	160.0
1606625664.1	160000	16.851898	0.0	58830800	551	160.0
1606625664.99	160000	16.968578	0.0	66935122	515	160.0
