1606628908.36	40000	1.000999	0.017	334476	6	-2.719999999999999
1606628908.88	160000	1.835524	0.0	14912671	292	40.0
1606628910.49	160000	1.333516	0.065	24265636	1410	149.6
1606628912.2	160000	1.428209	0.765	22711544	1582	37.599999999999994
1606628913.76	160000	1.303609	0.415	19639705	1457	93.6
1606628915.46	160000	1.302215	0.666	20946809	1579	53.44
1606628916.58	160000	1.468675	0.291	11895609	1060	113.44
1606628917.21	160000	1.842952	0.0	7597636	571	160.0
1606628917.61	20000	2.445834	0.0	4047415	359	-120.0
1606628917.89	20000	3.166145	0.0	2863079	254	20.0
1606628918.17	20000	3.887009	0.0	4167844	246	20.0
1606628918.34	20000	4.713161	0.0	5571764	132	20.0
1606628919.77	160000	4.286575	0.0	50637608	974	20.0
1606628920.13	160000	4.928083	0.0	19559369	236	160.0
1606628920.64	160000	5.418783	0.0	22224402	380	160.0
1606628921.16	160000	5.900869	0.0	22578365	386	160.0
1606628922.81	160000	5.244564	0.0	8346702	1602	160.0
1606628922.93	20000	6.128381	0.0	1113969	94	-120.0
1606628923.02	20000	7.041416	0.0	820127	67	20.0
1606628923.59	20000	7.470999	0.0	6357933	524	20.0
1606628924.03	20000	8.036219	0.0	4814284	392	20.0
1606628925.28	160000	7.786126	0.0	21266416	1117	20.0
1606628926.75	160000	7.317234	0.0	23702229	1337	160.0
1606628927.96	160000	7.109498	0.0	27580394	1049	160.0
1606628928.74	160000	7.333668	0.0	20329780	660	160.0
1606628929.39	160000	7.677058	0.0	16109183	556	160.0
1606628932.58	160000	5.496654	0.0	58830800	2758	160.0
1606628934.62	160000	4.453218	0.0	66935122	1648	160.0
1606628935.14	160000	4.933342	0.0	15251076	421	160.0
1606628935.64	160000	5.433668	0.0	16574034	389	160.0
1606628936.02	160000	6.060104	0.0	13009028	292	160.0
1606628936.41	160000	6.667534	0.0	12791674	297	160.0
1606628936.79	160000	7.302168	0.0	11137898	293	160.0
1606628937.17	160000	7.910244	0.0	11485310	290	160.0
1606628937.56	160000	8.515793	0.0	12428518	305	160.0
1606628937.87	160000	9.204159	0.0	9963766	226	160.0
1606628938.23	160000	9.846478	0.0	12189364	275	160.0
1606628943.0	160000	6.084068	0.0	10142396	4688	160.0
1606628944.1	160000	5.981156	0.0	10185488	1035	160.0
1606628945.21	160000	5.873264	0.0	14061455	1012	160.0
1606628946.53	160000	5.559149	0.0	20074099	1190	160.0
1606628946.68	20000	6.407769	0.0	4742872	106	-120.0
1606628947.71	160000	6.378612	0.0	40906522	763	20.0
1606628947.86	160000	7.224993	0.0	7891151	86	160.0
1606628948.23	160000	7.863525	0.0	21012466	235	160.0
1606628948.62	160000	8.466317	0.0	23519424	244	160.0
1606628948.94	160000	9.148919	0.0	18715420	206	160.0
1606628949.24	160000	9.856952	0.0	17000816	176	160.0
1606628949.47	160000	10.625203	0.0	14448126	140	160.0
1606628949.59	160000	11.50118	0.0	6958676	63	160.0
1606628949.74	160000	12.351635	0.0	9088791	85	160.0
1606628949.86	160000	13.236412	0.0	7211881	67	160.0
1606628949.93	160000	14.168635	0.0	3063586	21	160.0
1606628949.99	160000	15.111662	0.0	2782179	27	160.0
1606628950.15	160000	15.95251	0.0	9958410	95	160.0
1606628950.36	160000	16.735873	0.0	12158708	126	160.0
1606628950.63	160000	17.480068	0.0	12300216	175	160.0
1606628950.93	160000	18.16627	0.0	15815684	199	160.0
1606628951.19	160000	18.911237	0.0	13526256	174	160.0
1606628951.42	160000	19.68205	0.0	11995130	152	160.0
1606628951.67	160000	20.435162	0.0	13394791	166	160.0
1606628951.93	160000	21.171411	0.0	14135828	175	160.0
1606628952.22	160000	21.889627	0.0	15366126	193	160.0
1606628952.49	160000	22.614818	0.0	14248439	190	160.0
1606628952.77	160000	23.340473	0.0	13843717	182	160.0
1606628953.09	160000	24.015356	0.0	14665119	205	160.0
1606628953.72	160000	24.384574	0.0	21079187	498	160.0
1606628955.55	160000	23.563699	0.0	25480074	1679	160.0
1606628955.99	160000	24.118868	0.0	23021754	311	160.0
1606628956.52	160000	24.595574	0.0	27527834	373	160.0
1606628957.2	160000	24.916745	0.0	26155848	511	160.0
1606628957.59	160000	25.526702	0.0	17849379	284	160.0
1606628957.89	160000	26.234038	0.0	16546531	197	160.0
1606628958.21	160000	26.906722	0.0	17718949	209	160.0
1606628958.6	160000	27.518456	0.0	17337137	285	160.0
1606628959.39	160000	27.731736	0.0	20008245	672	160.0
1606628964.37	160000	23.752857	0.0	58430914	4649	160.0
1606628964.82	160000	24.305676	0.0	16292703	335	160.0
1606628965.44	160000	24.678043	0.0	25587422	478	160.0
1606628965.82	160000	25.297428	0.0	23982306	248	160.0
1606628966.04	160000	26.079024	0.0	13347845	135	160.0
1606628966.27	160000	26.850223	0.0	14337991	146	160.0
1606628966.51	160000	27.61301	0.0	14584990	153	160.0
1606628966.73	160000	28.392166	0.0	13962401	138	160.0
1606628966.97	160000	29.156157	0.0	14393788	154	160.0
1606628967.2	160000	29.928565	0.0	14649457	146	160.0
1606628967.41	160000	30.717867	0.0	13409715	133	160.0
1606628967.62	160000	31.509414	0.0	13909605	132	160.0
1606628967.84	160000	32.293558	0.0	13301968	140	160.0
1606628968.14	160000	32.995512	0.0	19025846	179	160.0
1606628968.44	160000	33.69694	0.0	19295426	187	160.0
1606628968.7	160000	34.429074	0.0	18261873	165	160.0
1606628969.01	160000	35.128489	0.0	19847604	185	160.0
1606628969.29	160000	35.848352	0.0	18767181	170	160.0
1606628969.61	160000	36.528052	0.0	22420858	197	160.0
1606628969.89	160000	37.244864	0.0	19324333	160	160.0
1606628970.18	160000	37.959213	0.0	20392234	169	160.0
1606628970.3	160000	38.84413	0.0	7671072	63	160.0
1606628970.55	160000	39.586846	0.0	17781906	146	160.0
1606628970.76	160000	40.386745	0.0	12839336	121	160.0
1606628970.93	160000	41.212553	0.0	10779770	101	160.0
1606628971.15	160000	41.994024	0.0	14606687	134	160.0
1606628971.79	160000	42.358996	0.0	41866951	383	160.0
1606628972.33	160000	42.819775	0.0	37238410	324	160.0
1606628972.53	160000	43.613505	0.0	14347759	124	160.0
1606628972.69	160000	44.454287	0.0	11399187	90	160.0
1606628972.85	160000	45.30093	0.0	10358641	80	160.0
1606628973.04	160000	46.105445	0.0	14315696	113	160.0
1606628973.37	160000	46.784301	0.0	23283631	190	160.0
1606628974.5	160000	46.660775	0.0	37521367	900	160.0
1606628975.76	160000	46.391862	0.0	22241104	1135	160.0
1606628976.18	160000	46.971241	0.0	15813346	320	160.0
1606628976.75	160000	47.40954	0.0	17116450	456	160.0
1606628978.17	160000	46.987145	0.0	18867054	1314	160.0
1606628979.54	160000	46.613932	0.0	17393609	1268	160.0
1606628981.67	160000	45.491678	0.0	24759401	1975	160.0
1606628983.95	160000	44.210693	0.0	25782433	2128	160.0
1606628986.0	160000	43.156302	0.0	25885372	1893	160.0
1606628987.15	160000	43.012432	0.0	26242011	996	160.0
1606628987.8	160000	43.361544	0.0	23865378	500	160.0
1606628988.32	160000	43.845856	0.0	25470681	373	160.0
1606628989.29	160000	43.870649	0.0	27258768	796	160.0
1606628990.58	160000	43.582767	0.0	17853711	1184	160.0
1606628991.05	160000	44.120294	0.0	14829893	374	160.0
1606628991.85	160000	44.321387	0.0	27779697	631	160.0
1606628992.42	160000	44.74372	0.0	27714923	421	160.0
1606628992.95	160000	45.216266	0.0	25946474	371	160.0
1606628993.35	160000	45.820217	0.0	19596259	273	160.0
1606628993.84	160000	46.3265	0.0	23774167	364	160.0
1606628994.35	160000	46.821997	0.0	19373656	386	160.0
1606628996.5	160000	45.674607	0.0	23977420	2009	160.0
1606628998.37	160000	44.801943	0.0	24493733	1727	160.0
1606628999.46	160000	44.716736	0.0	14528511	999	160.0
1606629000.89	160000	44.281427	0.0	16841176	1336	160.0
1606629002.15	160000	44.028551	0.0	16743604	1150	160.0
1606629003.52	160000	43.661629	0.0	17975224	1260	160.0
1606629005.22	160000	42.956853	0.0	22329548	1572	160.0
1606629005.9	160000	43.279188	0.0	16001583	580	160.0
1606629006.27	160000	43.91585	0.0	18238584	256	160.0
1606629006.7	160000	44.477841	0.0	21308824	299	160.0
1606629006.97	160000	45.212697	0.0	17749058	154	160.0
1606629007.17	160000	46.009687	0.0	14127787	122	160.0
1606629007.43	160000	46.756712	0.0	17525699	152	160.0
1606629007.65	160000	47.537886	0.0	14240042	123	160.0
1606629007.95	160000	48.239079	0.0	20324139	182	160.0
1606629008.28	160000	48.915923	0.0	21993033	199	160.0
1606629008.57	160000	49.621676	0.0	18863108	168	160.0
1606629008.82	160000	50.375543	0.0	15964734	144	160.0
1606629008.93	160000	51.258204	0.0	8284939	64	160.0
1606629009.07	160000	52.125119	0.0	9004706	74	160.0
1606629009.17	160000	53.023329	0.0	6955279	53	160.0
1606629009.32	160000	53.875273	0.0	10701639	82	160.0
1606629009.45	160000	54.741294	0.0	9459459	72	160.0
1606629009.51	160000	55.687153	0.0	3212828	24	160.0
1606629009.56	160000	56.640289	0.0	2509989	20	160.0
1606629009.6	160000	57.601534	0.0	2004927	15	160.0
1606629009.62	160000	58.578765	0.0	591360	4	160.0
1606629009.66	160000	59.969381	0.0	2394426	18	160.0
1606629010.04	40000	1.000999	0.031	336477	3	-4.960000000000001
1606629010.35	160000	1.992731	0.0	14912671	151	40.0
1606629010.82	160000	2.52751	0.0	24265636	246	160.0
1606629011.17	160000	3.176733	0.0	22711544	209	160.0
1606629011.48	160000	3.870592	0.0	19639705	181	160.0
1606629011.8	160000	4.55388	0.0	20946809	193	160.0
1606629011.98	160000	5.438118	0.0	11895609	98	160.0
1606629012.1	160000	6.328046	0.0	7597636	62	160.0
1606629013.02	160000	6.45598	0.0	56067905	460	160.0
1606629013.64	160000	6.90029	0.0	45444680	365	160.0
1606629014.4	160000	7.1652	0.0	54798068	448	160.0
1606629015.46	160000	7.134592	0.0	69464107	588	160.0
1606629016.16	160000	7.429649	0.0	50637608	440	160.0
1606629016.46	160000	8.138607	0.0	19559369	177	160.0
1606629016.78	160000	8.814095	0.0	22224402	200	160.0
1606629017.07	160000	9.529065	0.0	22578365	159	160.0
1606629017.18	160000	10.416457	0.0	8346702	58	160.0
1606629017.39	160000	11.207835	0.0	15775481	113	160.0
1606629017.52	160000	12.082249	0.0	9163235	65	160.0
1606629018.03	160000	12.566134	0.0	41307095	298	160.0
1606629018.44	160000	13.159898	0.0	28763893	227	160.0
1606629018.74	160000	13.862788	0.0	21266416	168	160.0
1606629019.07	160000	14.537813	0.0	23702229	175	160.0
1606629019.43	160000	15.177407	0.0	27580394	204	160.0
1606629019.72	160000	15.891563	0.0	20329780	152	160.0
1606629019.94	160000	16.671543	0.0	16109183	114	160.0
1606629020.69	160000	16.920719	0.0	58830800	410	160.0
1606629021.61	160000	16.99643	0.0	66935122	564	160.0
1606629021.84	160000	17.768428	0.0	15251076	129	160.0
