1606622170.22	40000	1.000999	0.046	334476	33	-7.359999999999999
1606622171.62	160000	1.296204	0.339	14912671	1216	-14.240000000000009
1606622173.76	160000	1.356758	1.173	24265636	1959	-27.680000000000007
1606622175.69	160000	1.402979	0.956	22711544	1800	7.039999999999992
1606622177.41	160000	1.305328	0.573	19639705	1605	68.32
1606622179.03	160000	1.294044	0.583	20946809	1492	66.72
1606622180.24	160000	1.367272	0.278	11895609	1129	115.52000000000001
1606622181.02	160000	1.590473	0.0	7597636	720	160.0
1606622181.21	20000	2.39772	0.0	4047415	138	-120.0
1606622181.34	20000	3.268352	0.0	2863079	99	20.0
1606622181.53	20000	4.083594	0.0	4167844	145	20.0
1606622181.77	20000	4.841818	0.0	5571764	189	20.0
1606622181.99	20000	5.623653	0.0	4925652	163	20.0
1606622182.51	160000	6.098473	0.0	19559369	380	20.0
1606622183.11	160000	6.506953	0.0	22224402	452	160.0
1606622183.66	160000	6.960119	0.0	22578365	406	160.0
1606622183.86	160000	7.749755	0.0	8346702	145	160.0
1606622184.33	160000	8.287709	0.0	15775481	362	160.0
1606622184.63	160000	8.983235	0.0	9163235	240	160.0
1606622188.61	160000	6.007469	0.0	41307095	3638	160.0
1606622190.87	160000	4.753349	0.0	28763893	2071	160.0
1606622192.58	160000	4.044499	0.0	21266416	1554	160.0
1606622193.84	160000	3.789015	0.0	23702229	1111	160.0
1606622194.9	160000	3.724633	0.0	27580394	886	160.0
1606622196.16	160000	3.465187	0.0	20329780	1105	160.0
1606622201.41	160000	1.424662	2.215	16109183	5176	-194.39999999999998
1606622202.16	20000	1.679881	0.0	9946363	675	-120.0
1606622203.02	20000	1.828916	0.0	11684632	780	20.0
1606622204.36	160000	1.486042	0.0	15251076	1246	20.0
1606622205.64	160000	1.393697	0.193	16574034	1195	129.12
1606622206.61	160000	1.422819	0.0	13009028	894	160.0
1606622207.64	160000	1.396961	0.0	12791674	952	160.0
1606622208.6	160000	1.439994	0.0	11137898	889	160.0
1606622209.46	160000	1.575599	0.0	11485310	793	160.0
1606622210.39	160000	1.646207	0.0	12428518	855	160.0
1606622211.16	160000	1.880475	0.0	9963766	705	160.0
1606622212.11	160000	1.93647	0.0	12189364	866	160.0
1606622212.9	160000	2.145662	0.0	10142396	730	160.0
1606622213.76	160000	2.279194	0.0	10185488	800	160.0
1606622214.99	160000	2.054551	0.0	14061455	1140	160.0
1606622216.81	160000	1.347129	0.113	20074099	1715	141.92000000000002
1606622217.19	20000	1.965543	0.0	4742872	337	-120.0
1606622217.64	20000	2.521674	0.0	4955535	404	20.0
1606622218.35	160000	2.814185	0.0	7891151	652	20.0
1606622220.11	160000	2.049388	0.0	21012466	1639	160.0
1606622222.17	160000	1.465715	0.47	23519424	1934	84.8
1606622223.57	160000	1.436998	0.373	18715420	1310	100.32
1606622224.83	160000	1.310844	0.131	17000816	1167	139.04
1606622225.91	160000	1.442546	0.216	14448126	1013	125.44
1606622226.45	160000	1.911527	0.0	6958676	481	160.0
1606622227.12	160000	2.234291	0.0	9088791	617	160.0
1606622227.74	160000	2.623538	0.0	7211881	564	160.0
1606622228.02	160000	3.337414	0.0	3063586	258	160.0
1606622228.28	160000	4.078107	0.0	2782179	234	160.0
1606622229.03	160000	4.32984	0.0	9958410	686	160.0
1606622229.93	160000	4.434884	0.0	12158708	819	160.0
1606622230.87	160000	4.497684	0.0	12300216	866	160.0
1606622232.15	160000	4.216956	0.0	15815684	1189	160.0
1606622233.2	160000	4.16759	0.0	13526256	969	160.0
1606622234.16	160000	4.204983	0.0	11995130	887	160.0
1606622235.39	160000	3.97465	0.0	13394791	1153	160.0
1606622236.56	160000	3.805561	0.0	14135828	1086	160.0
1606622238.02	160000	3.354633	0.0	15366126	1359	160.0
1606622239.47	160000	2.899745	0.0	14248439	1374	160.0
1606622240.59	160000	2.781981	0.0	13843717	1038	160.0
1606622241.79	160000	2.583315	0.0	14665119	1110	160.0
1606622243.63	160000	1.747998	0.0	21079187	1711	160.0
1606622245.67	160000	1.427188	0.72	25480074	1913	44.8
1606622247.77	160000	1.398511	1.071	23021754	1969	-11.360000000000014
1606622249.94	160000	1.402378	1.177	27527834	2015	-28.319999999999993
1606622252.22	160000	1.397931	1.267	26155848	2143	-42.72
1606622253.0	160000	1.614273	0.0	17849379	674	160.0
1606622253.62	160000	1.993427	0.0	16546531	507	160.0
1606622254.13	160000	2.491925	0.0	17718949	394	160.0
1606622254.64	160000	2.98187	0.0	17337137	386	160.0
1606622255.21	160000	3.407048	0.0	20008245	454	160.0
1606622257.6	160000	2.017847	0.0	58430914	1913	160.0
1606622258.05	160000	2.572516	0.0	16292703	339	160.0
1606622259.2	160000	2.422482	0.0	25587422	997	160.0
1606622261.98	160000	1.423695	0.764	23982306	2651	37.760000000000005
1606622264.72	160000	1.439318	1.773	13347845	2669	-123.68
1606622265.79	160000	1.462967	0.088	14337991	993	145.92
1606622266.76	160000	1.493694	0.0	14584990	885	160.0
1606622267.18	160000	2.068725	0.0	13962401	346	160.0
1606622267.63	160000	2.618677	0.0	14393788	364	160.0
1606622267.93	160000	3.327966	0.0	14649457	206	160.0
1606622268.2	160000	4.058521	0.0	13409715	189	160.0
1606622268.48	160000	4.773293	0.0	13909605	196	160.0
1606622268.72	160000	5.538108	0.0	13301968	157	160.0
1606622269.03	160000	6.229526	0.0	19025846	194	160.0
1606622269.34	160000	6.914907	0.0	19295426	197	160.0
1606622269.64	160000	7.616953	0.0	18261873	186	160.0
1606622269.96	160000	8.300245	0.0	19847604	189	160.0
1606622270.26	160000	9.00509	0.0	18767181	180	160.0
1606622270.61	160000	9.657612	0.0	22420858	215	160.0
1606622270.91	160000	10.348327	0.0	19324333	186	160.0
1606622271.23	160000	11.03214	0.0	20392234	194	160.0
1606622271.37	160000	11.905281	0.0	7671072	73	160.0
1606622271.65	160000	12.61947	0.0	17781906	168	160.0
1606622271.84	160000	13.430171	0.0	12839336	109	160.0
1606622272.0	160000	14.26349	0.0	10779770	92	160.0
1606622272.22	160000	15.052107	0.0	14606687	125	160.0
1606622272.84	160000	15.432134	0.0	41866951	358	160.0
1606622273.53	160000	15.744273	0.0	37238410	458	160.0
1606622273.79	160000	16.481916	0.0	14347759	177	160.0
1606622274.0	160000	17.275273	0.0	11399187	135	160.0
1606622274.19	160000	18.084868	0.0	10358641	122	160.0
1606622274.44	160000	18.833304	0.0	14315696	171	160.0
1606622274.86	160000	19.416271	0.0	23283631	286	160.0
1606622275.56	160000	19.713311	0.0	37521367	488	160.0
1606622276.3	160000	19.973851	0.0	22241104	614	160.0
1606622276.81	160000	20.464694	0.0	15813346	408	160.0
1606622277.23	160000	21.049366	0.0	17116450	309	160.0
1606622277.69	160000	21.592776	0.0	18867054	341	160.0
1606622278.13	160000	22.154417	0.0	17393609	326	160.0
1606622278.76	160000	22.525893	0.0	24759401	475	160.0
1606622279.32	160000	22.962166	0.0	25782433	415	160.0
1606622279.97	160000	23.316414	0.0	25885372	485	160.0
1606622280.8	160000	23.484149	0.0	26242011	682	160.0
1606622281.84	160000	23.447529	0.0	23865378	878	160.0
1606622286.1	160000	20.185583	0.0	25470681	4115	160.0
1606622288.48	160000	18.806224	0.0	27258768	2195	160.0
1606622289.87	160000	18.420602	0.0	17853711	1279	160.0
1606622290.95	160000	18.34151	0.0	14829893	995	160.0
1606622293.1	160000	17.191726	0.0	27779697	1980	160.0
1606622297.28	160000	14.009362	0.0	27714923	4008	160.0
1606622307.14	160000	5.158318	0.0	25946474	9682	160.0
1606622308.78	160000	4.516249	0.0	19596259	1520	160.0
1606622310.47	160000	3.823392	0.0	23774167	1551	160.0
1606622311.37	160000	3.927548	0.0	19373656	773	160.0
1606622312.39	160000	3.911177	0.0	23977420	881	160.0
1606622313.4	160000	3.897994	0.0	24493733	874	160.0
1606622314.03	160000	4.273588	0.0	14528511	538	160.0
1606622314.73	160000	4.570249	0.0	16841176	591	160.0
1606622315.86	160000	4.444821	0.0	16743604	1016	160.0
1606622318.81	160000	2.495253	0.0	17975224	2840	160.0
1606622320.52	160000	1.784781	0.0	22329548	1580	160.0
1606622321.78	160000	1.528972	0.0	16001583	1155	160.0
1606622323.17	160000	1.357326	0.225	18238584	1306	124.0
1606622325.59	160000	1.33365	1.388	21308824	2296	-62.08000000000001
1606622326.5	160000	1.460788	0.037	17749058	807	154.08
1606622327.08	160000	1.883015	0.0	14127787	494	160.0
1606622327.63	160000	2.327733	0.0	17525699	447	160.0
1606622328.06	160000	2.899405	0.0	14240042	348	160.0
1606622328.6	160000	3.358438	0.0	20324139	419	160.0
1606622329.18	160000	3.780923	0.0	21993033	449	160.0
1606622329.68	160000	4.288524	0.0	18863108	381	160.0
1606622330.09	160000	4.874807	0.0	15964734	314	160.0
1606622330.3	160000	5.668869	0.0	8284939	149	160.0
1606622330.52	160000	6.446476	0.0	9004706	162	160.0
1606622330.69	160000	7.273498	0.0	6955279	122	160.0
1606622330.96	160000	8.010082	0.0	10701639	192	160.0
1606622331.23	160000	8.744079	0.0	9459459	204	160.0
1606622331.33	160000	9.643465	0.0	3212828	69	160.0
1606622331.41	160000	10.561441	0.0	2509989	53	160.0
1606622331.48	160000	11.494457	0.0	2004927	44	160.0
1606622331.51	160000	12.465005	0.0	591360	13	160.0
1606622331.59	160000	13.819078	0.0	2394426	51	160.0
1606622331.9	40000	1.000999	0.039	336477	7	-6.240000000000002
1606622333.03	160000	1.352011	0.166	14912671	991	13.439999999999998
1606622334.65	160000	1.37326	0.608	24265636	1429	62.72
1606622335.29	160000	1.764813	0.0	22711544	497	160.0
1606622335.78	160000	2.296669	0.0	19639705	371	160.0
1606622350.44	160000	1.29072	12.571	20946809	14548	-1851.36
1606622351.42	160000	1.349518	0.032	11895609	898	154.88
1606622352.12	160000	1.643008	0.0	7597636	657	160.0
1606622352.47	20000	2.292608	0.0	4047415	312	-120.0
1606622352.73	20000	3.040511	0.0	2863079	223	20.0
1606622353.09	20000	3.684181	0.0	4167844	322	20.0
1606622353.51	20000	4.262191	0.0	5571764	381	20.0
1606622353.88	20000	4.890798	0.0	4925652	336	20.0
1606622355.55	160000	4.217901	0.0	19559369	1552	20.0
1606622358.61	160000	2.164494	0.0	22224402	2902	160.0
1606622360.78	160000	1.402522	0.413	22578365	2065	93.92
1606622361.34	160000	1.848013	0.0	8346702	497	160.0
1606622362.21	160000	1.978299	0.0	15775481	775	160.0
1606622362.54	160000	2.64996	0.0	9163235	263	160.0
1606622363.87	160000	2.322534	0.0	41307095	992	160.0
1606622364.54	160000	2.654177	0.0	28763893	511	160.0
1606622365.03	160000	3.165653	0.0	21266416	349	160.0
1606622365.55	160000	3.645598	0.0	23702229	378	160.0
1606622366.13	160000	4.066897	0.0	27580394	422	160.0
1606622366.58	160000	4.612345	0.0	20329780	327	160.0
1606622366.94	160000	5.261143	0.0	16109183	260	160.0
1606622376.47	160000	1.31931	4.597	58830800	9145	-575.52
