1606627706.16	40000	1.000999	0.036	334476	25	-5.759999999999998
1606627707.3	160000	1.216967	0.0	14912671	933	40.0
1606627708.46	160000	1.33818	0.253	24265636	984	119.52000000000001
1606627712.23	160000	1.432408	2.838	22711544	3647	-294.08
1606627713.72	160000	1.310879	0.34	19639705	1384	105.6
1606627715.54	160000	1.275901	0.767	20946809	1710	37.28
1606627716.47	160000	1.351764	0.0	11895609	848	160.0
1606627717.08	160000	1.739448	0.0	7597636	555	160.0
1606627717.45	20000	2.369943	0.0	4047415	331	-120.0
1606627717.72	20000	3.1071	0.0	2863079	234	20.0
1606627718.09	20000	3.736871	0.0	4167844	334	20.0
1606627718.54	20000	4.285233	0.0	5571764	411	20.0
1606627718.94	20000	4.883051	0.0	4925652	363	20.0
1606627720.11	160000	4.714668	0.0	19559369	1050	20.0
1606627722.22	160000	3.604533	0.0	22224402	1978	160.0
1606627725.38	160000	1.451119	0.0	22578365	3020	160.0
1606627725.73	160000	2.100063	0.0	8346702	286	160.0
1606627726.27	160000	2.561533	0.0	15775481	441	160.0
1606627726.51	160000	3.320282	0.0	9163235	181	160.0
1606627727.59	160000	3.24736	0.0	41307095	766	160.0
1606627728.24	160000	3.59586	0.0	28763893	482	160.0
1606627728.7	160000	4.132024	0.0	21266416	326	160.0
1606627729.2	160000	4.635725	0.0	23702229	362	160.0
1606627729.76	160000	5.076711	0.0	27580394	392	160.0
1606627730.18	160000	5.655125	0.0	20329780	292	160.0
1606627730.84	160000	6.000232	0.0	16109183	556	160.0
1606627747.58	160000	1.126158	10.868	58830800	16327	-1578.88
1606627747.93	20000	1.779139	0.0	11684632	263	-120.0
1606627748.36	160000	2.345922	0.0	15251076	339	20.0
1606627748.82	160000	2.883741	0.0	16574034	361	160.0
1606627749.19	160000	3.522724	0.0	13009028	283	160.0
1606627749.65	160000	4.063641	0.0	12791674	379	160.0
1606627750.05	160000	4.662454	0.0	11137898	330	160.0
1606627750.75	160000	4.961608	0.0	11485310	627	160.0
1606627751.72	160000	4.991312	0.0	12428518	896	160.0
1606627752.59	160000	5.126274	0.0	9963766	803	160.0
1606627753.48	160000	5.234017	0.0	12189364	820	160.0
1606627753.94	160000	5.772336	0.0	10142396	398	160.0
1606627754.34	160000	6.37929	0.0	10185488	328	160.0
1606627754.71	160000	7.012024	0.0	14061455	285	160.0
1606627755.23	160000	7.490035	0.0	20074099	406	160.0
1606627756.39	160000	7.33364	0.0	46115254	895	160.0
1606627757.31	160000	7.415415	0.0	40906522	686	160.0
1606627757.49	160000	8.23157	0.0	7891151	134	160.0
1606627757.98	160000	8.741067	0.0	21012466	372	160.0
1606627758.53	160000	9.199339	0.0	23519424	409	160.0
1606627758.99	160000	9.736528	0.0	18715420	350	160.0
1606627759.39	160000	10.337116	0.0	17000816	300	160.0
1606627759.72	160000	11.009087	0.0	14448126	238	160.0
1606627759.89	160000	11.842351	0.0	6958676	116	160.0
1606627760.1	160000	12.634383	0.0	9088791	150	160.0
1606627760.27	160000	13.465556	0.0	7211881	118	160.0
1606627760.34	160000	14.390891	0.0	3063586	48	160.0
1606627760.41	160000	15.321187	0.0	2782179	44	160.0
1606627760.63	160000	16.100422	0.0	9958410	159	160.0
1606627760.9	160000	16.835334	0.0	12158708	193	160.0
1606627761.17	160000	17.566295	0.0	12300216	195	160.0
1606627761.53	160000	18.21553	0.0	15815684	247	160.0
1606627761.82	160000	18.914293	0.0	13526256	217	160.0
1606627762.09	160000	19.649273	0.0	11995130	192	160.0
1606627762.38	160000	20.360276	0.0	13394791	214	160.0
1606627762.69	160000	21.051481	0.0	14135828	224	160.0
1606627763.02	160000	21.720617	0.0	15366126	242	160.0
1606627763.33	160000	22.41526	0.0	14248439	225	160.0
1606627763.63	160000	23.116135	0.0	13843717	211	160.0
1606627763.94	160000	23.801137	0.0	14665119	224	160.0
1606627764.39	160000	24.356931	0.0	21079187	321	160.0
1606627764.87	160000	24.872172	0.0	25480074	339	160.0
1606627765.32	160000	25.425175	0.0	23021754	307	160.0
1606627765.83	160000	25.922895	0.0	27527834	344	160.0
1606627766.32	160000	26.429841	0.0	26155848	325	160.0
1606627766.65	160000	27.097973	0.0	17849379	222	160.0
1606627766.96	160000	27.790246	0.0	16546531	207	160.0
1606627767.3	160000	28.45714	0.0	17718949	220	160.0
1606627767.6	160000	29.152605	0.0	17337137	203	160.0
1606627767.94	160000	29.816076	0.0	20008245	223	160.0
1606627768.87	160000	29.887411	0.0	58430914	621	160.0
1606627769.14	160000	30.616989	0.0	16292703	164	160.0
1606627769.53	160000	31.230204	0.0	25587422	247	160.0
1606627769.88	160000	31.878953	0.0	23982306	217	160.0
1606627770.08	160000	32.679367	0.0	13347845	121	160.0
1606627770.3	160000	33.456073	0.0	14337991	136	160.0
1606627770.58	160000	34.182755	0.0	14584990	192	160.0
1606627770.85	160000	34.916794	0.0	13962401	185	160.0
1606627771.13	160000	35.633204	0.0	14393788	203	160.0
1606627771.41	160000	36.359363	0.0	14649457	189	160.0
1606627771.62	160000	37.147024	0.0	13409715	131	160.0
1606627771.83	160000	37.93166	0.0	13909605	136	160.0
1606627772.04	160000	38.725737	0.0	13301968	130	160.0
1606627772.34	160000	39.427024	0.0	19025846	186	160.0
1606627772.66	160000	40.112288	0.0	19295426	200	160.0
1606627772.95	160000	40.819809	0.0	18261873	189	160.0
1606627773.27	160000	41.501422	0.0	19847604	204	160.0
1606627773.59	160000	42.184945	0.0	18767181	207	160.0
1606627773.97	160000	42.805663	0.0	22420858	252	160.0
1606627774.3	160000	43.476356	0.0	19324333	218	160.0
1606627774.71	160000	44.064494	0.0	20392234	296	160.0
1606627774.88	160000	44.897624	0.0	7671072	116	160.0
1606627775.25	160000	45.527236	0.0	17781906	268	160.0
1606627775.56	160000	46.219707	0.0	12839336	229	160.0
1606627775.82	160000	46.956028	0.0	10779770	196	160.0
1606627776.19	160000	47.593183	0.0	14606687	279	160.0
1606627781.71	160000	43.076963	0.0	41866951	5268	160.0
1606627783.28	160000	42.504865	0.0	37238410	1356	160.0
1606627783.81	160000	42.974089	0.0	14347759	447	160.0
1606627784.29	160000	43.496937	0.0	11399187	408	160.0
1606627784.66	160000	44.121004	0.0	10358641	312	160.0
1606627785.15	160000	44.636269	0.0	14315696	405	160.0
1606627786.42	160000	44.371059	0.0	23283631	1130	160.0
1606627788.0	160000	43.787989	0.0	37521367	1345	160.0
1606627789.21	160000	43.58918	0.0	22241104	1065	160.0
1606627789.91	160000	43.881631	0.0	15813346	603	160.0
1606627790.53	160000	44.260028	0.0	17116450	519	160.0
1606627792.76	160000	43.029134	0.0	18867054	2123	160.0
1606627794.75	160000	42.045482	0.0	17393609	1884	160.0
1606627797.01	160000	40.784374	0.0	24759401	2125	160.0
1606627798.18	160000	40.620391	0.0	25782433	1007	160.0
1606627798.96	160000	40.83315	0.0	25885372	619	160.0
1606627799.69	160000	41.107173	0.0	26242011	574	160.0
1606627800.29	160000	41.512054	0.0	23865378	448	160.0
1606627800.95	160000	41.85343	0.0	25470681	520	160.0
1606627801.71	160000	42.090928	0.0	27258768	597	160.0
1606627802.23	160000	42.57123	0.0	17853711	420	160.0
1606627802.66	160000	43.139705	0.0	14829893	343	160.0
1606627803.42	160000	43.382492	0.0	27779697	603	160.0
1606627804.14	160000	43.665072	0.0	27714923	568	160.0
1606627804.84	160000	43.969325	0.0	25946474	537	160.0
1606627805.37	160000	44.437371	0.0	19596259	422	160.0
1606627806.0	160000	44.807628	0.0	23774167	485	160.0
1606627806.52	160000	45.297252	0.0	19373656	388	160.0
1606627807.13	160000	45.68353	0.0	23977420	447	160.0
1606627807.73	160000	46.082996	0.0	24493733	469	160.0
1606627808.07	160000	46.738483	0.0	14528511	258	160.0
1606627808.47	160000	47.343318	0.0	16841176	300	160.0
1606627808.87	160000	47.948109	0.0	16743604	298	160.0
1606627809.29	160000	48.523565	0.0	17975224	319	160.0
1606627809.82	160000	49.000525	0.0	22329548	397	160.0
1606627810.2	160000	49.621925	0.0	16001583	286	160.0
1606627810.63	160000	50.189737	0.0	18238584	325	160.0
1606627811.09	160000	50.728751	0.0	21308824	331	160.0
1606627811.47	160000	51.348488	0.0	17749058	276	160.0
1606627811.77	160000	52.049283	0.0	14127787	214	160.0
1606627812.14	160000	52.681397	0.0	17525699	263	160.0
1606627812.44	160000	53.384615	0.0	14240042	214	160.0
1606627812.87	160000	53.953651	0.0	20324139	310	160.0
1606627813.34	160000	54.487036	0.0	21993033	338	160.0
1606627813.75	160000	55.079464	0.0	18863108	294	160.0
1606627814.07	160000	55.759375	0.0	15964734	219	160.0
1606627814.24	160000	56.588954	0.0	8284939	117	160.0
1606627814.42	160000	57.404539	0.0	9004706	127	160.0
1606627814.57	160000	58.255649	0.0	6955279	98	160.0
1606627814.78	160000	59.048934	0.0	10701639	137	160.0
1606627814.96	160000	59.868015	0.0	9459459	121	160.0
1606627816.04	160000	59.836586	0.0	3212828	41	160.0
1606627817.1	160000	59.837583	0.0	2509989	31	160.0
1606627818.16	160000	59.838526	0.0	2004927	31	160.0
1606627819.19	160000	59.839524	0.0	591360	8	160.0
1606627820.75	160000	59.524269	0.0	2394426	35	160.0
1606627821.12	40000	1.000999	0.057	336477	21	-9.119999999999997
1606627822.4	160000	1.337055	0.341	14912671	1142	-14.560000000000002
1606627823.24	160000	1.518881	0.0	24265636	608	160.0
1606627823.77	160000	2.037421	0.0	22711544	400	160.0
1606627824.22	160000	2.633049	0.0	19639705	328	160.0
1606627824.7	160000	3.183045	0.0	20946809	351	160.0
1606627825.01	160000	3.916106	0.0	11895609	224	160.0
1606627825.2	160000	4.717402	0.0	7597636	142	160.0
1606627826.74	160000	4.237804	0.0	56067905	1075	160.0
1606627827.66	160000	4.316321	0.0	45444680	677	160.0
1606627828.86	160000	4.121819	0.0	54798068	912	160.0
1606627832.51	160000	1.469714	0.0	69464107	3187	160.0
1606627833.94	160000	1.253124	0.127	50637608	1127	139.68
1606627834.48	160000	1.710058	0.0	19559369	424	160.0
1606627835.07	160000	2.121461	0.0	22224402	457	160.0
1606627835.65	160000	2.544559	0.0	22578365	443	160.0
1606627835.86	160000	3.333298	0.0	8346702	158	160.0
1606627836.26	160000	3.943179	0.0	15775481	297	160.0
1606627836.5	160000	4.704426	0.0	9163235	171	160.0
1606627837.52	160000	4.677319	0.0	41307095	789	160.0
1606627838.27	160000	4.933984	0.0	28763893	570	160.0
1606627838.82	160000	5.38499	0.0	21266416	429	160.0
1606627839.83	160000	5.370711	0.0	23702229	857	160.0
1606627841.58	160000	4.627137	0.0	27580394	1592	160.0
1606627842.94	160000	4.272894	0.0	20329780	1226	160.0
1606627843.64	160000	4.566404	0.0	16109183	604	160.0
1606627847.27	160000	1.933059	0.0	58830800	3306	160.0
1606627849.18	160000	1.393199	0.371	66935122	1590	100.64
1606627849.74	160000	1.842834	0.0	15251076	459	160.0
