1606626023.32	40000	1.000999	0.023	334476	12	-3.6799999999999997
1606626024.11	160000	1.590855	0.0	14912671	579	40.0
1606626026.25	160000	1.343946	0.861	24265636	1966	22.24000000000001
1606626028.21	160000	1.423067	1.024	22711544	1844	-3.8400000000000034
1606626029.47	160000	1.305668	0.062	19639705	1127	150.08
1606626030.06	160000	1.743417	0.0	20946809	460	160.0
1606626030.47	160000	2.33695	0.0	11895609	329	160.0
1606626030.76	160000	3.048763	0.0	7597636	237	160.0
1606626036.11	160000	1.309858	2.609	56067905	4928	-257.44
1606626036.39	20000	2.023793	0.0	2863079	251	-120.0
1606626036.82	20000	2.600166	0.0	4167844	385	20.0
1606626038.0	20000	2.417705	0.0	5571764	1141	20.0
1606626040.28	20000	1.423334	0.279	4925652	2241	-24.64
1606626040.5	20000	2.20106	0.0	2030157	200	20.0
1606626040.75	20000	2.95501	0.0	2240782	222	20.0
1606626040.99	20000	3.712219	0.0	2211169	218	20.0
1606626041.76	160000	3.941129	0.0	8346702	713	20.0
1606626043.11	160000	3.596192	0.0	15775481	1252	160.0
1606626043.53	160000	4.175045	0.0	9163235	354	160.0
1606626044.93	160000	3.778579	0.0	41307095	1182	160.0
1606626045.64	160000	4.06668	0.0	28763893	546	160.0
1606626046.05	160000	4.656789	0.0	21266416	289	160.0
1606626046.48	160000	5.232363	0.0	23702229	289	160.0
1606626046.9	160000	5.811217	0.0	27580394	265	160.0
1606626047.23	160000	6.483587	0.0	20329780	203	160.0
1606626047.5	160000	7.215221	0.0	16109183	167	160.0
1606626048.5	160000	7.210211	0.0	58830800	620	160.0
1606626053.76	160000	2.958996	0.0	66935122	4854	160.0
1606626054.62	160000	3.091431	0.0	15251076	775	160.0
1606626054.71	20000	4.010568	0.0	1942795	53	-120.0
1606626055.15	160000	4.569083	0.0	13009028	360	20.0
1606626055.5	160000	5.215291	0.0	12791674	271	160.0
1606626055.75	160000	5.964965	0.0	11137898	176	160.0
1606626056.01	160000	6.711816	0.0	11485310	182	160.0
1606626056.28	160000	7.438153	0.0	12428518	197	160.0
1606626056.51	160000	8.21153	0.0	9963766	164	160.0
1606626056.78	160000	8.942611	0.0	12189364	201	160.0
1606626057.02	160000	9.708604	0.0	10142396	165	160.0
1606626057.25	160000	10.478335	0.0	10185488	168	160.0
1606626057.56	160000	11.169304	0.0	14061455	230	160.0
1606626058.01	160000	11.720122	0.0	20074099	329	160.0
1606626058.95	160000	11.782771	0.0	46115254	687	160.0
1606626059.82	160000	11.907552	0.0	40906522	649	160.0
1606626060.04	160000	12.695306	0.0	7891151	151	160.0
1606626060.87	160000	12.862594	0.0	21012466	707	160.0
1606626062.25	160000	12.483905	0.0	23519424	1243	160.0
1606626062.68	160000	13.051162	0.0	18715420	319	160.0
1606626063.02	160000	13.72277	0.0	17000816	224	160.0
1606626063.3	160000	14.437831	0.0	14448126	190	160.0
1606626063.43	160000	15.304341	0.0	6958676	88	160.0
1606626063.6	160000	16.141666	0.0	9088791	106	160.0
1606626063.73	160000	17.009038	0.0	7211881	81	160.0
1606626063.79	160000	17.945941	0.0	3063586	35	160.0
1606626063.85	160000	18.887081	0.0	2782179	32	160.0
1606626064.03	160000	19.713617	0.0	9958410	116	160.0
1606626064.26	160000	20.486841	0.0	12158708	156	160.0
1606626064.53	160000	21.212657	0.0	12300216	198	160.0
1606626065.03	160000	21.720149	0.0	15815684	395	160.0
1606626065.44	160000	22.305326	0.0	13526256	333	160.0
1606626066.21	160000	22.534039	0.0	11995130	700	160.0
1606626068.52	160000	21.22743	0.0	13394791	2224	160.0
1606626071.53	160000	19.215791	0.0	14135828	2922	160.0
1606626071.68	20000	20.065611	0.0	1423973	126	-120.0
1606626072.94	160000	19.808752	0.0	14248439	1173	20.0
1606626073.86	160000	19.890353	0.0	13843717	838	160.0
1606626075.82	160000	18.939002	0.0	14665119	1866	160.0
1606626079.6	160000	16.148322	0.0	21079187	3655	160.0
1606626081.77	160000	14.985916	0.0	25480074	2024	160.0
1606626083.77	160000	13.986597	0.0	23021754	1867	160.0
1606626085.49	160000	13.267349	0.0	27527834	1570	160.0
1606626086.8	160000	12.956236	0.0	26155848	1161	160.0
1606626087.64	160000	13.120741	0.0	17849379	716	160.0
1606626088.39	160000	13.364621	0.0	16546531	655	160.0
1606626089.01	160000	13.750512	0.0	17718949	507	160.0
1606626089.58	160000	14.185063	0.0	17337137	460	160.0
1606626090.12	160000	14.644335	0.0	20008245	414	160.0
1606626091.46	160000	14.307017	0.0	58430914	1031	160.0
1606626091.8	160000	14.966604	0.0	16292703	226	160.0
1606626092.28	160000	15.486043	0.0	25587422	342	160.0
1606626092.73	160000	16.040986	0.0	23982306	312	160.0
1606626092.96	160000	16.809153	0.0	13347845	143	160.0
1606626093.2	160000	17.56698	0.0	14337991	164	160.0
1606626093.46	160000	18.313144	0.0	14584990	162	160.0
1606626093.69	160000	19.083887	0.0	13962401	149	160.0
1606626093.91	160000	19.862792	0.0	14393788	141	160.0
1606626094.14	160000	20.631832	0.0	14649457	143	160.0
1606626094.36	160000	21.414769	0.0	13409715	136	160.0
1606626094.58	160000	22.194525	0.0	13909605	139	160.0
1606626094.78	160000	22.999445	0.0	13301968	118	160.0
1606626095.07	160000	23.707508	0.0	19025846	169	160.0
1606626095.36	160000	24.420949	0.0	19295426	173	160.0
1606626095.63	160000	25.146823	0.0	18261873	161	160.0
1606626095.91	160000	25.873987	0.0	19847604	152	160.0
1606626096.16	160000	26.621658	0.0	18767181	145	160.0
1606626096.47	160000	27.317879	0.0	22420858	173	160.0
1606626096.74	160000	28.044836	0.0	19324333	148	160.0
1606626097.01	160000	28.772077	0.0	20392234	150	160.0
1606626097.12	160000	29.660767	0.0	7671072	56	160.0
1606626097.36	160000	30.422565	0.0	17781906	131	160.0
1606626097.54	160000	31.247948	0.0	12839336	94	160.0
1606626097.69	160000	32.098807	0.0	10779770	82	160.0
1606626097.89	160000	32.902881	0.0	14606687	113	160.0
1606626098.46	160000	33.326598	0.0	41866951	322	160.0
1606626099.06	160000	33.727782	0.0	37238410	372	160.0
1606626099.31	160000	34.478618	0.0	14347759	163	160.0
1606626099.52	160000	35.277772	0.0	11399187	129	160.0
1606626100.65	160000	35.145697	0.0	10358641	1063	160.0
1606626102.07	160000	34.722093	0.0	14315696	1337	160.0
1606626102.4	20000	35.398348	0.0	3055257	288	-120.0
1606626102.89	20000	35.904251	0.0	5355572	455	20.0
1606626103.19	20000	36.61138	0.0	3278424	257	20.0
1606626104.6	160000	36.202961	0.0	15813346	1307	20.0
1606626104.93	160000	36.878199	0.0	17116450	215	160.0
1606626105.27	160000	37.5347	0.0	18867054	225	160.0
1606626105.57	160000	38.227605	0.0	17393609	207	160.0
1606626107.5	160000	37.300159	0.0	24759401	1784	160.0
1606626109.99	160000	35.809153	0.0	25782433	2339	160.0
1606626112.05	160000	34.759503	0.0	25885372	1895	160.0
1606626114.07	160000	33.73651	0.0	26242011	1850	160.0
1606626114.31	20000	34.495403	0.0	2928342	208	-120.0
1606626116.65	160000	33.160374	0.0	25470681	2182	20.0
1606626119.04	160000	31.771744	0.0	27258768	2226	160.0
1606626120.42	160000	31.385637	0.0	17853711	1282	160.0
1606626121.66	160000	31.157249	0.0	14829893	1144	160.0
1606626123.87	160000	29.941655	0.0	27779697	2038	160.0
1606626126.32	160000	28.487887	0.0	27714923	2303	160.0
1606626128.53	160000	27.28169	0.0	25946474	2046	160.0
1606626130.22	160000	26.598583	0.0	19596259	1555	160.0
1606626132.49	160000	25.326196	0.0	23774167	2134	160.0
1606626133.99	160000	24.822921	0.0	19373656	1389	160.0
1606626136.1	160000	23.722037	0.0	23977420	1962	160.0
1606626138.23	160000	22.588962	0.0	24493733	1996	160.0
1606626139.44	160000	22.37543	0.0	14528511	1130	160.0
1606626140.83	160000	21.985707	0.0	16841176	1285	160.0
1606626142.12	160000	21.702504	0.0	16743604	1175	160.0
1606626143.57	160000	21.248185	0.0	17975224	1348	160.0
1606626145.5	160000	20.322375	0.0	22329548	1790	160.0
1606626146.84	160000	19.987279	0.0	16001583	1238	160.0
1606626148.22	160000	19.601098	0.0	18238584	1268	160.0
1606626149.99	160000	18.839343	0.0	21308824	1628	160.0
1606626151.46	160000	18.369801	0.0	17749058	1360	160.0
1606626152.67	160000	18.153943	0.0	14127787	1134	160.0
1606626154.01	160000	17.818267	0.0	17525699	1232	160.0
1606626155.35	160000	17.481568	0.0	14240042	1251	160.0
1606626157.33	160000	16.502231	0.0	20324139	1856	160.0
1606626158.94	160000	15.895519	0.0	21993033	1475	160.0
1606626160.52	160000	15.310527	0.0	18863108	1462	160.0
1606626161.84	160000	14.991127	0.0	15964734	1225	160.0
1606626162.54	160000	15.293006	0.0	8284939	644	160.0
1606626163.29	160000	15.542518	0.0	9004706	692	160.0
1606626163.85	160000	15.984498	0.0	6955279	510	160.0
1606626164.74	160000	16.093998	0.0	10701639	822	160.0
1606626165.73	160000	16.110422	0.0	9459459	924	160.0
1606626171.02	160000	11.8157	0.0	3212828	5258	160.0
1606626173.87	160000	9.974598	0.0	2509989	2809	160.0
1606626174.25	160000	10.588679	0.0	2004927	361	160.0
1606626174.33	160000	11.51266	0.0	591360	59	160.0
1606626174.6	160000	12.675735	0.0	2394426	246	160.0
1606626174.92	40000	1.000999	0.047	336477	34	-7.519999999999996
1606626176.22	160000	1.320711	0.348	14912671	1178	-15.680000000000007
1606626177.72	160000	1.352945	0.505	24265636	1292	79.2
1606626178.4	160000	1.721693	0.0	22711544	540	160.0
1606626178.86	160000	2.28746	0.0	19639705	335	160.0
1606626179.32	160000	2.862334	0.0	20946809	316	160.0
1606626179.55	160000	3.634397	0.0	11895609	152	160.0
1606626179.7	160000	4.484632	0.0	7597636	97	160.0
1606626181.59	160000	3.644686	0.0	56067905	1402	160.0
1606626183.42	160000	2.819858	0.0	45444680	1578	160.0
1606626183.5	20000	3.739971	0.0	4167844	37	-120.0
1606626184.63	160000	3.613258	0.0	69464107	631	20.0
1606626185.45	160000	3.788136	0.0	50637608	540	160.0
1606626185.76	160000	4.484103	0.0	19559369	189	160.0
1606626186.1	160000	5.140797	0.0	22224402	220	160.0
1606626186.64	160000	5.600946	0.0	22578365	417	160.0
1606626186.85	160000	6.390787	0.0	8346702	154	160.0
1606626187.25	160000	6.991957	0.0	15775481	302	160.0
1606626187.53	160000	7.711702	0.0	9163235	219	160.0
1606626188.87	160000	7.398485	0.0	41307095	1106	160.0
1606626193.34	160000	3.93756	0.0	28763893	4261	160.0
1606626197.4	160000	1.482238	0.61	21266416	3957	62.400000000000006
1606626197.76	20000	2.12083	0.0	3944328	325	-120.0
1606626198.15	20000	2.73109	0.0	4284196	353	20.0
1606626198.8	160000	3.079472	0.0	20329780	531	20.0
1606626199.37	160000	3.514788	0.0	16109183	462	160.0
1606626201.89	160000	1.998466	0.0	58830800	2161	160.0
1606626202.91	160000	1.978724	0.0	66935122	667	160.0
