1606623853.4	40000	1.000999	0.035	334476	25	-5.600000000000001
1606623854.74	160000	1.276129	0.237	14912671	1138	2.0799999999999983
1606623856.75	160000	1.349227	1.066	24265636	1847	-10.560000000000002
1606623858.53	160000	1.430821	0.837	22711544	1659	26.080000000000013
1606623860.24	160000	1.315391	0.553	19639705	1597	71.52
1606623861.97	160000	1.309498	0.701	20946809	1624	47.84
1606623863.19	160000	1.262014	0.172	11895609	1153	132.48
1606623863.78	160000	1.6719	0.0	7597636	538	160.0
1606623864.09	20000	2.35729	0.0	4047415	277	-120.0
1606623864.33	20000	3.124215	0.0	2863079	207	20.0
1606623864.71	20000	3.744511	0.0	4167844	344	20.0
1606623865.21	20000	4.243692	0.0	5571764	459	20.0
1606623865.61	20000	4.84299	0.0	4925652	362	20.0
1606623867.18	160000	4.278945	0.0	19559369	1441	20.0
1606623868.88	160000	3.581159	0.0	22224402	1570	160.0
1606623870.87	160000	2.590922	0.0	22578365	1862	160.0
1606623871.49	160000	2.972501	0.0	8346702	561	160.0
1606623872.65	160000	2.809834	0.0	15775481	1068	160.0
1606623873.34	160000	3.125168	0.0	9163235	623	160.0
1606623876.6	160000	1.28189	0.42	41307095	2983	92.8
1606623878.53	160000	1.368262	1.017	28763893	1785	-2.719999999999999
1606623884.11	160000	1.386584	4.597	21266416	5461	-575.52
1606623886.48	160000	1.48462	1.456	23702229	2246	-72.96000000000001
1606623887.32	160000	1.638119	0.0	27580394	677	160.0
1606623888.1	160000	1.862302	0.0	20329780	647	160.0
1606623888.64	160000	2.323536	0.0	16109183	439	160.0
1606623890.39	160000	1.574375	0.0	58830800	1291	160.0
1606623891.85	160000	1.256952	0.144	66935122	1073	136.96
1606623892.21	160000	1.898935	0.0	15251076	261	160.0
1606623892.58	160000	2.532522	0.0	16574034	259	160.0
1606623892.84	160000	3.267288	0.0	13009028	191	160.0
1606623893.11	160000	4.005123	0.0	12791674	187	160.0
1606623893.34	160000	4.767338	0.0	11137898	157	160.0
1606623893.61	160000	5.50348	0.0	11485310	191	160.0
1606623893.91	160000	6.206518	0.0	12428518	221	160.0
1606623894.15	160000	6.965745	0.0	9963766	177	160.0
1606623894.44	160000	7.677699	0.0	12189364	218	160.0
1606623894.66	160000	8.458951	0.0	10142396	156	160.0
1606623894.88	160000	9.23545	0.0	10185488	154	160.0
1606623895.18	160000	9.935228	0.0	14061455	215	160.0
1606623895.64	160000	10.480819	0.0	20074099	331	160.0
1606623896.8	160000	10.323201	0.0	46115254	902	160.0
1606623897.73	160000	10.394431	0.0	40906522	693	160.0
1606623897.96	160000	11.165454	0.0	7891151	175	160.0
1606623898.55	160000	11.575438	0.0	21012466	469	160.0
1606623899.14	160000	11.985163	0.0	23519424	458	160.0
1606623899.62	160000	12.509003	0.0	18715420	363	160.0
1606623900.06	160000	13.070414	0.0	17000816	341	160.0
1606623900.43	160000	13.695345	0.0	14448126	289	160.0
1606623900.6	160000	14.524615	0.0	6958676	121	160.0
1606623900.82	160000	15.309981	0.0	9088791	157	160.0
1606623900.99	160000	16.13567	0.0	7211881	125	160.0
1606623901.08	160000	17.053639	0.0	3063586	53	160.0
1606623901.16	160000	17.972952	0.0	2782179	45	160.0
1606623901.39	160000	18.738793	0.0	9958410	172	160.0
1606623901.69	160000	19.449529	0.0	12158708	220	160.0
1606623901.99	160000	20.145157	0.0	12300216	226	160.0
1606623902.38	160000	20.758205	0.0	15815684	292	160.0
1606623902.7	160000	21.442014	0.0	13526256	236	160.0
1606623902.99	160000	22.152218	0.0	11995130	218	160.0
1606623903.3	160000	22.845633	0.0	13394791	229	160.0
1606623903.63	160000	23.512785	0.0	14135828	248	160.0
1606623904.01	160000	24.136149	0.0	15366126	290	160.0
1606623904.36	160000	24.785948	0.0	14248439	270	160.0
1606623904.75	160000	25.390307	0.0	13843717	315	160.0
1606623905.23	160000	25.91991	0.0	14665119	379	160.0
1606623905.93	160000	26.217213	0.0	21079187	576	160.0
1606623906.89	160000	26.257969	0.0	25480074	802	160.0
1606623907.91	160000	26.239959	0.0	23021754	883	160.0
1606623909.52	160000	25.630874	0.0	27527834	1450	160.0
1606623910.65	160000	25.495315	0.0	26155848	975	160.0
1606623911.36	160000	25.792725	0.0	17849379	598	160.0
1606623912.01	160000	26.138354	0.0	16546531	549	160.0
1606623912.76	160000	26.389621	0.0	17718949	639	160.0
1606623913.85	160000	26.301341	0.0	17337137	982	160.0
1606623918.71	160000	22.448297	0.0	20008245	4726	160.0
1606623923.8	160000	18.353231	0.0	58430914	4765	160.0
1606623925.05	160000	18.107533	0.0	16292703	1138	160.0
1606623927.17	160000	16.992746	0.0	25587422	1971	160.0
1606623929.28	160000	15.879871	0.0	23982306	1977	160.0
1606623930.27	160000	15.885963	0.0	13347845	912	160.0
1606623931.42	160000	15.744476	0.0	14337991	1058	160.0
1606623932.66	160000	15.503559	0.0	14584990	1157	160.0
1606623933.7	160000	15.457807	0.0	13962401	955	160.0
1606623934.92	160000	15.24304	0.0	14393788	1131	160.0
1606623936.16	160000	15.006297	0.0	14649457	1147	160.0
1606623937.4	160000	14.768811	0.0	13409715	1153	160.0
1606623938.51	160000	14.659121	0.0	13909605	1028	160.0
1606623939.78	160000	14.385863	0.0	13301968	1192	160.0
1606623941.43	160000	13.739267	0.0	19025846	1523	160.0
1606623942.88	160000	13.287724	0.0	19295426	1333	160.0
1606623944.24	160000	12.926399	0.0	18261873	1251	160.0
1606623945.78	160000	12.390398	0.0	19847604	1413	160.0
1606623947.42	160000	11.748663	0.0	18767181	1535	160.0
1606623949.41	160000	10.76348	0.0	22420858	1850	160.0
1606623951.16	160000	10.014598	0.0	19324333	1632	160.0
1606623952.87	160000	9.303607	0.0	20392234	1593	160.0
1606623953.51	160000	9.667233	0.0	7671072	581	160.0
1606623955.1	160000	9.079647	0.0	17781906	1485	160.0
1606623956.28	160000	8.899568	0.0	12839336	1100	160.0
1606623957.0	160000	9.181619	0.0	10779770	651	160.0
1606623957.71	160000	9.472664	0.0	14606687	626	160.0
1606623959.5	160000	8.67982	0.0	41866951	1550	160.0
1606623961.89	160000	7.290506	0.0	37238410	2173	160.0
1606623962.51	160000	7.672472	0.0	14347759	538	160.0
1606623963.28	160000	7.903528	0.0	11399187	700	160.0
1606623965.88	160000	6.310002	0.0	10358641	2515	160.0
1606623970.56	160000	2.627298	0.0	14315696	4593	160.0
1606623972.52	160000	1.665376	0.0	23283631	1831	160.0
1606623975.01	160000	1.422639	1.241	37521367	2296	-38.56
1606623976.04	160000	1.389463	0.0	22241104	899	160.0
1606623976.76	160000	1.670658	0.0	15813346	618	160.0
1606623977.58	160000	1.852009	0.0	17116450	708	160.0
1606623978.47	160000	1.965415	0.0	18867054	776	160.0
1606623979.27	160000	2.158899	0.0	17393609	707	160.0
1606623980.42	160000	2.015231	0.0	24759401	1004	160.0
1606623981.61	160000	1.822389	0.0	25782433	1048	160.0
1606623982.83	160000	1.607459	0.0	25885372	1037	160.0
1606623984.24	160000	1.414197	0.22	26242011	1281	124.8
1606623985.41	160000	1.393338	0.142	23865378	1029	137.28
1606623987.18	160000	1.286998	0.663	25470681	1648	53.92
1606623988.28	160000	1.43668	0.252	27258768	947	119.68
1606623988.86	160000	1.857719	0.0	17853711	475	160.0
1606623994.02	160000	1.454125	3.754	14829893	5074	-440.64
1606623997.99	160000	1.460398	2.974	27779697	3819	-315.84
1606624000.12	160000	1.435818	1.106	27714923	1998	-16.960000000000008
1606624001.05	160000	1.507761	0.0	25946474	774	160.0
1606624001.7	160000	1.857753	0.0	19596259	534	160.0
1606624002.36	160000	2.196831	0.0	23774167	530	160.0
1606624002.82	160000	2.744666	0.0	19373656	319	160.0
1606624003.36	160000	3.200289	0.0	23977420	404	160.0
1606624003.9	160000	3.661887	0.0	24493733	395	160.0
1606624004.23	160000	4.334543	0.0	14528511	241	160.0
1606624004.65	160000	4.920799	0.0	16841176	310	160.0
1606624005.05	160000	5.513314	0.0	16743604	310	160.0
1606624005.49	160000	6.07667	0.0	17975224	330	160.0
1606624006.03	160000	6.541043	0.0	22329548	410	160.0
1606624006.43	160000	7.135597	0.0	16001583	311	160.0
1606624006.91	160000	7.66104	0.0	18238584	367	160.0
1606624008.02	160000	7.548537	0.0	21308824	987	160.0
1606624017.14	160000	1.294431	1.87	17749058	9026	-139.2
1606624017.84	160000	1.593466	0.0	14127787	620	160.0
1606624018.6	160000	1.841469	0.0	17525699	640	160.0
1606624019.14	160000	2.300772	0.0	14240042	459	160.0
1606624019.96	160000	2.485081	0.0	20324139	685	160.0
1606624020.67	160000	2.76697	0.0	21993033	594	160.0
1606624021.25	160000	3.191296	0.0	18863108	455	160.0
1606624021.99	160000	3.452903	0.0	15964734	632	160.0
1606624022.35	160000	4.090243	0.0	8284939	308	160.0
1606624022.71	160000	4.733127	0.0	9004706	289	160.0
1606624022.99	160000	5.453231	0.0	6955279	231	160.0
1606624023.37	160000	6.075977	0.0	10701639	313	160.0
1606624023.66	160000	6.788505	0.0	9459459	227	160.0
1606624023.77	160000	7.680282	0.0	3212828	76	160.0
1606624023.85	160000	8.596774	0.0	2509989	59	160.0
1606624023.93	160000	9.524687	0.0	2004927	46	160.0
1606624023.96	160000	10.489242	0.0	591360	15	160.0
1606624024.05	160000	11.840305	0.0	2394426	57	160.0
1606624024.39	40000	1.000999	0.049	336477	5	-7.840000000000003
1606624024.85	160000	1.896242	0.0	14912671	293	40.0
1606624025.56	160000	2.188178	0.0	24265636	503	160.0
1606624026.25	160000	2.526443	0.0	22711544	554	160.0
1606624026.74	160000	3.078235	0.0	19639705	381	160.0
1606624027.28	160000	3.580592	0.0	20946809	406	160.0
1606624033.33	160000	1.288237	2.659	11895609	5987	-265.44
1606624034.02	160000	1.597565	0.0	7597636	642	160.0
1606624034.79	20000	1.828802	0.0	4047415	731	-120.0
1606624035.96	20000	1.660658	0.0	2863079	1142	20.0
1606624038.81	20000	1.451769	1.634	4167844	2812	-241.44
1606624040.44	20000	1.337444	0.517	5571764	1593	-62.72
1606624040.87	20000	1.901396	0.0	4925652	398	20.0
1606624041.06	20000	2.714606	0.0	2030157	164	20.0
1606624042.18	160000	2.59435	0.0	22224402	984	20.0
1606624043.42	160000	2.362169	0.0	22578365	1106	160.0
1606624043.96	160000	2.81483	0.0	8346702	491	160.0
1606624045.71	160000	2.06999	0.0	15775481	1648	160.0
1606624054.58	160000	1.361289	7.16	9163235	8809	-985.5999999999999
1606624055.16	20000	1.781338	0.0	6357933	537	-120.0
1606624055.62	20000	2.324564	0.0	4814284	418	20.0
1606624057.57	160000	1.419957	0.049	21266416	1824	12.159999999999997
1606624059.41	160000	1.324924	0.736	23702229	1708	42.239999999999995
1606624061.94	160000	1.31139	1.517	27580394	2390	-82.72
1606624063.57	160000	1.330031	0.653	20329780	1530	55.519999999999996
1606624064.96	160000	1.484544	0.537	16109183	1291	74.08
1606624066.7	20000	1.273023	0.528	9946363	1680	-204.48000000000002
