1606632280.21	40000	1.000999	0.021	334476	6	-3.3599999999999994
1606632280.7	160000	1.866869	0.0	14912671	254	40.0
1606632281.33	160000	2.267301	0.0	24265636	406	160.0
1606632281.85	160000	2.745947	0.0	22711544	387	160.0
1606632282.34	160000	3.292598	0.0	19639705	358	160.0
1606632284.15	160000	2.563305	0.0	20946809	1683	160.0
1606632285.05	160000	2.717154	0.0	11895609	817	160.0
1606632285.12	20000	3.646145	0.0	730082	49	-120.0
1606632285.5	20000	4.269142	0.0	4047415	342	20.0
1606632285.78	20000	4.983049	0.0	2863079	255	20.0
1606632286.19	20000	5.575037	0.0	4167844	373	20.0
1606632286.69	20000	6.086836	0.0	5571764	442	20.0
1606632287.12	20000	6.651402	0.0	4925652	392	20.0
1606632288.87	160000	5.897343	0.0	19559369	1628	20.0
1606632290.71	160000	5.064627	0.0	22224402	1704	160.0
1606632292.59	160000	4.185632	0.0	22578365	1742	160.0
1606632293.26	160000	4.515748	0.0	8346702	611	160.0
1606632294.48	160000	4.293114	0.0	15775481	1127	160.0
1606632295.17	160000	4.608699	0.0	9163235	622	160.0
1606632297.96	160000	2.821066	0.0	41307095	2454	160.0
1606632298.73	160000	3.049318	0.0	28763893	600	160.0
1606632299.21	160000	3.57451	0.0	21266416	342	160.0
1606632299.65	160000	4.134602	0.0	23702229	295	160.0
1606632300.14	160000	4.643522	0.0	27580394	331	160.0
1606632300.53	160000	5.253309	0.0	20329780	253	160.0
1606632300.84	160000	5.938339	0.0	16109183	211	160.0
1606632302.08	160000	5.700608	0.0	58830800	787	160.0
1606632309.75	160000	1.290751	2.259	66935122	7340	-201.44
1606632310.01	160000	2.028396	0.0	15251076	160	160.0
1606632310.3	160000	2.74407	0.0	16574034	179	160.0
1606632310.48	160000	3.558897	0.0	13009028	104	160.0
1606632310.66	160000	4.380024	0.0	12791674	96	160.0
1606632310.81	160000	5.23053	0.0	11137898	78	160.0
1606632310.97	160000	6.07513	0.0	11485310	81	160.0
1606632311.13	160000	6.912405	0.0	12428518	88	160.0
1606632311.27	160000	7.779752	0.0	9963766	70	160.0
1606632311.42	160000	8.621798	0.0	12189364	84	160.0
1606632311.55	160000	9.497992	0.0	10142396	60	160.0
1606632311.68	160000	10.371625	0.0	10185488	61	160.0
1606632311.85	160000	11.201092	0.0	14061455	84	160.0
1606632312.09	160000	11.95915	0.0	20074099	121	160.0
1606632312.65	160000	12.403707	0.0	46115254	293	160.0
1606632313.36	160000	12.69454	0.0	40906522	465	160.0
1606632313.49	160000	13.565814	0.0	7891151	77	160.0
1606632313.81	160000	14.241211	0.0	21012466	203	160.0
1606632314.17	160000	14.882105	0.0	23519424	228	160.0
1606632314.48	160000	15.588396	0.0	18715420	182	160.0
1606632314.83	160000	16.230207	0.0	17000816	240	160.0
1606632315.12	160000	16.93619	0.0	14448126	204	160.0
1606632315.27	160000	17.787396	0.0	6958676	99	160.0
1606632315.49	160000	18.580548	0.0	9088791	149	160.0
1606632315.71	160000	19.351858	0.0	7211881	167	160.0
1606632315.81	160000	20.251374	0.0	3063586	71	160.0
1606632315.92	160000	21.148584	0.0	2782179	74	160.0
1606632316.21	160000	21.853324	0.0	9958410	230	160.0
1606632316.59	160000	22.474716	0.0	12158708	298	160.0
1606632317.0	160000	23.069925	0.0	12300216	326	160.0
1606632317.65	160000	23.421869	0.0	15815684	547	160.0
1606632321.71	160000	20.356446	0.0	13526256	3980	160.0
1606632322.64	160000	20.428875	0.0	11995130	855	160.0
1606632323.64	160000	20.426525	0.0	13394791	922	160.0
1606632324.81	160000	20.262268	0.0	14135828	1079	160.0
1606632326.14	160000	19.936796	0.0	15366126	1239	160.0
1606632327.2	160000	19.878211	0.0	14248439	977	160.0
1606632328.54	160000	19.536897	0.0	13843717	1258	160.0
1606632329.73	160000	19.348249	0.0	14665119	1091	160.0
1606632331.66	160000	18.415786	0.0	21079187	1806	160.0
1606632333.37	160000	17.711625	0.0	25480074	1552	160.0
1606632333.97	160000	18.105161	0.0	23021754	472	160.0
1606632334.62	160000	18.457707	0.0	27527834	483	160.0
1606632335.15	160000	18.935121	0.0	26155848	362	160.0
1606632335.51	160000	19.578141	0.0	17849379	248	160.0
1606632335.83	160000	20.257593	0.0	16546531	212	160.0
1606632336.17	160000	20.916395	0.0	17718949	232	160.0
1606632336.5	160000	21.589126	0.0	17337137	223	160.0
1606632337.06	160000	22.025574	0.0	20008245	440	160.0
1606632339.67	160000	20.41201	0.0	58430914	2285	160.0
1606632342.29	160000	18.800081	0.0	16292703	2505	160.0
1606632345.86	160000	16.235036	0.0	25587422	3423	160.0
1606632346.18	20000	16.905429	0.0	3324070	284	-120.0
1606632347.03	160000	17.066654	0.0	13347845	757	20.0
1606632347.69	160000	17.398686	0.0	14337991	574	160.0
1606632348.13	160000	17.95946	0.0	14584990	356	160.0
1606632348.56	160000	18.538515	0.0	13962401	341	160.0
1606632349.0	160000	19.094072	0.0	14393788	359	160.0
1606632349.46	160000	19.633565	0.0	14649457	369	160.0
1606632349.86	160000	20.232223	0.0	13409715	322	160.0
1606632350.27	160000	20.825544	0.0	13909605	324	160.0
1606632350.66	160000	21.438871	0.0	13301968	309	160.0
1606632351.19	160000	21.909684	0.0	19025846	407	160.0
1606632351.72	160000	22.382725	0.0	19295426	414	160.0
1606632352.2	160000	22.905214	0.0	18261873	368	160.0
1606632352.72	160000	23.379239	0.0	19847604	401	160.0
1606632353.21	160000	23.897161	0.0	18767181	372	160.0
1606632353.77	160000	24.330078	0.0	22420858	437	160.0
1606632354.22	160000	24.886222	0.0	19324333	325	160.0
1606632354.68	160000	25.425797	0.0	20392234	344	160.0
1606632354.85	160000	26.254782	0.0	7671072	118	160.0
1606632355.22	160000	26.88851	0.0	17781906	262	160.0
1606632355.47	160000	27.634703	0.0	12839336	176	160.0
1606632355.69	160000	28.418227	0.0	10779770	148	160.0
1606632355.96	160000	29.153571	0.0	14606687	180	160.0
1606632356.72	160000	29.390483	0.0	41866951	518	160.0
1606632357.41	160000	29.700932	0.0	37238410	471	160.0
1606632357.69	160000	30.423063	0.0	14347759	188	160.0
1606632358.55	160000	30.570786	0.0	11399187	782	160.0
1606632359.41	160000	30.705904	0.0	10358641	796	160.0
1606632360.77	160000	30.346663	0.0	14315696	1273	160.0
1606632362.17	160000	29.951756	0.0	23283631	1259	160.0
1606632363.14	160000	29.981363	0.0	37521367	742	160.0
1606632363.59	160000	30.531487	0.0	22241104	316	160.0
1606632363.9	160000	31.217722	0.0	15813346	202	160.0
1606632364.22	160000	31.905807	0.0	17116450	207	160.0
1606632364.56	160000	32.563095	0.0	18867054	230	160.0
1606632364.88	160000	33.241393	0.0	17393609	216	160.0
1606632365.35	160000	33.780676	0.0	24759401	319	160.0
1606632365.82	160000	34.301756	0.0	25782433	331	160.0
1606632366.38	160000	34.748888	0.0	25885372	396	160.0
1606632367.1	160000	35.028922	0.0	26242011	568	160.0
1606632368.89	160000	34.240249	0.0	23865378	1633	160.0
1606632372.38	160000	31.752713	0.0	25470681	3333	160.0
1606632374.14	160000	30.989877	0.0	27258768	1585	160.0
1606632374.61	160000	31.521514	0.0	17853711	362	160.0
1606632374.95	160000	32.187519	0.0	14829893	247	160.0
1606632375.52	160000	32.617445	0.0	27779697	408	160.0
1606632376.07	160000	33.070032	0.0	27714923	390	160.0
1606632376.58	160000	33.556332	0.0	25946474	363	160.0
1606632377.06	160000	34.076721	0.0	19596259	363	160.0
1606632377.82	160000	34.318739	0.0	23774167	619	160.0
1606632379.06	160000	34.084569	0.0	19373656	1117	160.0
1606632379.64	160000	34.497693	0.0	23977420	454	160.0
1606632380.07	160000	35.069464	0.0	24493733	292	160.0
1606632380.3	160000	35.847684	0.0	14528511	137	160.0
1606632380.56	160000	36.583268	0.0	16841176	161	160.0
1606632380.82	160000	37.322362	0.0	16743604	159	160.0
1606632381.14	160000	38.009217	0.0	17975224	203	160.0
1606632381.53	160000	38.617771	0.0	22329548	255	160.0
1606632381.81	160000	39.336146	0.0	16001583	181	160.0
1606632382.07	160000	40.075901	0.0	18238584	148	160.0
1606632382.37	160000	40.778726	0.0	21308824	165	160.0
1606632382.62	160000	41.536647	0.0	17749058	138	160.0
1606632382.81	160000	42.342985	0.0	14127787	108	160.0
1606632383.37	160000	42.784641	0.0	17525699	454	160.0
1606632383.82	160000	43.334543	0.0	14240042	369	160.0
1606632385.49	160000	42.667395	0.0	20324139	1540	160.0
1606632385.74	20000	43.413578	0.0	2517454	221	-120.0
1606632385.93	20000	44.225502	0.0	1883143	165	20.0
1606632386.11	20000	45.049412	0.0	1726706	153	20.0
1606632386.19	20000	45.969946	0.0	707364	62	20.0
1606632386.28	20000	46.883804	0.0	796460	69	20.0
1606632386.94	160000	47.222889	0.0	6955279	610	20.0
1606632387.84	160000	47.320695	0.0	10701639	828	160.0
1606632388.61	160000	47.551753	0.0	9459459	705	160.0
1606632388.88	160000	48.284447	0.0	3212828	235	160.0
1606632389.08	160000	49.086558	0.0	2509989	168	160.0
1606632389.24	160000	49.927589	0.0	2004927	134	160.0
1606632389.29	160000	50.872868	0.0	591360	38	160.0
1606632389.48	160000	52.120474	0.0	2394426	160	160.0
1606632389.89	40000	1.000999	0.052	336477	35	-8.32
1606632391.4	160000	1.333444	0.56	14912671	1377	-49.599999999999994
1606632393.37	160000	1.365498	0.979	24265636	1783	3.3600000000000136
1606632400.8	160000	1.419289	6.521	22711544	7303	-883.3599999999999
1606632402.17	160000	1.313122	0.23	19639705	1258	123.2
1606632402.96	160000	1.543953	0.0	20946809	668	160.0
1606632403.31	160000	2.194949	0.0	11895609	270	160.0
1606632403.54	160000	2.968086	0.0	7597636	174	160.0
1606632405.27	160000	2.236432	0.0	56067905	1284	160.0
1606632406.58	160000	1.928774	0.0	45444680	1046	160.0
1606632432.08	160000	1.314124	23.882	54798068	25224	-3661.12
1606632432.39	20000	2.001319	0.0	5571764	263	-120.0
1606632432.67	20000	2.727668	0.0	4925652	232	20.0
1606632433.62	160000	2.772845	0.0	19559369	838	20.0
1606632434.64	160000	2.758774	0.0	22224402	882	160.0
1606632438.06	160000	1.451216	1.111	22578365	3308	-17.75999999999999
1606632438.86	160000	1.650453	0.0	8346702	747	160.0
1606632439.72	160000	1.794824	0.0	15775481	757	160.0
1606632440.14	160000	2.374439	0.0	9163235	362	160.0
1606632441.64	160000	1.871771	0.0	41307095	1273	160.0
1606632442.8	160000	1.712911	0.0	28763893	983	160.0
1606632443.57	160000	1.950366	0.0	21266416	640	160.0
1606632444.41	160000	2.10916	0.0	23702229	688	160.0
1606632445.05	160000	2.474012	0.0	27580394	467	160.0
1606632446.67	160000	1.84974	0.0	20329780	1492	160.0
1606632448.02	160000	1.499467	0.0	16109183	1248	160.0
1606632448.58	20000	1.941837	0.0	9946363	489	-120.0
1606632449.17	20000	2.350397	0.0	11684632	514	20.0
