1606628667.94	40000	1.000999	0.041	334476	19	-6.560000000000002
1606628668.7	160000	1.643693	0.0	14912671	530	40.0
1606628672.72	160000	1.392	2.742	24265636	3834	-278.72
1606628674.82	160000	1.375566	1.03	22711544	1972	-4.800000000000011
1606628676.43	160000	1.301072	0.487	19639705	1478	82.08
1606628678.13	160000	1.299915	0.676	20946809	1581	51.84
1606628679.09	160000	1.476301	0.133	11895609	889	138.72
1606628679.77	160000	1.798517	0.0	7597636	625	160.0
1606628680.18	20000	2.388879	0.0	4047415	368	-120.0
1606628680.47	20000	3.097223	0.0	2863079	262	20.0
1606628680.75	20000	3.820129	0.0	4167844	238	20.0
1606628681.0	20000	4.574504	0.0	5571764	203	20.0
1606628681.23	20000	5.342419	0.0	4925652	179	20.0
1606628682.02	160000	5.552612	0.0	19559369	656	20.0
1606628682.82	160000	5.748255	0.0	22224402	671	160.0
1606628683.62	160000	5.961484	0.0	22578365	654	160.0
1606628686.96	160000	3.617513	0.0	8346702	3274	160.0
1606628688.65	160000	2.922408	0.0	15775481	1592	160.0
1606628689.34	160000	3.233877	0.0	9163235	627	160.0
1606628689.77	20000	3.813165	0.0	6357933	374	-120.0
1606628690.75	160000	3.830377	0.0	28763893	805	20.0
1606628691.32	160000	4.262899	0.0	21266416	445	160.0
1606628691.95	160000	4.625541	0.0	23702229	493	160.0
1606628692.68	160000	4.900863	0.0	27580394	565	160.0
1606628693.15	160000	5.434613	0.0	20329780	347	160.0
1606628693.53	160000	6.05399	0.0	16109183	272	160.0
1606628695.16	160000	5.419282	0.0	58830800	1076	160.0
1606628705.27	160000	1.32903	5.019	66935122	9795	-643.04
1606628706.68	160000	1.399406	0.474	15251076	1324	84.16
1606628706.87	20000	2.205577	0.0	1942795	167	-120.0
1606628707.03	20000	3.04392	0.0	1704756	138	20.0
1606628707.2	20000	3.883836	0.0	1697111	139	20.0
1606628708.13	160000	3.948784	0.0	11137898	860	20.0
1606628708.99	160000	4.088545	0.0	11485310	793	160.0
1606628709.96	160000	4.118901	0.0	12428518	897	160.0
1606628710.76	160000	4.325066	0.0	9963766	734	160.0
1606628711.71	160000	4.372344	0.0	12189364	878	160.0
1606628712.5	160000	4.585566	0.0	10142396	724	160.0
1606628713.38	160000	4.713071	0.0	10185488	802	160.0
1606628714.7	160000	4.384126	0.0	14061455	1243	160.0
1606628716.53	160000	3.558596	0.0	20074099	1696	160.0
1606628716.96	20000	4.137993	0.0	4742872	377	-120.0
1606628717.4	20000	4.694947	0.0	4955535	397	20.0
1606628718.08	160000	5.007606	0.0	7891151	631	20.0
1606628719.77	160000	4.326022	0.0	21012466	1558	160.0
1606628721.84	160000	3.256606	0.0	23519424	1940	160.0
1606628723.3	160000	2.799135	0.0	18715420	1340	160.0
1606628724.73	160000	2.367683	0.0	17000816	1334	160.0
1606628725.87	160000	2.232514	0.0	14448126	1051	160.0
1606628726.51	160000	2.591468	0.0	6958676	588	160.0
1606628727.3	160000	2.79589	0.0	9088791	734	160.0
1606628727.91	160000	3.191442	0.0	7211881	553	160.0
1606628728.18	160000	3.917177	0.0	3063586	245	160.0
1606628728.43	160000	4.668743	0.0	2782179	222	160.0
1606628729.3	160000	4.798041	0.0	9958410	808	160.0
1606628730.34	160000	4.759913	0.0	12158708	966	160.0
1606628731.34	160000	4.767835	0.0	12300216	917	160.0
1606628732.86	160000	4.249129	0.0	15815684	1421	160.0
1606628733.89	160000	4.216423	0.0	13526256	951	160.0
1606628734.8	160000	4.309804	0.0	11995130	834	160.0
1606628735.8	160000	4.306207	0.0	13394791	918	160.0
1606628736.83	160000	4.277062	0.0	14135828	948	160.0
1606628738.0	160000	4.110115	0.0	15366126	1081	160.0
1606628739.12	160000	3.994836	0.0	14248439	1032	160.0
1606628740.4	160000	3.710838	0.0	13843717	1203	160.0
1606628741.61	160000	3.506313	0.0	14665119	1118	160.0
1606628743.41	160000	2.702636	0.0	21079187	1680	160.0
1606628745.48	160000	1.634886	0.0	25480074	1924	160.0
1606628747.1	160000	1.412184	0.39	23021754	1495	97.6
1606628748.39	160000	1.303691	0.182	27527834	1130	130.88
1606628749.47	160000	1.469146	0.25	26155848	954	120.0
1606628750.28	160000	1.662278	0.0	17849379	680	160.0
1606628750.97	160000	1.97303	0.0	16546531	588	160.0
1606628751.61	160000	2.334944	0.0	17718949	535	160.0
1606628752.24	160000	2.708769	0.0	17337137	521	160.0
1606628753.02	160000	2.923008	0.0	20008245	664	160.0
1606628754.84	160000	2.109105	0.0	58430914	1486	160.0
1606628755.28	160000	2.672345	0.0	16292703	328	160.0
1606628755.94	160000	3.008332	0.0	25587422	516	160.0
1606628756.55	160000	3.40255	0.0	23982306	460	160.0
1606628756.88	160000	4.068513	0.0	13347845	253	160.0
1606628757.23	160000	4.72475	0.0	14337991	259	160.0
1606628757.52	160000	5.43152	0.0	14584990	211	160.0
1606628757.81	160000	6.14621	0.0	13962401	201	160.0
1606628758.1	160000	6.855684	0.0	14393788	208	160.0
1606628758.41	160000	7.550264	0.0	14649457	220	160.0
1606628758.69	160000	8.268328	0.0	13409715	202	160.0
1606628758.98	160000	8.97706	0.0	13909605	209	160.0
1606628759.26	160000	9.706344	0.0	13301968	191	160.0
1606628759.64	160000	10.317877	0.0	19025846	260	160.0
1606628760.02	160000	10.936563	0.0	19295426	266	160.0
1606628760.38	160000	11.581914	0.0	18261873	251	160.0
1606628760.78	160000	12.183659	0.0	19847604	273	160.0
1606628761.15	160000	12.814681	0.0	18767181	258	160.0
1606628761.49	160000	13.475364	0.0	22420858	202	160.0
1606628761.78	160000	14.185718	0.0	19324333	174	160.0
1606628762.08	160000	14.88277	0.0	20392234	183	160.0
1606628762.22	160000	15.744544	0.0	7671072	82	160.0
1606628762.53	160000	16.437585	0.0	17781906	204	160.0
1606628762.76	160000	17.208949	0.0	12839336	147	160.0
1606628762.95	160000	18.017081	0.0	10779770	124	160.0
1606628763.2	160000	18.769456	0.0	14606687	164	160.0
1606628763.8	160000	19.175249	0.0	41866951	352	160.0
1606628764.35	160000	19.627773	0.0	37238410	312	160.0
1606628764.56	160000	20.418847	0.0	14347759	125	160.0
1606628764.73	160000	21.250249	0.0	11399187	99	160.0
1606628764.88	160000	22.094006	0.0	10358641	90	160.0
1606628765.12	160000	22.862437	0.0	14315696	144	160.0
1606628765.48	160000	23.496292	0.0	23283631	230	160.0
1606628766.08	160000	23.896779	0.0	37521367	372	160.0
1606628766.41	160000	24.571344	0.0	22241104	199	160.0
1606628766.64	160000	25.337301	0.0	15813346	139	160.0
1606628766.9	160000	26.084872	0.0	17116450	150	160.0
1606628767.19	160000	26.795436	0.0	18867054	162	160.0
1606628767.41	160000	27.572674	0.0	17393609	115	160.0
1606628767.74	160000	28.25118	0.0	24759401	171	160.0
1606628768.06	160000	28.929786	0.0	25782433	171	160.0
1606628768.38	160000	29.605678	0.0	25885372	162	160.0
1606628768.68	160000	30.305583	0.0	26242011	156	160.0
1606628768.99	160000	31.001273	0.0	23865378	148	160.0
1606628769.29	160000	31.699396	0.0	25470681	151	160.0
1606628769.65	160000	32.34543	0.0	27258768	174	160.0
1606628769.87	160000	33.12442	0.0	17853711	113	160.0
1606628770.06	160000	33.93294	0.0	14829893	93	160.0
1606628770.48	160000	34.515827	0.0	27779697	254	160.0
1606628770.96	160000	35.038607	0.0	27714923	319	160.0
1606628771.42	160000	35.578532	0.0	25946474	304	160.0
1606628771.78	160000	36.221167	0.0	19596259	236	160.0
1606628772.21	160000	36.786198	0.0	23774167	287	160.0
1606628772.52	160000	37.481141	0.0	19373656	188	160.0
1606628772.89	160000	38.11556	0.0	23977420	234	160.0
1606628773.27	160000	38.728757	0.0	24493733	240	160.0
1606628774.38	160000	38.623693	0.0	14528511	1011	160.0
1606628774.97	160000	39.038885	0.0	16841176	476	160.0
1606628775.88	160000	39.121313	0.0	16743604	813	160.0
1606628780.86	160000	35.141099	0.0	17975224	4861	160.0
1606628781.3	20000	35.706492	0.0	2538877	404	-120.0
1606628781.54	20000	36.46845	0.0	2298557	212	20.0
1606628781.83	20000	37.177784	0.0	2831497	262	20.0
1606628782.16	20000	37.85107	0.0	3200905	296	20.0
1606628783.4	160000	37.612023	0.0	17749058	1129	20.0
1606628783.87	160000	38.140639	0.0	14127787	387	160.0
1606628784.44	160000	38.575864	0.0	17525699	456	160.0
1606628784.82	160000	39.193822	0.0	14240042	301	160.0
1606628785.37	160000	39.644756	0.0	20324139	428	160.0
1606628785.91	160000	40.112547	0.0	21993033	409	160.0
1606628786.37	160000	40.645881	0.0	18863108	349	160.0
1606628786.74	160000	41.278612	0.0	15964734	264	160.0
1606628786.93	160000	42.086499	0.0	8284939	137	160.0
1606628787.14	160000	42.881501	0.0	9004706	148	160.0
1606628787.3	160000	43.719366	0.0	6955279	115	160.0
1606628787.57	160000	44.451051	0.0	10701639	202	160.0
1606628787.82	160000	45.20592	0.0	9459459	186	160.0
1606628787.91	160000	46.11146	0.0	3212828	60	160.0
1606628787.99	160000	47.037818	0.0	2509989	48	160.0
1606628788.05	160000	47.976174	0.0	2004927	38	160.0
1606628788.08	160000	48.95072	0.0	591360	11	160.0
1606628788.15	160000	50.3159	0.0	2394426	46	160.0
1606628788.44	40000	1.000999	0.029	336477	2	-4.640000000000001
1606628788.88	160000	1.888114	0.0	14912671	271	40.0
1606628789.55	160000	2.220399	0.0	24265636	441	160.0
1606628790.11	160000	2.65735	0.0	22711544	421	160.0
1606628790.57	160000	3.224214	0.0	19639705	339	160.0
1606628791.05	160000	3.78045	0.0	20946809	339	160.0
1606628791.32	160000	4.511208	0.0	11895609	193	160.0
1606628791.51	160000	5.347801	0.0	7597636	132	160.0
1606628792.94	160000	4.983456	0.0	56067905	958	160.0
1606628793.93	160000	5.039885	0.0	45444680	719	160.0
1606628795.04	160000	4.932193	0.0	54798068	798	160.0
1606628796.52	160000	4.450778	0.0	69464107	1006	160.0
1606628797.69	160000	4.284775	0.0	50637608	881	160.0
1606628798.13	160000	4.841002	0.0	19559369	323	160.0
1606628798.63	160000	5.342268	0.0	22224402	365	160.0
1606628799.14	160000	5.838419	0.0	22578365	370	160.0
1606628799.33	160000	6.644948	0.0	8346702	136	160.0
1606628799.66	160000	7.314953	0.0	15775481	227	160.0
1606628799.86	160000	8.11749	0.0	9163235	130	160.0
1606628800.69	160000	8.319724	0.0	41307095	593	160.0
1606628801.29	160000	8.743534	0.0	28763893	409	160.0
1606628801.75	160000	9.290009	0.0	21266416	328	160.0
1606628802.26	160000	9.774347	0.0	23702229	366	160.0
1606628802.86	160000	10.183972	0.0	27580394	430	160.0
1606628803.31	160000	10.734141	0.0	20329780	320	160.0
1606628803.62	160000	11.423851	0.0	16109183	217	160.0
1606628804.72	160000	11.319557	0.0	58830800	758	160.0
1606628805.97	160000	11.069918	0.0	66935122	893	160.0
