1606629629.57	40000	1.000999	0.042	334476	29	-6.719999999999999
1606629631.15	160000	1.277097	0.51	14912671	1370	-41.599999999999994
1606629633.04	160000	1.346442	0.933	24265636	1713	10.719999999999999
1606629634.87	160000	1.432192	0.889	22711544	1710	17.75999999999999
1606629636.51	160000	1.31153	0.492	19639705	1524	81.28
1606629638.41	160000	1.310436	0.869	20946809	1785	20.960000000000008
1606629638.87	160000	1.844466	0.0	11895609	382	160.0
1606629639.17	160000	2.549434	0.0	7597636	245	160.0
1606629644.5	160000	1.41324	3.198	56067905	4903	-351.68
1606629644.77	20000	2.14668	0.0	2863079	229	-120.0
1606629645.13	20000	2.781159	0.0	4167844	331	20.0
1606629645.67	20000	3.241222	0.0	5571764	488	20.0
1606629646.18	20000	3.733705	0.0	4925652	467	20.0
1606629646.37	20000	4.544329	0.0	2030157	166	20.0
1606629647.14	160000	4.779927	0.0	22224402	632	20.0
1606629649.13	160000	3.793089	0.0	22578365	1852	160.0
1606629649.82	160000	4.103078	0.0	8346702	637	160.0
1606629651.15	160000	3.773188	0.0	15775481	1234	160.0
1606629651.53	160000	4.39185	0.0	9163235	321	160.0
1606629652.39	160000	4.533484	0.0	41307095	633	160.0
1606629656.56	160000	1.365597	0.0	28763893	3987	160.0
1606629658.82	160000	1.392707	1.284	21266416	2150	-45.44
1606629660.54	160000	1.42746	0.756	23702229	1599	39.040000000000006
1606629661.93	160000	1.433999	0.399	27580394	1262	96.16
1606629662.55	160000	1.819444	0.0	20329780	487	160.0
1606629663.05	160000	2.323232	0.0	16109183	394	160.0
1606629664.92	160000	1.451974	0.0	58830800	1452	160.0
1606629666.61	160000	1.261385	0.499	66935122	1372	80.16
1606629667.22	160000	1.650614	0.0	15251076	516	160.0
1606629668.16	160000	1.714696	0.0	16574034	831	160.0
1606629669.22	160000	1.654338	0.0	13009028	983	160.0
1606629670.36	160000	1.517638	0.0	12791674	1060	160.0
1606629671.27	160000	1.606848	0.0	11137898	842	160.0
1606629672.24	160000	1.630026	0.0	11485310	905	160.0
1606629672.7	160000	2.178782	0.0	12428518	378	160.0
1606629672.89	160000	2.981703	0.0	9963766	133	160.0
1606629673.13	160000	3.747142	0.0	12189364	163	160.0
1606629673.33	160000	4.547264	0.0	10142396	135	160.0
1606629673.55	160000	5.327835	0.0	10185488	155	160.0
1606629673.97	160000	5.912707	0.0	14061455	331	160.0
1606629674.56	160000	6.320708	0.0	20074099	471	160.0
1606629676.73	160000	5.149303	0.0	46115254	1908	160.0
1606629678.43	160000	4.451444	0.0	40906522	1454	160.0
1606629678.78	160000	5.10194	0.0	7891151	294	160.0
1606629679.72	160000	5.162989	0.0	21012466	813	160.0
1606629681.06	160000	4.823156	0.0	23519424	1198	160.0
1606629682.39	160000	4.503412	0.0	18715420	1208	160.0
1606629683.68	160000	4.207761	0.0	17000816	1189	160.0
1606629684.8	160000	4.08752	0.0	14448126	1032	160.0
1606629685.53	160000	4.363375	0.0	6958676	675	160.0
1606629686.54	160000	4.349598	0.0	9088791	954	160.0
1606629687.2	160000	4.695973	0.0	7211881	605	160.0
1606629687.48	160000	5.415883	0.0	3063586	253	160.0
1606629687.63	160000	6.260804	0.0	2782179	128	160.0
1606629687.84	160000	7.059119	0.0	9958410	140	160.0
1606629688.08	160000	7.813884	0.0	12158708	172	160.0
1606629688.33	160000	8.566024	0.0	12300216	174	160.0
1606629688.65	160000	9.245468	0.0	15815684	224	160.0
1606629688.91	160000	9.996582	0.0	13526256	161	160.0
1606629689.12	160000	10.781032	0.0	11995130	142	160.0
1606629689.36	160000	11.544412	0.0	13394791	159	160.0
1606629689.61	160000	12.294685	0.0	14135828	168	160.0
1606629689.89	160000	13.012217	0.0	15366126	187	160.0
1606629690.14	160000	13.759388	0.0	14248439	172	160.0
1606629690.39	160000	14.515237	0.0	13843717	162	160.0
1606629690.66	160000	15.251324	0.0	14665119	173	160.0
1606629691.06	160000	15.851219	0.0	21079187	278	160.0
1606629691.53	160000	16.378815	0.0	25480074	337	160.0
1606629691.96	160000	16.951926	0.0	23021754	291	160.0
1606629692.45	160000	17.460319	0.0	27527834	337	160.0
1606629692.92	160000	17.991176	0.0	26155848	304	160.0
1606629693.22	160000	18.690968	0.0	17849379	195	160.0
1606629693.5	160000	19.411433	0.0	16546531	180	160.0
1606629693.82	160000	20.098348	0.0	17718949	201	160.0
1606629694.11	160000	20.804902	0.0	17337137	189	160.0
1606629694.45	160000	21.467602	0.0	20008245	218	160.0
1606629695.42	160000	21.49769	0.0	58430914	646	160.0
1606629695.71	160000	22.209403	0.0	16292703	181	160.0
1606629696.09	160000	22.830286	0.0	25587422	231	160.0
1606629696.45	160000	23.473466	0.0	23982306	217	160.0
1606629696.65	160000	24.272161	0.0	13347845	121	160.0
1606629696.87	160000	25.053284	0.0	14337991	137	160.0
1606629697.11	160000	25.817456	0.0	14584990	146	160.0
1606629697.32	160000	26.602109	0.0	13962401	134	160.0
1606629697.54	160000	27.38094	0.0	14393788	139	160.0
1606629697.78	160000	28.149162	0.0	14649457	142	160.0
1606629697.98	160000	28.951103	0.0	13409715	115	160.0
1606629698.18	160000	29.752987	0.0	13909605	120	160.0
1606629698.37	160000	30.560232	0.0	13301968	114	160.0
1606629698.65	160000	31.277129	0.0	19025846	163	160.0
1606629698.92	160000	32.015229	0.0	19295426	152	160.0
1606629699.17	160000	32.764963	0.0	18261873	144	160.0
1606629699.45	160000	33.481322	0.0	19847604	157	160.0
1606629699.72	160000	34.215349	0.0	18767181	147	160.0
1606629700.02	160000	34.91127	0.0	22420858	178	160.0
1606629700.3	160000	35.635665	0.0	19324333	154	160.0
1606629700.59	160000	36.355034	0.0	20392234	160	160.0
1606629700.71	160000	37.232218	0.0	7671072	63	160.0
1606629700.95	160000	37.987362	0.0	17781906	138	160.0
1606629701.13	160000	38.807518	0.0	12839336	100	160.0
1606629701.29	160000	39.655525	0.0	10779770	83	160.0
1606629701.49	160000	40.457865	0.0	14606687	113	160.0
1606629702.07	160000	40.870742	0.0	41866951	327	160.0
1606629702.58	160000	41.361762	0.0	37238410	294	160.0
1606629702.78	160000	42.168663	0.0	14347759	112	160.0
1606629702.94	160000	43.004148	0.0	11399187	82	160.0
1606629703.09	160000	43.860761	0.0	10358641	76	160.0
1606629703.28	160000	44.673075	0.0	14315696	103	160.0
1606629703.58	160000	45.372521	0.0	23283631	168	160.0
1606629704.06	160000	45.888788	0.0	37521367	249	160.0
1606629704.34	160000	46.615263	0.0	22241104	139	160.0
1606629704.54	160000	47.412596	0.0	15813346	100	160.0
1606629704.76	160000	48.198427	0.0	17116450	108	160.0
1606629704.99	160000	48.963197	0.0	18867054	113	160.0
1606629705.2	160000	49.753418	0.0	17393609	105	160.0
1606629705.5	160000	50.457891	0.0	24759401	151	160.0
1606629705.81	160000	51.147074	0.0	25782433	153	160.0
1606629706.13	160000	51.827406	0.0	25885372	157	160.0
1606629706.44	160000	52.51665	0.0	26242011	162	160.0
1606629706.75	160000	53.214479	0.0	23865378	143	160.0
1606629707.04	160000	53.916692	0.0	25470681	149	160.0
1606629707.38	160000	54.579274	0.0	27258768	162	160.0
1606629707.6	160000	55.366834	0.0	17853711	104	160.0
1606629707.78	160000	56.185818	0.0	14829893	86	160.0
1606629708.14	160000	56.82156	0.0	27779697	199	160.0
1606629708.5	160000	57.463576	0.0	27714923	199	160.0
1606629708.85	160000	58.121362	0.0	25946474	186	160.0
1606629709.1	160000	58.873111	0.0	19596259	131	160.0
1606629709.39	160000	59.577211	0.0	23774167	158	160.0
1606629710.14	160000	59.938716	0.0	19373656	128	160.0
1606629711.46	160000	59.689757	0.0	23977420	179	160.0
1606629712.34	160000	59.690756	0.0	24493733	232	160.0
1606629713.29	160000	59.69175	0.0	14528511	367	160.0
1606629714.98	160000	58.998261	0.0	16841176	1579	160.0
1606629716.21	160000	58.760768	0.0	16743604	1133	160.0
1606629716.38	20000	59.598832	0.0	1945842	134	-120.0
1606629717.08	20000	59.945766	0.0	2538877	175	20.0
1606629718.29	20000	59.696755	0.0	2298557	185	20.0
1606629719.05	20000	59.947761	0.0	2831497	224	20.0
1606629720.11	160000	59.948761	0.0	21308824	428	20.0
1606629721.11	160000	59.949774	0.0	17749058	392	160.0
1606629722.06	160000	59.950765	0.0	14127787	366	160.0
1606629725.74	160000	57.24148	0.0	17525699	3575	160.0
1606629727.09	160000	56.89755	0.0	14240042	1258	160.0
1606629728.82	160000	56.169807	0.0	20324139	1608	160.0
1606629730.08	160000	55.906164	0.0	21993033	1135	160.0
1606629730.46	160000	56.525844	0.0	18863108	262	160.0
1606629730.79	160000	57.19924	0.0	15964734	230	160.0
1606629730.95	160000	58.040145	0.0	8284939	107	160.0
1606629731.12	160000	58.872012	0.0	9004706	113	160.0
1606629731.26	160000	59.734695	0.0	6955279	83	160.0
1606629732.47	160000	59.710761	0.0	10701639	135	160.0
1606629733.15	160000	59.961785	0.0	9459459	122	160.0
1606629734.22	160000	59.962758	0.0	3212828	38	160.0
1606629735.28	160000	59.713749	0.0	2509989	34	160.0
1606629736.33	160000	59.714747	0.0	2004927	26	160.0
1606629737.36	160000	59.715753	0.0	591360	7	160.0
1606629738.91	160000	59.650522	0.0	2394426	26	160.0
1606629739.24	40000	1.000999	0.029	336477	4	-4.640000000000001
1606629739.57	160000	1.964358	0.0	14912671	172	40.0
1606629740.07	160000	2.466263	0.0	24265636	269	160.0
1606629740.45	160000	3.092061	0.0	22711544	229	160.0
1606629740.77	160000	3.767816	0.0	19639705	196	160.0
1606629741.11	160000	4.462852	0.0	20946809	204	160.0
1606629741.3	160000	5.314202	0.0	11895609	109	160.0
1606629741.42	160000	6.191306	0.0	7597636	69	160.0
1606629742.4	160000	6.290493	0.0	56067905	513	160.0
1606629743.04	160000	6.68118	0.0	45444680	385	160.0
1606629743.83	160000	6.939909	0.0	54798068	484	160.0
1606629744.88	160000	6.890769	0.0	69464107	576	160.0
1606629745.56	160000	7.220325	0.0	50637608	392	160.0
1606629745.83	160000	7.94792	0.0	19559369	145	160.0
1606629746.13	160000	8.645576	0.0	22224402	171	160.0
1606629746.44	160000	9.343201	0.0	22578365	175	160.0
1606629746.56	160000	10.214682	0.0	8346702	64	160.0
1606629746.78	160000	11.00014	0.0	15775481	122	160.0
1606629746.91	160000	11.870426	0.0	9163235	71	160.0
1606629747.47	160000	12.313932	0.0	41307095	337	160.0
1606629747.88	160000	12.899847	0.0	28763893	236	160.0
1606629748.42	160000	13.365464	0.0	21266416	410	160.0
1606629749.46	160000	13.32097	0.0	23702229	888	160.0
1606629752.08	160000	11.868764	0.0	27580394	2433	160.0
1606629752.15	20000	12.801549	0.0	3022025	28	-120.0
1606629752.4	160000	13.5544	0.0	16109183	131	20.0
1606629753.23	160000	13.726428	0.0	58830800	500	160.0
1606629754.19	160000	13.768281	0.0	66935122	585	160.0
1606629754.4	160000	14.550648	0.0	15251076	121	160.0
