1606631072.26	40000	1.000999	0.019	334476	8	-3.039999999999999
1606631072.84	160000	1.814061	0.0	14912671	340	40.0
1606631073.9	160000	1.77189	0.0	24265636	850	160.0
1606631075.46	160000	1.425177	0.134	22711544	1422	138.56
1606631076.2	160000	1.711538	0.0	19639705	619	160.0
1606631076.65	160000	2.283745	0.0	20946809	301	160.0
1606631076.9	160000	3.037945	0.0	11895609	172	160.0
1606631077.06	160000	3.908066	0.0	7597636	110	160.0
1606631078.28	160000	3.684785	0.0	56067905	743	160.0
1606631079.02	160000	3.94589	0.0	45444680	488	160.0
1606631080.04	160000	3.932988	0.0	54798068	712	160.0
1606631081.25	160000	3.721824	0.0	69464107	754	160.0
1606631085.62	160000	1.396157	1.0	50637608	4123	0.0
1606631087.22	160000	1.397948	0.603	19559369	1499	63.519999999999996
1606631087.42	20000	2.207085	0.0	2240782	157	-120.0
1606631087.61	20000	3.012941	0.0	2211169	156	20.0
1606631087.66	20000	3.968427	0.0	382046	27	20.0
1606631087.76	20000	4.861139	0.0	1113969	77	20.0
1606631087.84	20000	5.785268	0.0	820127	58	20.0
1606631088.37	20000	6.254469	0.0	6357933	483	20.0
1606631091.17	160000	4.457238	0.0	28763893	2590	20.0
1606631092.33	160000	4.302695	0.0	21266416	1025	160.0
1606631093.19	160000	4.443846	0.0	23702229	717	160.0
1606631094.06	160000	4.573801	0.0	27580394	715	160.0
1606631094.74	160000	4.891831	0.0	20329780	537	160.0
1606631095.27	160000	5.359459	0.0	16109183	436	160.0
1606631097.2	160000	4.430191	0.0	58830800	1559	160.0
1606631103.55	160000	1.25804	2.182	66935122	6026	-189.12
1606631104.76	160000	1.436351	0.388	15251076	1121	97.92
1606631104.93	20000	2.270173	0.0	1942795	132	-120.0
1606631106.74	160000	1.45739	0.0	13009028	1731	20.0
1606631108.51	160000	1.331572	0.638	12791674	1696	57.92
1606631109.39	160000	1.452601	0.0	11137898	811	160.0
1606631110.23	160000	1.606182	0.0	11485310	780	160.0
1606631111.45	160000	1.472658	0.081	12428518	1145	147.04
1606631112.18	160000	1.740845	0.0	9963766	671	160.0
1606631113.1	160000	1.830145	0.0	12189364	839	160.0
1606631113.91	160000	2.013755	0.0	10142396	753	160.0
1606631114.76	160000	2.163461	0.0	10185488	779	160.0
1606631115.92	160000	2.006832	0.0	14061455	1073	160.0
1606631117.72	160000	1.298043	0.088	20074099	1690	145.92
1606631118.09	20000	1.927321	0.0	4742872	329	-120.0
1606631118.49	20000	2.531714	0.0	4955535	357	20.0
1606631119.17	160000	2.84921	0.0	7891151	627	20.0
1606631120.8	160000	2.220778	0.0	21012466	1512	160.0
1606631122.78	160000	1.401958	0.16	23519424	1852	134.4
1606631123.71	160000	1.468986	0.0	18715420	824	160.0
1606631124.13	160000	2.05877	0.0	17000816	302	160.0
1606631124.47	160000	2.709577	0.0	14448126	250	160.0
1606631124.61	160000	3.575583	0.0	6958676	76	160.0
1606631124.77	160000	4.414574	0.0	9088791	100	160.0
1606631124.9	160000	5.287011	0.0	7211881	79	160.0
1606631124.96	160000	6.226075	0.0	3063586	34	160.0
1606631125.03	160000	7.162917	0.0	2782179	36	160.0
1606631125.2	160000	7.985988	0.0	9958410	116	160.0
1606631125.41	160000	8.780817	0.0	12158708	132	160.0
1606631125.61	160000	9.583184	0.0	12300216	123	160.0
1606631125.87	160000	10.324219	0.0	15815684	161	160.0
1606631126.09	160000	11.108549	0.0	13526256	135	160.0
1606631126.28	160000	11.915744	0.0	11995130	121	160.0
1606631126.49	160000	12.703713	0.0	13394791	132	160.0
1606631126.72	160000	13.478963	0.0	14135828	129	160.0
1606631126.95	160000	14.252701	0.0	15366126	142	160.0
1606631127.16	160000	15.036893	0.0	14248439	131	160.0
1606631127.37	160000	15.828952	0.0	13843717	128	160.0
1606631127.85	160000	16.349536	0.0	14665119	389	160.0
1606631128.75	160000	16.447587	0.0	21079187	781	160.0
1606631130.61	160000	15.590982	0.0	25480074	1719	160.0
1606631131.29	160000	15.913162	0.0	23021754	538	160.0
1606631131.77	160000	16.432141	0.0	27527834	322	160.0
1606631132.16	160000	17.04418	0.0	26155848	231	160.0
1606631132.43	160000	17.775318	0.0	17849379	156	160.0
1606631132.73	160000	18.475585	0.0	16546531	189	160.0
1606631133.05	160000	19.161422	0.0	17718949	204	160.0
1606631133.36	160000	19.854591	0.0	17337137	200	160.0
1606631133.71	160000	20.501913	0.0	20008245	228	160.0
1606631134.7	160000	20.516448	0.0	58430914	667	160.0
1606631134.95	160000	21.260297	0.0	16292703	153	160.0
1606631135.34	160000	21.878996	0.0	25587422	241	160.0
1606631135.86	160000	22.355838	0.0	23982306	385	160.0
1606631136.24	160000	22.972814	0.0	13347845	302	160.0
1606631136.59	160000	23.629657	0.0	14337991	260	160.0
1606631136.83	160000	24.392554	0.0	14584990	147	160.0
1606631137.05	160000	25.168907	0.0	13962401	143	160.0
1606631137.29	160000	25.934992	0.0	14393788	148	160.0
1606631137.53	160000	26.697452	0.0	14649457	154	160.0
1606631137.9	160000	27.325941	0.0	13409715	282	160.0
1606631138.27	160000	27.952155	0.0	13909605	293	160.0
1606631138.65	160000	28.579546	0.0	13301968	291	160.0
1606631139.1	160000	29.121356	0.0	19025846	344	160.0
1606631139.56	160000	29.664379	0.0	19295426	348	160.0
1606631140.8	160000	29.427499	0.0	18261873	1125	160.0
1606631142.05	160000	29.176527	0.0	19847604	1125	160.0
1606631143.21	160000	29.021486	0.0	18767181	1047	160.0
1606631144.49	160000	28.741068	0.0	22420858	1148	160.0
1606631146.02	160000	28.211818	0.0	19324333	1404	160.0
1606631148.04	160000	27.194954	0.0	20392234	1891	160.0
1606631148.65	160000	27.582098	0.0	7671072	559	160.0
1606631149.32	160000	27.919588	0.0	17781906	554	160.0
1606631149.7	160000	28.537177	0.0	12839336	303	160.0
1606631149.93	160000	29.30731	0.0	10779770	161	160.0
1606631150.23	160000	30.003876	0.0	14606687	217	160.0
1606631151.09	160000	30.151378	0.0	41866951	592	160.0
1606631151.81	160000	30.43277	0.0	37238410	501	160.0
1606631152.06	160000	31.176178	0.0	14347759	173	160.0
1606631152.27	160000	31.967651	0.0	11399187	137	160.0
1606631152.47	160000	32.774494	0.0	10358641	125	160.0
1606631152.72	160000	33.524146	0.0	14315696	166	160.0
1606631153.12	160000	34.127071	0.0	23283631	260	160.0
1606631153.75	160000	34.491334	0.0	37521367	419	160.0
1606631154.11	160000	35.137298	0.0	22241104	224	160.0
1606631154.37	160000	35.87346	0.0	15813346	157	160.0
1606631154.66	160000	36.591173	0.0	17116450	172	160.0
1606631154.94	160000	37.306311	0.0	18867054	175	160.0
1606631155.21	160000	38.043091	0.0	17393609	163	160.0
1606631155.59	160000	38.664894	0.0	24759401	231	160.0
1606631155.98	160000	39.275557	0.0	25782433	230	160.0
1606631156.38	160000	39.873637	0.0	25885372	232	160.0
1606631156.77	160000	40.482752	0.0	26242011	239	160.0
1606631157.18	160000	41.079508	0.0	23865378	245	160.0
1606631157.6	160000	41.654404	0.0	25470681	280	160.0
1606631158.07	160000	42.190087	0.0	27258768	286	160.0
1606631158.36	160000	42.897094	0.0	17853711	186	160.0
1606631158.61	160000	43.653299	0.0	14829893	155	160.0
1606631159.04	160000	44.219554	0.0	27779697	260	160.0
1606631159.48	160000	44.779819	0.0	27714923	266	160.0
1606631159.98	160000	45.283613	0.0	25946474	346	160.0
1606631160.43	160000	45.837621	0.0	19596259	320	160.0
1606631161.7	160000	45.559935	0.0	23774167	1143	160.0
1606631162.92	160000	45.345029	0.0	19373656	1097	160.0
1606631163.61	160000	45.654328	0.0	23977420	554	160.0
1606631165.5	160000	44.764419	0.0	24493733	1750	160.0
1606631166.58	160000	44.687412	0.0	14528511	992	160.0
1606631168.33	160000	43.936863	0.0	16841176	1648	160.0
1606631169.68	160000	43.595123	0.0	16743604	1239	160.0
1606631171.03	160000	43.237305	0.0	17975224	1240	160.0
1606631173.01	160000	42.267665	0.0	22329548	1837	160.0
1606631174.41	160000	41.865888	0.0	16001583	1293	160.0
1606631175.83	160000	41.44318	0.0	18238584	1311	160.0
1606631177.41	160000	40.862574	0.0	21308824	1450	160.0
1606631178.87	160000	40.405613	0.0	17749058	1350	160.0
1606631179.95	160000	40.324296	0.0	14127787	1001	160.0
1606631181.46	160000	39.81915	0.0	17525699	1399	160.0
1606631182.69	160000	39.590668	0.0	14240042	1146	160.0
1606631184.34	160000	38.946096	0.0	20324139	1529	160.0
1606631186.06	160000	38.221553	0.0	21993033	1594	160.0
1606631187.13	160000	38.156131	0.0	18863108	943	160.0
1606631187.58	160000	38.706717	0.0	15964734	348	160.0
1606631187.82	160000	39.473189	0.0	8284939	179	160.0
1606631188.0	160000	40.289472	0.0	9004706	118	160.0
1606631188.14	160000	41.144791	0.0	6955279	90	160.0
1606631188.35	160000	41.932474	0.0	10701639	139	160.0
1606631188.54	160000	42.749921	0.0	9459459	122	160.0
1606631188.61	160000	43.680521	0.0	3212828	42	160.0
1606631188.67	160000	44.622536	0.0	2509989	31	160.0
1606631188.72	160000	45.574087	0.0	2004927	26	160.0
1606631188.74	160000	46.54976	0.0	591360	7	160.0
1606631188.8	160000	47.92808	0.0	2394426	31	160.0
1606631189.13	40000	1.000999	0.025	336477	4	-4.0
1606631189.5	160000	1.945527	0.0	14912671	206	40.0
1606631190.05	160000	2.402157	0.0	24265636	329	160.0
1606631190.47	160000	2.97467	0.0	22711544	283	160.0
1606631190.83	160000	3.615943	0.0	19639705	244	160.0
1606631191.23	160000	4.287424	0.0	20946809	261	160.0
1606631191.45	160000	5.06776	0.0	11895609	148	160.0
1606631191.61	160000	5.939244	0.0	7597636	103	160.0
1606631194.81	160000	3.860973	0.0	56067905	2696	160.0
1606631195.54	160000	4.121492	0.0	45444680	481	160.0
1606631196.36	160000	4.297532	0.0	54798068	523	160.0
1606631197.4	160000	4.258299	0.0	69464107	592	160.0
1606631198.14	160000	4.521196	0.0	50637608	450	160.0
1606631198.47	160000	5.195894	0.0	19559369	209	160.0
1606631198.83	160000	5.831543	0.0	22224402	236	160.0
1606631199.19	160000	6.478551	0.0	22578365	213	160.0
1606631199.33	160000	7.334911	0.0	8346702	77	160.0
1606631199.59	160000	8.07984	0.0	15775481	154	160.0
1606631199.74	160000	8.929767	0.0	9163235	89	160.0
1606631200.45	160000	9.216235	0.0	41307095	479	160.0
1606631200.99	160000	9.6788	0.0	28763893	350	160.0
1606631201.31	160000	10.382009	0.0	21266416	177	160.0
1606631201.68	160000	11.124062	0.0	23702229	208	160.0
1606631202.11	160000	11.699605	0.0	27580394	264	160.0
1606631202.53	160000	12.276397	0.0	20329780	276	160.0
1606631202.85	160000	12.953106	0.0	16109183	224	160.0
1606631203.93	160000	12.875703	0.0	58830800	722	160.0
1606631205.15	160000	12.656249	0.0	66935122	865	160.0
1606631206.29	160000	12.524606	0.0	15251076	1042	160.0
