1606625057.45	40000	1.000999	0.052	334476	38	-8.32
1606625058.98	160000	1.441065	0.599	14912671	1344	-55.84
1606625061.17	160000	1.343485	1.059	24265636	1999	-9.439999999999998
1606625063.06	160000	1.437602	0.968	22711544	1773	5.1200000000000045
1606625063.99	160000	1.542785	0.0	19639705	802	160.0
1606625065.23	160000	1.350404	0.0	20946809	1121	160.0
1606625066.13	160000	1.457878	0.0	11895609	812	160.0
1606625066.73	160000	1.856616	0.0	7597636	551	160.0
1606625067.06	20000	2.522573	0.0	4047415	298	-120.0
1606625067.3	20000	3.285265	0.0	2863079	211	20.0
1606625067.66	20000	3.926427	0.0	4167844	325	20.0
1606625068.14	20000	4.451606	0.0	5571764	435	20.0
1606625068.59	20000	4.997872	0.0	4925652	413	20.0
1606625070.23	160000	4.365858	0.0	19559369	1511	20.0
1606625071.31	160000	4.290216	0.0	22224402	945	160.0
1606625071.83	160000	4.765249	0.0	22578365	381	160.0
1606625072.03	160000	5.567103	0.0	8346702	141	160.0
1606625072.39	160000	6.209566	0.0	15775481	265	160.0
1606625072.59	160000	7.011372	0.0	9163235	138	160.0
1606625073.52	160000	7.076126	0.0	41307095	625	160.0
1606625074.08	160000	7.521017	0.0	28763893	386	160.0
1606625074.5	160000	8.101652	0.0	21266416	285	160.0
1606625074.95	160000	8.653581	0.0	23702229	297	160.0
1606625075.47	160000	9.133305	0.0	27580394	365	160.0
1606625075.86	160000	9.741547	0.0	20329780	245	160.0
1606625076.16	160000	10.447778	0.0	16109183	194	160.0
1606625077.38	160000	10.229935	0.0	58830800	750	160.0
1606625080.76	160000	7.843382	0.0	66935122	3025	160.0
1606625082.03	160000	7.576313	0.0	15251076	1171	160.0
1606625082.23	20000	8.383399	0.0	1942795	152	-120.0
1606625082.38	20000	9.229092	0.0	1704756	133	20.0
1606625082.52	20000	10.086006	0.0	1697111	122	20.0
1606625083.4	160000	10.21349	0.0	11137898	803	20.0
1606625084.24	160000	10.377384	0.0	11485310	768	160.0
1606625085.42	160000	10.189351	0.0	12428518	1112	160.0
1606625086.24	160000	10.378725	0.0	9963766	749	160.0
1606625086.96	160000	10.659166	0.0	12189364	637	160.0
1606625087.48	160000	11.141334	0.0	10142396	448	160.0
1606625087.73	160000	11.891456	0.0	10185488	180	160.0
1606625088.06	160000	12.554047	0.0	14061455	253	160.0
1606625088.55	160000	13.074209	0.0	20074099	360	160.0
1606625089.6	160000	13.023375	0.0	46115254	804	160.0
1606625090.47	160000	13.147871	0.0	40906522	643	160.0
1606625090.66	160000	13.965676	0.0	7891151	132	160.0
1606625091.13	160000	14.489739	0.0	21012466	353	160.0
1606625091.67	160000	14.957564	0.0	23519424	399	160.0
1606625092.11	160000	15.512371	0.0	18715420	328	160.0
1606625092.51	160000	16.119012	0.0	17000816	299	160.0
1606625093.9	160000	15.729963	0.0	14448126	1304	160.0
1606625094.51	160000	16.114885	0.0	6958676	567	160.0
1606625095.2	160000	16.428729	0.0	9088791	627	160.0
1606625096.56	160000	16.06849	0.0	7211881	1310	160.0
1606625096.92	160000	16.716139	0.0	3063586	322	160.0
1606625097.24	160000	17.396805	0.0	2782179	293	160.0
1606625098.61	160000	17.020729	0.0	9958410	1312	160.0
1606625100.04	160000	16.60087	0.0	12158708	1348	160.0
1606625101.25	160000	16.386998	0.0	12300216	1129	160.0
1606625106.54	160000	12.096354	0.0	15815684	5186	160.0
1606625107.74	160000	11.897698	0.0	13526256	1121	160.0
1606625108.07	160000	12.57115	0.0	11995130	253	160.0
1606625108.43	160000	13.21047	0.0	13394791	281	160.0
1606625108.73	160000	13.91465	0.0	14135828	214	160.0
1606625109.01	160000	14.63158	0.0	15366126	195	160.0
1606625109.27	160000	15.367518	0.0	14248439	181	160.0
1606625109.54	160000	16.108962	0.0	13843717	177	160.0
1606625109.89	160000	16.751804	0.0	14665119	266	160.0
1606625110.38	160000	17.266773	0.0	21079187	363	160.0
1606625110.89	160000	17.753448	0.0	25480074	370	160.0
1606625111.35	160000	18.296141	0.0	23021754	308	160.0
1606625111.84	160000	18.808416	0.0	27527834	328	160.0
1606625112.29	160000	19.36427	0.0	26155848	282	160.0
1606625112.59	160000	20.066034	0.0	17849379	190	160.0
1606625112.87	160000	20.781003	0.0	16546531	178	160.0
1606625113.18	160000	21.477769	0.0	17718949	192	160.0
1606625113.46	160000	22.191963	0.0	17337137	187	160.0
1606625113.78	160000	22.874216	0.0	20008245	202	160.0
1606625114.68	160000	22.979875	0.0	58430914	574	160.0
1606625114.94	160000	23.721296	0.0	16292703	159	160.0
1606625115.32	160000	24.337162	0.0	25587422	248	160.0
1606625115.69	160000	24.970571	0.0	23982306	232	160.0
1606625116.07	160000	25.58721	0.0	13347845	304	160.0
1606625116.48	160000	26.181864	0.0	14337991	326	160.0
1606625117.46	160000	26.203672	0.0	14584990	894	160.0
1606625118.73	160000	25.935118	0.0	13962401	1188	160.0
1606625118.89	20000	26.770873	0.0	1739228	136	-120.0
1606625120.52	160000	26.144422	0.0	14649457	1532	20.0
1606625120.69	20000	26.974242	0.0	1538145	146	-120.0
1606625122.69	160000	25.981892	0.0	13909605	1909	20.0
1606625125.18	160000	24.485686	0.0	13301968	2418	160.0
1606625128.45	160000	22.223403	0.0	19025846	3144	160.0
1606625129.83	160000	21.837654	0.0	19295426	1257	160.0
1606625130.39	160000	22.276728	0.0	18261873	451	160.0
1606625130.93	160000	22.743259	0.0	19847604	414	160.0
1606625131.37	160000	23.303762	0.0	18767181	319	160.0
1606625131.88	160000	23.803281	0.0	22420858	362	160.0
1606625132.28	160000	24.398102	0.0	19324333	279	160.0
1606625132.69	160000	24.982514	0.0	20392234	294	160.0
1606625132.87	160000	25.806223	0.0	7671072	120	160.0
1606625133.25	160000	26.425563	0.0	17781906	273	160.0
1606625133.55	160000	27.130342	0.0	12839336	217	160.0
1606625133.78	160000	27.90091	0.0	10779770	162	160.0
1606625134.03	160000	28.646614	0.0	14606687	169	160.0
1606625134.76	160000	28.917084	0.0	41866951	490	160.0
1606625135.38	160000	29.302319	0.0	37238410	418	160.0
1606625135.63	160000	30.057277	0.0	14347759	161	160.0
1606625135.84	160000	30.846222	0.0	11399187	132	160.0
1606625136.04	160000	31.64938	0.0	10358641	127	160.0
1606625136.31	160000	32.375872	0.0	14315696	188	160.0
1606625136.74	160000	32.952271	0.0	23283631	285	160.0
1606625137.38	160000	33.307722	0.0	37521367	406	160.0
1606625137.75	160000	33.941213	0.0	22241104	242	160.0
1606625138.01	160000	34.676167	0.0	15813346	170	160.0
1606625138.3	160000	35.395726	0.0	17116450	184	160.0
1606625138.61	160000	36.081226	0.0	18867054	202	160.0
1606625138.89	160000	36.807494	0.0	17393609	172	160.0
1606625139.25	160000	37.444933	0.0	24759401	226	160.0
1606625139.63	160000	38.068289	0.0	25782433	235	160.0
1606625140.0	160000	38.694719	0.0	25885372	219	160.0
1606625140.38	160000	39.318295	0.0	26242011	219	160.0
1606625140.73	160000	39.966468	0.0	23865378	195	160.0
1606625141.03	160000	40.665432	0.0	25470681	157	160.0
1606625141.39	160000	41.31086	0.0	27258768	168	160.0
1606625141.61	160000	42.090551	0.0	17853711	109	160.0
1606625141.79	160000	42.913942	0.0	14829893	91	160.0
1606625142.12	160000	43.587858	0.0	27779697	171	160.0
1606625142.45	160000	44.257272	0.0	27714923	175	160.0
1606625142.76	160000	44.950467	0.0	25946474	159	160.0
1606625142.99	160000	45.713403	0.0	19596259	119	160.0
1606625143.27	160000	46.438313	0.0	23774167	144	160.0
1606625143.51	160000	47.201734	0.0	19373656	117	160.0
1606625143.79	160000	47.925709	0.0	23977420	146	160.0
1606625144.05	160000	48.659024	0.0	24493733	122	160.0
1606625144.21	160000	49.500395	0.0	14528511	73	160.0
1606625144.4	160000	50.319548	0.0	16841176	83	160.0
1606625144.59	160000	51.12276	0.0	16743604	83	160.0
1606625144.78	160000	51.930466	0.0	17975224	87	160.0
1606625145.04	160000	52.686375	0.0	22329548	111	160.0
1606625145.22	160000	53.497047	0.0	16001583	79	160.0
1606625145.42	160000	54.296009	0.0	18238584	90	160.0
1606625145.66	160000	55.057364	0.0	21308824	101	160.0
1606625145.86	160000	55.85708	0.0	17749058	88	160.0
1606625146.02	160000	56.705016	0.0	14127787	69	160.0
1606625146.21	160000	57.514713	0.0	17525699	86	160.0
1606625146.36	160000	58.364852	0.0	14240042	71	160.0
1606625146.58	160000	59.139625	0.0	20324139	100	160.0
1606625146.82	160000	59.903424	0.0	21993033	109	160.0
1606625148.04	160000	59.925016	0.0	18863108	96	160.0
1606625149.24	160000	59.676028	0.0	15964734	95	160.0
1606625149.84	160000	59.927013	0.0	8284939	51	160.0
1606625150.95	160000	59.92802	0.0	9004706	43	160.0
1606625152.04	160000	59.92903	0.0	6955279	39	160.0
1606625153.16	160000	59.680028	0.0	10701639	57	160.0
1606625154.27	160000	59.681024	0.0	9459459	44	160.0
1606625154.82	160000	59.932032	0.0	3212828	17	160.0
1606625155.86	160000	59.933021	0.0	2509989	16	160.0
1606625156.9	160000	59.934005	0.0	2004927	10	160.0
1606625157.93	160000	59.935029	0.0	591360	9	160.0
1606625159.62	160000	59.619776	0.0	2394426	167	160.0
1606625159.99	40000	1.000999	0.039	336477	8	-6.240000000000002
1606625160.47	160000	1.81353	0.0	14912671	309	40.0
1606625161.16	160000	2.128553	0.0	24265636	455	160.0
1606625161.6	160000	2.693028	0.0	22711544	289	160.0
1606625161.99	160000	3.374862	0.0	19639705	248	160.0
1606625162.45	160000	3.945415	0.0	20946809	315	160.0
1606625162.71	160000	4.697431	0.0	11895609	178	160.0
1606625162.88	160000	5.52966	0.0	7597636	114	160.0
1606625164.04	160000	5.444447	0.0	56067905	696	160.0
1606625165.84	160000	4.722262	0.0	45444680	1552	160.0
1606625169.02	160000	2.553784	0.0	54798068	2838	160.0
1606625169.18	20000	3.382482	0.0	5571764	84	-120.0
1606625170.31	160000	3.253748	0.0	50637608	823	20.0
1606625170.74	160000	3.818418	0.0	19559369	306	160.0
1606625171.25	160000	4.309482	0.0	22224402	378	160.0
1606625171.8	160000	4.766304	0.0	22578365	407	160.0
1606625172.01	160000	5.553393	0.0	8346702	156	160.0
1606625172.46	160000	6.101966	0.0	15775481	349	160.0
1606625172.73	160000	6.83337	0.0	9163235	204	160.0
1606625173.65	160000	6.9207	0.0	41307095	675	160.0
1606625174.37	160000	7.201765	0.0	28763893	531	160.0
1606625175.06	160000	7.507522	0.0	21266416	561	160.0
1606625175.63	160000	7.936483	0.0	23702229	416	160.0
1606625176.21	160000	8.366356	0.0	27580394	395	160.0
1606625176.5	160000	9.068694	0.0	20329780	173	160.0
1606625176.75	160000	9.822892	0.0	16109183	140	160.0
1606625177.66	160000	9.916691	0.0	58830800	497	160.0
1606625178.62	160000	9.957894	0.0	66935122	573	160.0
1606625178.85	160000	10.726401	0.0	15251076	137	160.0
