1606624574.85	40000	1.000999	0.036	334476	25	-5.759999999999998
1606624576.19	160000	1.235823	0.22	14912671	1150	4.799999999999997
1606624578.09	160000	1.345024	0.973	24265636	1724	4.319999999999993
1606624582.52	160000	1.423875	3.484	22711544	4313	-397.44000000000005
1606624583.87	160000	1.310883	0.213	19639705	1249	125.92
1606624584.5	160000	1.712827	0.0	20946809	496	160.0
1606624584.88	160000	2.323608	0.0	11895609	307	160.0
1606624585.17	160000	3.042516	0.0	7597636	228	160.0
1606624587.33	160000	1.884447	0.0	56067905	1685	160.0
1606624588.79	160000	1.424894	0.0	45444680	1205	160.0
1606624593.12	160000	1.312746	3.216	54798068	4068	-354.55999999999995
1606624593.29	20000	2.143644	0.0	5571764	121	-120.0
1606624600.39	160000	1.206871	5.164	50637608	6859	-806.24
1606624602.04	160000	1.32885	0.746	19559369	1550	40.64
1606624602.21	20000	2.163155	0.0	2240782	140	-120.0
1606624603.24	160000	2.134278	0.0	22578365	902	20.0
1606624603.51	160000	2.86848	0.0	8346702	204	160.0
1606624604.0	160000	3.371393	0.0	15775481	400	160.0
1606624604.31	160000	4.067896	0.0	9163235	244	160.0
1606624605.56	160000	3.820485	0.0	41307095	1014	160.0
1606624606.45	160000	3.929174	0.0	28763893	724	160.0
1606624607.24	160000	4.140749	0.0	21266416	666	160.0
1606624608.68	160000	3.702228	0.0	23702229	1300	160.0
1606624609.84	160000	3.536053	0.0	27580394	1016	160.0
1606624611.04	160000	3.342443	0.0	20329780	1081	160.0
1606624611.32	160000	4.062251	0.0	16109183	185	160.0
1606624612.42	160000	3.963215	0.0	58830800	710	160.0
1606624613.98	160000	3.402751	0.0	66935122	1207	160.0
1606624614.61	160000	3.772417	0.0	15251076	540	160.0
1606624615.37	160000	4.01755	0.0	16574034	647	160.0
1606624616.0	160000	4.386551	0.0	13009028	505	160.0
1606624616.52	160000	4.864566	0.0	12791674	398	160.0
1606624616.97	160000	5.42951	0.0	11137898	358	160.0
1606624617.88	160000	5.515148	0.0	11485310	831	160.0
1606624618.96	160000	5.436059	0.0	12428518	998	160.0
1606624619.13	160000	6.262409	0.0	9963766	108	160.0
1606624619.33	160000	7.058697	0.0	12189364	127	160.0
1606624619.51	160000	7.884369	0.0	10142396	106	160.0
1606624619.68	160000	8.710688	0.0	10185488	104	160.0
1606624619.93	160000	9.466095	0.0	14061455	160	160.0
1606624620.31	160000	10.086351	0.0	20074099	255	160.0
1606624621.16	160000	10.237293	0.0	46115254	573	160.0
1606624621.82	160000	10.585847	0.0	40906522	412	160.0
1606624621.96	160000	11.443755	0.0	7891151	79	160.0
1606624622.32	160000	12.08518	0.0	21012466	226	160.0
1606624622.69	160000	12.707689	0.0	23519424	241	160.0
1606624623.0	160000	13.407174	0.0	18715420	189	160.0
1606624623.3	160000	14.101752	0.0	17000816	195	160.0
1606624623.6	160000	14.810227	0.0	14448126	172	160.0
1606624623.73	160000	15.677729	0.0	6958676	78	160.0
1606624623.9	160000	16.506283	0.0	9088791	106	160.0
1606624624.06	160000	17.353652	0.0	7211881	97	160.0
1606624624.12	160000	18.287635	0.0	3063586	34	160.0
1606624624.19	160000	19.221648	0.0	2782179	27	160.0
1606624624.36	160000	20.050982	0.0	9958410	108	160.0
1606624624.57	160000	20.843319	0.0	12158708	134	160.0
1606624624.79	160000	21.626033	0.0	12300216	134	160.0
1606624625.06	160000	22.355313	0.0	15815684	168	160.0
1606624625.29	160000	23.12935	0.0	13526256	134	160.0
1606624625.48	160000	23.937744	0.0	11995130	119	160.0
1606624625.69	160000	24.725774	0.0	13394791	131	160.0
1606624625.93	160000	25.495151	0.0	14135828	138	160.0
1606624626.18	160000	26.240127	0.0	15366126	147	160.0
1606624626.43	160000	26.998436	0.0	14248439	156	160.0
1606624626.66	160000	27.764902	0.0	13843717	141	160.0
1606624626.9	160000	28.519502	0.0	14665119	148	160.0
1606624627.35	160000	29.078452	0.0	21079187	296	160.0
1606624627.86	160000	29.568793	0.0	25480074	365	160.0
1606624630.25	160000	28.17931	0.0	23021754	2233	160.0
1606624632.57	160000	26.86361	0.0	27527834	2150	160.0
1606624634.75	160000	25.679496	0.0	26155848	2002	160.0
1606624635.32	160000	26.106254	0.0	17849379	454	160.0
1606624635.68	160000	26.754066	0.0	16546531	245	160.0
1606624636.07	160000	27.357769	0.0	17718949	286	160.0
1606624636.4	160000	28.032803	0.0	17337137	222	160.0
1606624636.76	160000	28.670512	0.0	20008245	245	160.0
1606624637.82	160000	28.61609	0.0	58430914	715	160.0
1606624638.13	160000	29.301829	0.0	16292703	204	160.0
1606624638.74	160000	29.694274	0.0	25587422	456	160.0
1606624639.49	160000	29.947224	0.0	23982306	607	160.0
1606624640.1	160000	30.336149	0.0	13347845	528	160.0
1606624643.28	160000	28.157546	0.0	14337991	3088	160.0
1606624644.79	160000	27.64861	0.0	14584990	1426	160.0
1606624646.38	160000	27.059286	0.0	13962401	1511	160.0
1606624660.76	160000	13.679884	0.0	14393788	14287	160.0
1606624660.96	20000	14.487423	0.0	1722735	162	-120.0
1606624661.12	20000	15.322451	0.0	1538145	145	20.0
1606624662.54	160000	14.902496	0.0	13909605	1329	20.0
1606624664.01	160000	14.431061	0.0	13301968	1389	160.0
1606624665.8	160000	13.642221	0.0	19025846	1670	160.0
1606624667.24	160000	13.210791	0.0	19295426	1315	160.0
1606624668.78	160000	12.665163	0.0	18261873	1435	160.0
1606624670.49	160000	11.96369	0.0	19847604	1587	160.0
1606624671.64	160000	11.806321	0.0	18767181	1043	160.0
1606624672.54	160000	11.91569	0.0	22420858	757	160.0
1606624673.09	160000	12.362191	0.0	19324333	443	160.0
1606624673.64	160000	12.815356	0.0	20392234	426	160.0
1606624673.84	160000	13.612593	0.0	7671072	153	160.0
1606624674.3	160000	14.153867	0.0	17781906	354	160.0
1606624674.62	160000	14.84037	0.0	12839336	239	160.0
1606624674.89	160000	15.571724	0.0	10779770	201	160.0
1606624675.25	160000	16.209703	0.0	14606687	273	160.0
1606624676.24	160000	16.222836	0.0	41866951	752	160.0
1606624677.69	160000	15.771361	0.0	37238410	1223	160.0
1606624678.24	160000	16.223243	0.0	14347759	458	160.0
1606624678.56	160000	16.90604	0.0	11399187	243	160.0
1606624678.83	160000	17.632133	0.0	10358641	206	160.0
1606624679.2	160000	18.263725	0.0	14315696	285	160.0
1606624679.73	160000	18.737533	0.0	23283631	386	160.0
1606624680.55	160000	18.917216	0.0	37521367	589	160.0
1606624681.09	160000	19.382671	0.0	22241104	408	160.0
1606624681.44	160000	20.032928	0.0	15813346	237	160.0
1606624681.7	160000	20.771413	0.0	17116450	159	160.0
1606624681.99	160000	21.481869	0.0	18867054	176	160.0
1606624682.26	160000	22.215705	0.0	17393609	162	160.0
1606624682.62	160000	22.855987	0.0	24759401	213	160.0
1606624682.99	160000	23.480494	0.0	25782433	221	160.0
1606624683.38	160000	24.094912	0.0	25885372	224	160.0
1606624683.74	160000	24.739284	0.0	26242011	205	160.0
1606624684.08	160000	25.39192	0.0	23865378	186	160.0
1606624684.43	160000	26.04426	0.0	25470681	199	160.0
1606624684.78	160000	26.700746	0.0	27258768	173	160.0
1606624685.0	160000	27.47888	0.0	17853711	114	160.0
1606624685.18	160000	28.299265	0.0	14829893	93	160.0
1606624685.54	160000	28.945122	0.0	27779697	184	160.0
1606624685.9	160000	29.586801	0.0	27714923	197	160.0
1606624686.24	160000	30.241704	0.0	25946474	185	160.0
1606624686.49	160000	30.99868	0.0	19596259	129	160.0
1606624686.76	160000	31.720223	0.0	23774167	145	160.0
1606624687.0	160000	32.493578	0.0	19373656	116	160.0
1606624687.29	160000	33.203906	0.0	23977420	145	160.0
1606624687.66	160000	33.830391	0.0	24493733	228	160.0
1606624687.89	160000	34.599475	0.0	14528511	147	160.0
1606624688.16	160000	35.326095	0.0	16841176	171	160.0
1606624688.49	160000	36.006274	0.0	16743604	210	160.0
1606624689.22	160000	36.271656	0.0	17975224	626	160.0
1606624690.8	160000	35.696716	0.0	22329548	1447	160.0
1606624693.53	160000	33.963488	0.0	16001583	2639	160.0
1606624693.92	20000	34.579073	0.0	2831497	352	-120.0
1606624694.34	20000	35.156557	0.0	3200905	392	20.0
1606624694.66	20000	35.832435	0.0	2180586	300	20.0
1606624694.9	20000	36.601811	0.0	1500505	210	20.0
1606624695.19	20000	37.309245	0.0	1939246	273	20.0
1606624696.39	160000	37.113886	0.0	14240042	1112	20.0
1606624698.26	160000	36.236686	0.0	20324139	1740	160.0
1606624699.7	160000	35.799582	0.0	21993033	1310	160.0
1606624700.6	160000	35.900334	0.0	18863108	777	160.0
1606624700.86	160000	36.644132	0.0	15964734	149	160.0
1606624701.01	160000	37.498396	0.0	8284939	82	160.0
1606624701.16	160000	38.34775	0.0	9004706	85	160.0
1606624701.27	160000	39.233607	0.0	6955279	66	160.0
1606624701.44	160000	40.067181	0.0	10701639	100	160.0
1606624701.6	160000	40.913859	0.0	9459459	91	160.0
1606624701.66	160000	41.850956	0.0	3212828	31	160.0
1606624701.72	160000	42.792417	0.0	2509989	29	160.0
1606624701.76	160000	43.748503	0.0	2004927	19	160.0
1606624701.79	160000	44.726924	0.0	591360	5	160.0
1606624701.84	160000	46.109662	0.0	2394426	25	160.0
1606624702.16	40000	1.000999	0.017	336477	3	-2.719999999999999
1606624702.47	160000	1.964567	0.0	14912671	144	40.0
1606624703.26	160000	2.175695	0.0	24265636	570	160.0
1606624703.96	160000	2.518065	0.0	22711544	533	160.0
1606624704.53	160000	2.981984	0.0	19639705	460	160.0
1606624706.59	160000	2.04789	0.0	20946809	1930	160.0
1606624707.43	160000	2.230144	0.0	11895609	771	160.0
1606624708.06	160000	2.601493	0.0	7597636	570	160.0
1606624708.41	20000	3.250221	0.0	4047415	307	-120.0
1606624708.65	20000	4.011522	0.0	2863079	212	20.0
1606624709.0	20000	4.667006	0.0	4167844	313	20.0
1606624709.46	20000	5.204563	0.0	5571764	419	20.0
1606624709.6	20000	6.071388	0.0	4925652	97	20.0
1606624710.1	160000	6.570199	0.0	19559369	385	20.0
1606624710.66	160000	7.008022	0.0	22224402	434	160.0
1606624711.23	160000	7.442098	0.0	22578365	428	160.0
1606624711.45	160000	8.221134	0.0	8346702	158	160.0
1606624711.84	160000	8.836327	0.0	15775481	292	160.0
1606624712.07	160000	9.605728	0.0	9163235	170	160.0
1606624713.12	160000	9.551394	0.0	41307095	734	160.0
1606624713.81	160000	9.867682	0.0	28763893	522	160.0
1606624714.36	160000	10.314314	0.0	21266416	419	160.0
1606624714.98	160000	10.698561	0.0	23702229	485	160.0
1606624715.71	160000	10.974348	0.0	27580394	572	160.0
1606624716.29	160000	11.393158	0.0	20329780	448	160.0
1606624716.74	160000	11.943749	0.0	16109183	349	160.0
1606624718.38	160000	11.305727	0.0	58830800	1165	160.0
1606624719.83	160000	10.85455	0.0	66935122	1098	160.0
