1606626263.85	40000	1.000999	0.04	334476	21	-6.399999999999999
1606626265.07	160000	1.481695	0.357	14912671	1022	-17.120000000000005
1606626266.77	160000	1.333429	0.525	24265636	1525	76.0
1606626267.23	160000	1.893184	0.0	22711544	313	160.0
1606626267.61	160000	2.507286	0.0	19639705	272	160.0
1606626268.3	160000	2.879281	0.0	20946809	543	160.0
1606626268.75	160000	3.426491	0.0	11895609	380	160.0
1606626269.33	160000	3.897464	0.0	7597636	531	160.0
1606626269.67	20000	4.565111	0.0	4047415	288	-120.0
1606626269.92	20000	5.309157	0.0	2863079	228	20.0
1606626270.29	20000	5.945828	0.0	4167844	331	20.0
1606626270.78	20000	6.451892	0.0	5571764	452	20.0
1606626271.24	20000	7.000401	0.0	4925652	414	20.0
1606626272.73	160000	6.505258	0.0	19559369	1360	20.0
1606626273.19	160000	7.045465	0.0	22224402	331	160.0
1606626273.67	160000	7.573411	0.0	22578365	337	160.0
1606626273.85	160000	8.390461	0.0	8346702	118	160.0
1606626274.17	160000	9.070119	0.0	15775481	224	160.0
1606626274.36	160000	9.879022	0.0	9163235	130	160.0
1606626275.23	160000	10.017879	0.0	41307095	556	160.0
1606626275.77	160000	10.477908	0.0	28763893	374	160.0
1606626277.51	160000	9.739337	0.0	21266416	1604	160.0
1606626279.54	160000	8.711653	0.0	23702229	1891	160.0
1606626279.73	20000	9.520249	0.0	4284196	150	-120.0
1606626280.25	160000	10.002114	0.0	20329780	385	20.0
1606626280.64	160000	10.611557	0.0	16109183	294	160.0
1606626281.99	160000	10.263838	0.0	58830800	913	160.0
1606626283.35	160000	9.903437	0.0	66935122	985	160.0
1606626283.66	160000	10.598669	0.0	15251076	215	160.0
1606626283.99	160000	11.266178	0.0	16574034	223	160.0
1606626284.26	160000	11.999284	0.0	13009028	177	160.0
1606626284.51	160000	12.746974	0.0	12791674	173	160.0
1606626284.73	160000	13.525881	0.0	11137898	151	160.0
1606626284.96	160000	14.298512	0.0	11485310	154	160.0
1606626285.21	160000	15.053827	0.0	12428518	168	160.0
1606626285.41	160000	15.853494	0.0	9963766	135	160.0
1606626285.65	160000	16.614021	0.0	12189364	164	160.0
1606626285.85	160000	17.41503	0.0	10142396	135	160.0
1606626286.06	160000	18.214879	0.0	10185488	136	160.0
1606626286.33	160000	18.933882	0.0	14061455	188	160.0
1606626286.71	160000	19.553651	0.0	20074099	268	160.0
1606626287.59	160000	19.678374	0.0	46115254	624	160.0
1606626288.43	160000	19.837793	0.0	40906522	593	160.0
1606626288.6	160000	20.667595	0.0	7891151	116	160.0
1606626289.01	160000	21.259302	0.0	21012466	283	160.0
1606626289.44	160000	21.824773	0.0	23519424	306	160.0
1606626289.81	160000	22.466176	0.0	18715420	244	160.0
1606626290.14	160000	23.127866	0.0	17000816	236	160.0
1606626290.45	160000	23.827856	0.0	14448126	212	160.0
1606626290.59	160000	24.682125	0.0	6958676	95	160.0
1606626290.77	160000	25.50071	0.0	9088791	124	160.0
1606626290.92	160000	26.356372	0.0	7211881	96	160.0
1606626290.99	160000	27.286251	0.0	3063586	40	160.0
1606626291.06	160000	28.222571	0.0	2782179	37	160.0
1606626291.26	160000	29.020918	0.0	9958410	129	160.0
1606626291.5	160000	29.781232	0.0	12158708	162	160.0
1606626291.75	160000	30.533411	0.0	12300216	163	160.0
1606626292.12	160000	31.170658	0.0	15815684	267	160.0
1606626292.43	160000	31.854253	0.0	13526256	228	160.0
1606626292.71	160000	32.575546	0.0	11995130	203	160.0
1606626292.94	160000	33.344909	0.0	13394791	148	160.0
1606626293.18	160000	34.105037	0.0	14135828	156	160.0
1606626293.44	160000	34.849063	0.0	15366126	169	160.0
1606626293.68	160000	35.608039	0.0	14248439	158	160.0
1606626293.9	160000	36.389311	0.0	13843717	138	160.0
1606626294.14	160000	37.154586	0.0	14665119	140	160.0
1606626294.46	160000	37.831575	0.0	21079187	202	160.0
1606626294.84	160000	38.448881	0.0	25480074	243	160.0
1606626295.16	160000	39.129191	0.0	23021754	189	160.0
1606626295.54	160000	39.753037	0.0	27527834	226	160.0
1606626296.12	160000	40.17962	0.0	26155848	406	160.0
1606626306.28	160000	31.012437	0.0	17849379	10055	160.0
1606626307.54	160000	30.759209	0.0	16546531	1147	160.0
1606626307.69	20000	31.607355	0.0	1863424	124	-120.0
1606626307.86	20000	32.438931	0.0	1987392	144	20.0
1606626308.17	20000	33.1334	0.0	2505586	272	20.0
1606626309.14	20000	33.165509	0.0	9620218	907	20.0
1606626309.34	20000	33.960223	0.0	2561608	179	20.0
1606626311.36	160000	32.947445	0.0	25587422	1867	20.0
1606626313.36	160000	31.946681	0.0	23982306	1867	160.0
1606626314.68	160000	31.627939	0.0	13347845	1236	160.0
1606626315.9	160000	31.403166	0.0	14337991	1142	160.0
1606626317.1	160000	31.208978	0.0	14584990	1112	160.0
1606626318.18	160000	31.131018	0.0	13962401	995	160.0
1606626319.44	160000	30.867918	0.0	14393788	1183	160.0
1606626320.55	160000	30.756965	0.0	14649457	1026	160.0
1606626321.64	160000	30.67415	0.0	13409715	1002	160.0
1606626322.72	160000	30.592655	0.0	13909605	996	160.0
1606626323.75	160000	30.560966	0.0	13301968	952	160.0
1606626325.25	160000	30.068388	0.0	19025846	1373	160.0
1606626326.9	160000	29.412673	0.0	19295426	1546	160.0
1606626328.49	160000	28.823362	0.0	18261873	1476	160.0
1606626330.27	160000	28.049691	0.0	19847604	1648	160.0
1606626331.8	160000	27.521849	0.0	18767181	1414	160.0
1606626333.68	160000	26.634592	0.0	22420858	1761	160.0
1606626335.22	160000	26.099069	0.0	19324333	1422	160.0
1606626337.02	160000	25.304248	0.0	20392234	1680	160.0
1606626337.73	160000	25.590166	0.0	7671072	661	160.0
1606626339.09	160000	25.230615	0.0	17781906	1245	160.0
1606626340.22	160000	25.099349	0.0	12839336	1054	160.0
1606626341.27	160000	25.056461	0.0	10779770	975	160.0
1606626342.45	160000	24.875552	0.0	14606687	1098	160.0
1606626344.21	160000	24.114461	0.0	41866951	1496	160.0
1606626344.94	160000	24.392361	0.0	37238410	504	160.0
1606626345.2	160000	25.128925	0.0	14347759	178	160.0
1606626345.4	160000	25.927123	0.0	11399187	128	160.0
1606626345.59	160000	26.739886	0.0	10358641	118	160.0
1606626345.84	160000	27.497117	0.0	14315696	161	160.0
1606626346.23	160000	28.102202	0.0	23283631	259	160.0
1606626346.86	160000	28.476318	0.0	37521367	393	160.0
1606626347.47	160000	28.869212	0.0	22241104	475	160.0
1606626348.95	160000	28.385012	0.0	15813346	1382	160.0
1606626354.19	160000	24.143768	0.0	17116450	5131	160.0
1606626354.36	20000	24.976024	0.0	1730311	139	-120.0
1606626354.49	20000	25.846789	0.0	1455812	108	20.0
1606626356.81	160000	24.532485	0.0	24759401	2164	20.0
1606626358.82	160000	23.521401	0.0	25782433	1864	160.0
1606626364.49	160000	18.849542	0.0	25885372	5523	160.0
1606626366.73	160000	17.61225	0.0	26242011	2068	160.0
1606626368.49	160000	16.849256	0.0	23865378	1626	160.0
1606626370.52	160000	15.829598	0.0	25470681	1862	160.0
1606626371.84	160000	15.507593	0.0	27258768	1164	160.0
1606626372.34	160000	16.007607	0.0	17853711	389	160.0
1606626372.58	160000	16.767244	0.0	14829893	153	160.0
1606626373.03	160000	17.31647	0.0	27779697	287	160.0
1606626373.46	160000	17.889276	0.0	27714923	266	160.0
1606626373.84	160000	18.505956	0.0	25946474	228	160.0
1606626374.14	160000	19.21302	0.0	19596259	172	160.0
1606626374.49	160000	19.860627	0.0	23774167	199	160.0
1606626374.77	160000	20.583453	0.0	19373656	161	160.0
1606626375.12	160000	21.237919	0.0	23977420	206	160.0
1606626375.46	160000	21.891342	0.0	24493733	210	160.0
1606626375.68	160000	22.680241	0.0	14528511	128	160.0
1606626375.93	160000	23.429891	0.0	16841176	152	160.0
1606626376.18	160000	24.177982	0.0	16743604	148	160.0
1606626376.44	160000	24.914815	0.0	17975224	156	160.0
1606626376.77	160000	25.589506	0.0	22329548	190	160.0
1606626377.01	160000	26.351779	0.0	16001583	137	160.0
1606626377.29	160000	27.070495	0.0	18238584	160	160.0
1606626377.57	160000	27.794335	0.0	21308824	153	160.0
1606626377.81	160000	28.556718	0.0	17749058	134	160.0
1606626377.99	160000	29.37443	0.0	14127787	102	160.0
1606626378.22	160000	30.142688	0.0	17525699	127	160.0
1606626378.42	160000	30.951522	0.0	14240042	113	160.0
1606626378.69	160000	31.676942	0.0	20324139	162	160.0
1606626378.99	160000	32.382522	0.0	21993033	176	160.0
1606626379.26	160000	33.109204	0.0	18863108	152	160.0
1606626379.46	160000	33.910141	0.0	15964734	106	160.0
1606626379.58	160000	34.804477	0.0	8284939	55	160.0
1606626379.69	160000	35.678689	0.0	9004706	59	160.0
1606626379.78	160000	36.590346	0.0	6955279	47	160.0
1606626379.92	160000	37.455901	0.0	10701639	70	160.0
1606626380.04	160000	38.333235	0.0	9459459	63	160.0
1606626380.09	160000	39.283343	0.0	3212828	23	160.0
1606626380.14	160000	40.242062	0.0	2509989	17	160.0
1606626380.17	160000	41.206325	0.0	2004927	13	160.0
1606626380.19	160000	42.187057	0.0	591360	5	160.0
1606626380.23	160000	43.582278	0.0	2394426	16	160.0
1606626380.51	40000	1.000999	0.023	336477	2	-3.6799999999999997
1606626380.8	160000	2.001999	0.0	14912671	112	40.0
1606626381.21	160000	2.678162	0.0	24265636	181	160.0
1606626381.56	160000	3.323098	0.0	22711544	215	160.0
1606626381.89	160000	3.99986	0.0	19639705	205	160.0
1606626382.23	160000	4.653942	0.0	20946809	219	160.0
1606626386.1	160000	2.056144	0.0	11895609	3794	160.0
1606626386.73	160000	2.434123	0.0	7597636	570	160.0
1606626387.04	20000	3.119051	0.0	4047415	275	-120.0
1606626387.26	20000	3.90001	0.0	2863079	194	20.0
1606626387.45	20000	4.717291	0.0	4167844	149	20.0
1606626387.67	20000	5.49688	0.0	5571764	179	20.0
1606626387.86	20000	6.303583	0.0	4925652	156	20.0
1606626388.57	160000	6.5942	0.0	19559369	589	20.0
1606626389.31	160000	6.855403	0.0	22224402	603	160.0
1606626390.01	160000	7.156647	0.0	22578365	566	160.0
1606626390.28	160000	7.889037	0.0	8346702	209	160.0
1606626390.75	160000	8.422548	0.0	15775481	371	160.0
1606626391.03	160000	9.145862	0.0	9163235	214	160.0
1606626396.23	160000	4.940882	0.0	41307095	4851	160.0
1606626400.67	160000	1.503321	0.0	28763893	4268	160.0
1606626400.83	20000	2.347255	0.0	3419258	123	-120.0
1606626401.62	160000	2.554261	0.0	23702229	649	20.0
1606626402.12	160000	3.057644	0.0	27580394	332	160.0
1606626402.49	160000	3.687696	0.0	20329780	245	160.0
1606626402.72	160000	4.460556	0.0	16109183	135	160.0
1606626403.65	160000	4.531528	0.0	58830800	452	160.0
1606626404.66	160000	4.521144	0.0	66935122	651	160.0
1606626405.43	160000	4.752386	0.0	15251076	678	160.0
