1606631553.26	40000	1.000999	0.042	334476	30	-6.719999999999999
1606631554.22	160000	1.393099	0.0	14912671	736	40.0
1606631554.77	160000	1.835965	0.0	24265636	337	160.0
1606631555.22	160000	2.42164	0.0	22711544	293	160.0
1606631555.56	160000	3.080125	0.0	19639705	228	160.0
1606631555.94	160000	3.754455	0.0	20946809	245	160.0
1606631556.13	160000	4.560266	0.0	11895609	118	160.0
1606631556.25	160000	5.440023	0.0	7597636	72	160.0
1606631557.27	160000	5.47761	0.0	56067905	527	160.0
1606631559.56	160000	4.233935	0.0	45444680	2038	160.0
1606631561.13	160000	3.670256	0.0	54798068	1264	160.0
1606631561.27	20000	4.525127	0.0	5571764	89	-120.0
1606631562.57	160000	4.228452	0.0	50637608	1001	20.0
1606631563.9	160000	3.902501	0.0	19559369	1212	160.0
1606631565.79	160000	3.013442	0.0	22224402	1756	160.0
1606631565.99	20000	3.812871	0.0	2211169	161	-120.0
1606631566.65	160000	4.147666	0.0	8346702	600	20.0
1606631566.76	20000	5.046571	0.0	1113969	79	-120.0
1606631567.46	160000	5.348133	0.0	9163235	635	20.0
1606631570.68	160000	3.120796	0.0	41307095	2999	160.0
1606631573.36	160000	1.4428	0.0	28763893	2509	160.0
1606631575.02	160000	1.287686	0.497	21266416	1540	80.48
1606631576.22	160000	1.285063	0.192	23702229	1070	129.28
1606631577.0	160000	1.498297	0.0	27580394	622	160.0
1606631577.65	160000	1.851238	0.0	20329780	522	160.0
1606631578.17	160000	2.331475	0.0	16109183	424	160.0
1606631579.97	160000	1.526661	0.0	58830800	1378	160.0
1606631583.1	160000	1.481296	2.086	66935122	2809	-173.76
1606631584.26	160000	1.327752	0.0	15251076	1060	160.0
1606631588.45	160000	1.318752	3.164	16574034	4084	-346.24
1606631588.66	20000	2.09349	0.0	1704756	184	-120.0
1606631588.87	20000	2.884969	0.0	1697111	185	20.0
1606631589.81	160000	2.943076	0.0	11137898	870	20.0
1606631590.63	160000	3.124228	0.0	11485310	748	160.0
1606631591.4	160000	3.352192	0.0	12428518	700	160.0
1606631591.87	160000	3.885289	0.0	9963766	404	160.0
1606631592.41	160000	4.349781	0.0	12189364	462	160.0
1606631592.81	160000	4.944593	0.0	10142396	341	160.0
1606631593.22	160000	5.538863	0.0	10185488	342	160.0
1606631593.67	160000	6.095361	0.0	14061455	353	160.0
1606631594.3	160000	6.464769	0.0	20074099	504	160.0
1606631595.45	160000	6.317705	0.0	46115254	906	160.0
1606631596.2	160000	6.564292	0.0	40906522	539	160.0
1606631596.39	160000	7.37919	0.0	7891151	132	160.0
1606631596.87	160000	7.89307	0.0	21012466	360	160.0
1606631597.4	160000	8.366682	0.0	23519424	397	160.0
1606631597.81	160000	8.961692	0.0	18715420	287	160.0
1606631598.17	160000	9.598277	0.0	17000816	259	160.0
1606631598.49	160000	10.279658	0.0	14448126	231	160.0
1606631598.65	160000	11.118895	0.0	6958676	111	160.0
1606631598.86	160000	11.912462	0.0	9088791	147	160.0
1606631599.03	160000	12.747643	0.0	7211881	116	160.0
1606631599.1	160000	13.670868	0.0	3063586	49	160.0
1606631599.18	160000	14.598386	0.0	2782179	45	160.0
1606631599.38	160000	15.398171	0.0	9958410	137	160.0
1606631599.61	160000	16.171833	0.0	12158708	153	160.0
1606631599.85	160000	16.933149	0.0	12300216	156	160.0
1606631600.14	160000	17.638159	0.0	15815684	201	160.0
1606631600.41	160000	18.372192	0.0	13526256	187	160.0
1606631600.67	160000	19.114394	0.0	11995130	184	160.0
1606631600.96	160000	19.829868	0.0	13394791	207	160.0
1606631601.27	160000	20.510345	0.0	14135828	223	160.0
1606631601.65	160000	21.137756	0.0	15366126	281	160.0
1606631601.99	160000	21.792139	0.0	14248439	261	160.0
1606631602.33	160000	22.455018	0.0	13843717	252	160.0
1606631602.71	160000	23.079232	0.0	14665119	289	160.0
1606631603.25	160000	23.536945	0.0	21079187	417	160.0
1606631603.77	160000	24.022153	0.0	25480074	365	160.0
1606631604.24	160000	24.549549	0.0	23021754	329	160.0
1606631605.17	160000	24.622488	0.0	27527834	776	160.0
1606631614.49	160000	16.306622	0.0	26155848	9144	160.0
1606631616.07	160000	15.72148	0.0	17849379	1470	160.0
1606631617.52	160000	15.272727	0.0	16546531	1345	160.0
1606631619.05	160000	14.745666	0.0	17718949	1415	160.0
1606631620.74	160000	14.060951	0.0	17337137	1578	160.0
1606631622.42	160000	13.379543	0.0	20008245	1562	160.0
1606631626.92	160000	9.881584	0.0	58430914	4140	160.0
1606631628.27	160000	9.531181	0.0	16292703	1225	160.0
1606631629.32	160000	9.476355	0.0	25587422	907	160.0
1606631630.37	160000	9.428445	0.0	23982306	895	160.0
1606631631.06	160000	9.74495	0.0	13347845	598	160.0
1606631631.84	160000	9.965009	0.0	14337991	691	160.0
1606631633.04	160000	9.767043	0.0	14584990	1106	160.0
1606631635.02	160000	8.789781	0.0	13962401	1891	160.0
1606631636.23	160000	8.575291	0.0	14393788	1109	160.0
1606631637.56	160000	8.245465	0.0	14649457	1242	160.0
1606631637.84	160000	8.972133	0.0	13409715	179	160.0
1606631638.12	160000	9.689523	0.0	13909605	183	160.0
1606631638.39	160000	10.43423	0.0	13301968	172	160.0
1606631638.77	160000	11.038605	0.0	19025846	259	160.0
1606631639.14	160000	11.676992	0.0	19295426	248	160.0
1606631639.5	160000	12.317893	0.0	18261873	231	160.0
1606631639.89	160000	12.928701	0.0	19847604	247	160.0
1606631640.22	160000	13.593348	0.0	18767181	225	160.0
1606631640.62	160000	14.194529	0.0	22420858	269	160.0
1606631640.95	160000	14.870786	0.0	19324333	203	160.0
1606631641.28	160000	15.535677	0.0	20392234	209	160.0
1606631641.42	160000	16.399176	0.0	7671072	79	160.0
1606631641.71	160000	17.112673	0.0	17781906	178	160.0
1606631641.91	160000	17.911055	0.0	12839336	121	160.0
1606631642.08	160000	18.738278	0.0	10779770	102	160.0
1606631642.31	160000	19.514695	0.0	14606687	137	160.0
1606631642.97	160000	19.850836	0.0	41866951	407	160.0
1606631643.62	160000	20.208883	0.0	37238410	392	160.0
1606631643.87	160000	20.953277	0.0	14347759	160	160.0
1606631644.08	160000	21.745156	0.0	11399187	117	160.0
1606631644.26	160000	22.571384	0.0	10358641	104	160.0
1606631644.5	160000	23.33422	0.0	14315696	143	160.0
1606631645.82	160000	23.007708	0.0	23283631	1188	160.0
1606631646.41	160000	23.417905	0.0	37521367	350	160.0
1606631646.75	160000	24.084908	0.0	22241104	197	160.0
1606631646.99	160000	24.847027	0.0	15813346	134	160.0
1606631647.24	160000	25.592906	0.0	17116450	147	160.0
1606631647.52	160000	26.314023	0.0	18867054	162	160.0
1606631647.78	160000	27.061352	0.0	17393609	147	160.0
1606631648.13	160000	27.711416	0.0	24759401	203	160.0
1606631648.49	160000	28.350418	0.0	25782433	212	160.0
1606631648.88	160000	28.958639	0.0	25885372	218	160.0
1606631649.26	160000	29.580756	0.0	26242011	220	160.0
1606631649.62	160000	30.22425	0.0	23865378	199	160.0
1606631649.98	160000	30.861608	0.0	25470681	211	160.0
1606631650.39	160000	31.454513	0.0	27258768	226	160.0
1606631650.65	160000	32.196913	0.0	17853711	148	160.0
1606631650.86	160000	32.982392	0.0	14829893	133	160.0
1606631651.28	160000	33.571098	0.0	27779697	230	160.0
1606631651.67	160000	34.176408	0.0	27714923	230	160.0
1606631652.08	160000	34.766586	0.0	25946474	227	160.0
1606631652.38	160000	35.472068	0.0	19596259	177	160.0
1606631652.72	160000	36.127463	0.0	23774167	210	160.0
1606631652.99	160000	36.856227	0.0	19373656	160	160.0
1606631653.33	160000	37.523755	0.0	23977420	199	160.0
1606631653.68	160000	38.17243	0.0	24493733	202	160.0
1606631653.89	160000	38.960449	0.0	14528511	124	160.0
1606631654.14	160000	39.718169	0.0	16841176	145	160.0
1606631654.38	160000	40.477022	0.0	16743604	144	160.0
1606631654.65	160000	41.208489	0.0	17975224	160	160.0
1606631654.97	160000	41.890402	0.0	22329548	188	160.0
1606631655.2	160000	42.661074	0.0	16001583	135	160.0
1606631655.46	160000	43.402236	0.0	18238584	154	160.0
1606631655.77	160000	44.091259	0.0	21308824	180	160.0
1606631656.02	160000	44.83946	0.0	17749058	149	160.0
1606631656.22	160000	45.6406	0.0	14127787	119	160.0
1606631656.48	160000	46.383951	0.0	17525699	147	160.0
1606631656.69	160000	47.17813	0.0	14240042	121	160.0
1606631656.97	160000	47.897999	0.0	20324139	165	160.0
1606631657.29	160000	48.586779	0.0	21993033	178	160.0
1606631657.56	160000	49.311208	0.0	18863108	153	160.0
1606631657.79	160000	50.081404	0.0	15964734	131	160.0
1606631657.91	160000	50.957127	0.0	8284939	67	160.0
1606631658.05	160000	51.822318	0.0	9004706	74	160.0
1606631658.15	160000	52.719295	0.0	6955279	58	160.0
1606631658.31	160000	53.563798	0.0	10701639	89	160.0
1606631658.45	160000	54.423494	0.0	9459459	79	160.0
1606631658.52	160000	55.360016	0.0	3212828	26	160.0
1606631658.56	160000	56.314495	0.0	2509989	20	160.0
1606631658.6	160000	57.276018	0.0	2004927	13	160.0
1606631658.62	160000	58.254861	0.0	591360	6	160.0
1606631658.67	160000	59.643792	0.0	2394426	20	160.0
1606631659.02	40000	1.000999	0.026	336477	3	-4.159999999999997
1606631659.31	160000	2.001999	0.0	14912671	122	40.0
1606631659.74	160000	2.6011	0.0	24265636	198	160.0
1606631660.07	160000	3.265071	0.0	22711544	191	160.0
1606631660.36	160000	3.979121	0.0	19639705	164	160.0
1606631660.66	160000	4.676576	0.0	20946809	176	160.0
1606631660.84	160000	5.516729	0.0	11895609	97	160.0
1606631660.97	160000	6.428201	0.0	7597636	62	160.0
1606631661.93	160000	6.528474	0.0	56067905	459	160.0
1606631662.57	160000	6.957198	0.0	45444680	387	160.0
1606631663.35	160000	7.204475	0.0	54798068	474	160.0
1606631664.42	160000	7.172234	0.0	69464107	581	160.0
1606631665.1	160000	7.493111	0.0	50637608	413	160.0
1606631665.4	160000	8.191822	0.0	19559369	159	160.0
1606631665.71	160000	8.884717	0.0	22224402	181	160.0
1606631666.03	160000	9.567886	0.0	22578365	191	160.0
1606631666.16	160000	10.436675	0.0	8346702	69	160.0
1606631666.39	160000	11.207874	0.0	15775481	134	160.0
1606631666.53	160000	12.072153	0.0	9163235	78	160.0
1606631667.09	160000	12.510939	0.0	41307095	345	160.0
1606631667.53	160000	13.070374	0.0	28763893	254	160.0
1606631667.83	160000	13.770829	0.0	21266416	175	160.0
1606631668.18	160000	14.425882	0.0	23702229	187	160.0
1606631668.56	160000	15.046141	0.0	27580394	220	160.0
1606631668.89	160000	15.718306	0.0	20329780	187	160.0
1606631669.13	160000	16.481021	0.0	16109183	133	160.0
1606631669.97	160000	16.643182	0.0	58830800	489	160.0
1606631670.92	160000	16.691579	0.0	66935122	568	160.0
1606631671.14	160000	17.471355	0.0	15251076	127	160.0
