1606629869.84	40000	1.000999	0.035	334476	23	-5.600000000000001
1606629871.19	160000	1.396398	0.407	14912671	1153	-25.120000000000005
1606629873.24	160000	1.453384	1.075	24265636	1869	-12.0
1606629874.88	160000	1.426867	0.583	22711544	1525	66.72
1606629875.6	160000	1.739747	0.0	19639705	597	160.0
1606629875.95	160000	2.39014	0.0	20946809	223	160.0
1606629876.15	160000	3.219311	0.0	11895609	121	160.0
1606629876.27	160000	4.092565	0.0	7597636	78	160.0
1606629877.36	160000	4.043126	0.0	56067905	623	160.0
1606629881.11	160000	1.385318	0.099	45444680	3495	144.16
1606629881.49	20000	2.00501	0.0	4167844	332	-120.0
1606629881.83	20000	2.662492	0.0	5571764	301	20.0
1606629882.07	20000	3.430539	0.0	4925652	194	20.0
1606629882.17	20000	4.327397	0.0	2030157	79	20.0
1606629883.17	160000	4.329509	0.0	22224402	866	20.0
1606629884.1	160000	4.406484	0.0	22578365	793	160.0
1606629884.4	160000	5.104648	0.0	8346702	236	160.0
1606629884.96	160000	5.542534	0.0	15775481	466	160.0
1606629885.32	160000	6.180908	0.0	9163235	301	160.0
1606629886.71	160000	5.796318	0.0	41307095	1140	160.0
1606629887.98	160000	5.528666	0.0	28763893	1095	160.0
1606629888.86	160000	5.645529	0.0	21266416	759	160.0
1606629889.65	160000	5.869745	0.0	23702229	633	160.0
1606629892.13	160000	4.378181	0.0	27580394	2318	160.0
1606629893.78	160000	3.729663	0.0	20329780	1530	160.0
1606629895.25	160000	3.264019	0.0	16109183	1367	160.0
1606629896.03	20000	3.485876	0.0	9946363	701	-120.0
1606629896.94	20000	3.575165	0.0	11684632	836	20.0
1606629898.32	160000	3.190319	0.0	15251076	1293	20.0
1606629899.71	160000	2.804171	0.0	16574034	1287	160.0
1606629900.67	160000	2.845435	0.0	13009028	879	160.0
1606629901.71	160000	2.809466	0.0	12791674	958	160.0
1606629902.76	160000	2.762477	0.0	11137898	978	160.0
1606629903.66	160000	2.853673	0.0	11485310	839	160.0
1606629904.62	160000	2.903721	0.0	12428518	877	160.0
1606629905.18	160000	3.344036	0.0	9963766	497	160.0
1606629905.77	160000	3.748754	0.0	12189364	522	160.0
1606629906.16	160000	4.366042	0.0	10142396	319	160.0
1606629906.54	160000	4.983769	0.0	10185488	313	160.0
1606629907.02	160000	5.509562	0.0	14061455	393	160.0
1606629907.6	160000	5.920649	0.0	20074099	469	160.0
1606629909.07	160000	5.453037	0.0	46115254	1211	160.0
1606629913.74	160000	1.791411	0.0	40906522	4428	160.0
1606629914.97	160000	1.555526	0.0	7891151	1179	160.0
1606629915.47	20000	2.064264	0.0	3605246	454	-120.0
1606629915.84	20000	2.690771	0.0	2770338	349	20.0
1606629916.03	20000	3.499163	0.0	1855168	169	20.0
1606629917.17	160000	3.359393	0.0	17000816	1033	20.0
1606629917.66	160000	3.873142	0.0	14448126	401	160.0
1606629917.9	160000	4.631716	0.0	6958676	193	160.0
1606629918.13	160000	5.410036	0.0	9088791	166	160.0
1606629918.31	160000	6.229332	0.0	7211881	131	160.0
1606629918.39	160000	7.144401	0.0	3063586	56	160.0
1606629918.47	160000	8.066098	0.0	2782179	51	160.0
1606629918.72	160000	8.822556	0.0	9958410	182	160.0
1606629919.01	160000	9.532393	0.0	12158708	219	160.0
1606629919.3	160000	10.243597	0.0	12300216	215	160.0
1606629919.67	160000	10.871692	0.0	15815684	276	160.0
1606629919.99	160000	11.554606	0.0	13526256	236	160.0
1606629920.27	160000	12.27414	0.0	11995130	207	160.0
1606629920.6	160000	12.949937	0.0	13394791	230	160.0
1606629920.93	160000	13.621555	0.0	14135828	244	160.0
1606629921.28	160000	14.270903	0.0	15366126	261	160.0
1606629921.6	160000	14.944951	0.0	14248439	242	160.0
1606629921.92	160000	15.628558	0.0	13843717	235	160.0
1606629922.27	160000	16.280574	0.0	14665119	258	160.0
1606629922.77	160000	16.784121	0.0	21079187	372	160.0
1606629923.34	160000	17.210226	0.0	25480074	418	160.0
1606629923.84	160000	17.714834	0.0	23021754	365	160.0
1606629924.4	160000	18.15709	0.0	27527834	404	160.0
1606629924.92	160000	18.635354	0.0	26155848	378	160.0
1606629925.26	160000	19.297262	0.0	17849379	230	160.0
1606629925.57	160000	19.9879	0.0	16546531	212	160.0
1606629925.9	160000	20.657225	0.0	17718949	228	160.0
1606629926.22	160000	21.345356	0.0	17337137	205	160.0
1606629926.57	160000	21.994488	0.0	20008245	235	160.0
1606629927.7	160000	21.858959	0.0	58430914	756	160.0
1606629928.04	160000	22.523771	0.0	16292703	224	160.0
1606629930.13	160000	21.43279	0.0	25587422	1949	160.0
1606629931.46	160000	21.102137	0.0	23982306	1191	160.0
1606629931.96	160000	21.603887	0.0	13347845	419	160.0
1606629932.25	160000	22.315182	0.0	14337991	207	160.0
1606629932.54	160000	23.029463	0.0	14584990	203	160.0
1606629932.82	160000	23.751405	0.0	13962401	196	160.0
1606629933.14	160000	24.433997	0.0	14393788	231	160.0
1606629933.56	160000	25.013676	0.0	14649457	337	160.0
1606629933.95	160000	25.624344	0.0	13409715	307	160.0
1606629934.31	160000	26.258836	0.0	13909605	284	160.0
1606629934.66	160000	26.910382	0.0	13301968	270	160.0
1606629935.2	160000	27.380291	0.0	19025846	408	160.0
1606629935.85	160000	27.728133	0.0	19295426	537	160.0
1606629936.81	160000	27.762211	0.0	18261873	856	160.0
1606629937.48	160000	28.101074	0.0	19847604	543	160.0
1606629937.98	160000	28.596651	0.0	18767181	398	160.0
1606629938.63	160000	28.946266	0.0	22420858	519	160.0
1606629939.23	160000	29.35418	0.0	19324333	475	160.0
1606629940.0	160000	29.582325	0.0	20392234	655	160.0
1606629940.67	160000	29.911879	0.0	7671072	620	160.0
1606629943.07	160000	28.515105	0.0	17781906	2291	160.0
1606629944.06	160000	28.527847	0.0	12839336	909	160.0
1606629944.44	160000	29.148405	0.0	10779770	312	160.0
1606629944.94	160000	29.648527	0.0	14606687	416	160.0
1606629945.84	160000	29.750853	0.0	41866951	651	160.0
1606629946.61	160000	29.978956	0.0	37238410	549	160.0
1606629946.92	160000	30.67274	0.0	14347759	222	160.0
1606629947.16	160000	31.432076	0.0	11399187	170	160.0
1606629947.37	160000	32.218942	0.0	10358641	147	160.0
1606629947.66	160000	32.935104	0.0	14315696	203	160.0
1606629948.12	160000	33.471837	0.0	23283631	330	160.0
1606629948.87	160000	33.728496	0.0	37521367	512	160.0
1606629949.3	160000	34.293917	0.0	22241104	305	160.0
1606629949.63	160000	34.970406	0.0	15813346	219	160.0
1606629949.97	160000	35.632639	0.0	17116450	238	160.0
1606629950.35	160000	36.251014	0.0	18867054	261	160.0
1606629950.69	160000	36.909854	0.0	17393609	243	160.0
1606629951.18	160000	37.424287	0.0	24759401	347	160.0
1606629951.73	160000	37.871035	0.0	25782433	393	160.0
1606629952.3	160000	38.308188	0.0	25885372	393	160.0
1606629952.82	160000	38.787917	0.0	26242011	374	160.0
1606629953.37	160000	39.231967	0.0	23865378	409	160.0
1606629954.3	160000	39.301787	0.0	25470681	781	160.0
1606629955.79	160000	38.816081	0.0	27258768	1308	160.0
1606629956.31	160000	39.293096	0.0	17853711	409	160.0
1606629956.59	160000	40.019889	0.0	14829893	185	160.0
1606629957.07	160000	40.535616	0.0	27779697	321	160.0
1606629957.57	160000	41.046005	0.0	27714923	318	160.0
1606629958.03	160000	41.586093	0.0	25946474	297	160.0
1606629958.36	160000	42.257409	0.0	19596259	202	160.0
1606629958.72	160000	42.894949	0.0	23774167	227	160.0
1606629959.03	160000	43.594245	0.0	19373656	184	160.0
1606629959.43	160000	44.18872	0.0	23977420	260	160.0
1606629959.86	160000	44.757665	0.0	24493733	295	160.0
1606629960.13	160000	45.488847	0.0	14528511	175	160.0
1606629960.44	160000	46.174507	0.0	16841176	211	160.0
1606629960.76	160000	46.862586	0.0	16743604	211	160.0
1606629961.09	160000	47.531872	0.0	17975224	227	160.0
1606629961.54	160000	48.080283	0.0	22329548	319	160.0
1606629961.87	160000	48.748082	0.0	16001583	235	160.0
1606629962.25	160000	49.374213	0.0	18238584	267	160.0
1606629962.68	160000	49.949636	0.0	21308824	288	160.0
1606629963.02	160000	50.602784	0.0	17749058	241	160.0
1606629963.57	160000	51.052528	0.0	14127787	467	160.0
1606629964.94	160000	50.686506	0.0	17525699	1260	160.0
1606629966.1	160000	50.524923	0.0	14240042	1077	160.0
1606629967.9	160000	49.725876	0.0	20324139	1681	160.0
1606629969.42	160000	49.207388	0.0	21993033	1386	160.0
1606629970.07	160000	49.562142	0.0	18863108	527	160.0
1606629970.42	160000	50.208763	0.0	15964734	257	160.0
1606629970.57	160000	51.061369	0.0	8284939	92	160.0
1606629970.73	160000	51.905055	0.0	9004706	100	160.0
1606629970.85	160000	52.781916	0.0	6955279	77	160.0
1606629971.04	160000	53.597601	0.0	10701639	119	160.0
1606629971.2	160000	54.433229	0.0	9459459	106	160.0
1606629971.28	160000	55.361457	0.0	3212828	34	160.0
1606629971.33	160000	56.308	0.0	2509989	28	160.0
1606629971.38	160000	57.264639	0.0	2004927	22	160.0
1606629971.4	160000	58.242725	0.0	591360	6	160.0
1606629971.45	160000	59.627175	0.0	2394426	26	160.0
1606629971.75	40000	1.000999	0.031	336477	4	-4.960000000000001
1606629972.08	160000	1.996516	0.0	14912671	167	40.0
1606629972.57	160000	2.505372	0.0	24265636	270	160.0
1606629972.96	160000	3.114682	0.0	22711544	256	160.0
1606629973.3	160000	3.772233	0.0	19639705	221	160.0
1606629973.67	160000	4.509713	0.0	20946809	234	160.0
1606629973.89	160000	5.31468	0.0	11895609	132	160.0
1606629974.03	160000	6.179795	0.0	7597636	85	160.0
1606629975.14	160000	6.144775	0.0	56067905	628	160.0
1606629975.89	160000	6.463845	0.0	45444680	487	160.0
1606629976.79	160000	6.617359	0.0	54798068	596	160.0
1606629978.13	160000	6.275351	0.0	69464107	888	160.0
1606629979.03	160000	6.373843	0.0	50637608	631	160.0
1606629979.38	160000	7.023579	0.0	19559369	236	160.0
1606629980.94	160000	6.469463	0.0	22224402	1425	160.0
1606629981.86	160000	6.547489	0.0	22578365	786	160.0
1606629982.19	160000	7.22185	0.0	8346702	265	160.0
1606629982.81	160000	7.602299	0.0	15775481	520	160.0
1606629983.18	160000	8.235946	0.0	9163235	305	160.0
1606629984.62	160000	7.834497	0.0	41307095	1209	160.0
1606629985.24	160000	8.253781	0.0	28763893	444	160.0
1606629985.81	160000	8.681185	0.0	21266416	451	160.0
1606629986.5	160000	8.994806	0.0	23702229	533	160.0
1606629987.11	160000	9.386158	0.0	27580394	450	160.0
1606629987.66	160000	9.833216	0.0	20329780	421	160.0
1606629988.22	160000	10.278663	0.0	16109183	461	160.0
1606629995.38	160000	4.119104	0.0	58830800	6807	160.0
1606629996.3	20000	4.19912	0.0	11684632	841	-120.0
