1606630350.67	40000	1.000999	0.035	334476	23	-5.600000000000001
1606630351.97	160000	1.459796	0.387	14912671	1099	-21.92
1606630354.02	160000	1.326534	0.884	24265636	1859	18.560000000000002
1606630355.86	160000	1.389358	0.893	22711544	1729	17.120000000000005
1606630357.64	160000	1.311539	0.663	19639705	1659	53.92
1606630359.43	160000	1.307444	0.765	20946809	1681	37.599999999999994
1606630360.33	160000	1.401051	0.0	11895609	830	160.0
1606630361.04	160000	1.692693	0.0	7597636	659	160.0
1606630361.46	20000	2.273625	0.0	4047415	383	-120.0
1606630361.58	20000	3.162781	0.0	2863079	86	20.0
1606630361.69	20000	4.053173	0.0	4167844	76	20.0
1606630363.49	160000	3.248281	0.0	69464107	1190	20.0
1606630366.22	160000	1.519041	0.0	50637608	2445	160.0
1606630367.88	160000	1.478631	0.585	19559369	1551	66.4
1606630368.09	20000	2.272144	0.0	2240782	177	-120.0
1606630368.29	20000	3.072027	0.0	2211169	174	20.0
1606630368.33	20000	4.028019	0.0	382046	29	20.0
1606630369.44	160000	3.92163	0.0	15775481	1011	20.0
1606630369.89	160000	4.471826	0.0	9163235	389	160.0
1606630371.33	160000	4.036598	0.0	41307095	1202	160.0
1606630371.99	160000	4.372292	0.0	28763893	506	160.0
1606630372.43	160000	4.934119	0.0	21266416	315	160.0
1606630372.89	160000	5.471006	0.0	23702229	320	160.0
1606630373.43	160000	5.937646	0.0	27580394	353	160.0
1606630373.8	160000	6.567268	0.0	20329780	251	160.0
1606630374.1	160000	7.273097	0.0	16109183	192	160.0
1606630375.09	160000	7.282929	0.0	58830800	673	160.0
1606630376.37	160000	7.001766	0.0	66935122	937	160.0
1606630377.12	160000	7.255307	0.0	15251076	650	160.0
1606630382.33	160000	3.040787	0.0	16574034	5094	160.0
1606630382.53	20000	3.840101	0.0	1704756	172	-120.0
1606630382.71	20000	4.668088	0.0	1697111	150	20.0
1606630382.84	20000	5.539276	0.0	1529441	105	20.0
1606630382.97	20000	6.408521	0.0	1568649	109	20.0
1606630383.11	20000	7.270125	0.0	1677618	116	20.0
1606630383.88	160000	7.499927	0.0	9963766	703	20.0
1606630384.85	160000	7.531047	0.0	12189364	893	160.0
1606630385.75	160000	7.631859	0.0	10142396	831	160.0
1606630386.69	160000	7.689487	0.0	10185488	878	160.0
1606630388.2	160000	7.176696	0.0	14061455	1432	160.0
1606630389.93	160000	6.452908	0.0	20074099	1608	160.0
1606630390.3	20000	7.085348	0.0	4742872	324	-120.0
1606630393.58	160000	4.807982	0.0	40906522	3036	20.0
1606630394.38	160000	5.01392	0.0	7891151	736	160.0
1606630396.25	160000	4.13752	0.0	21012466	1754	160.0
1606630398.15	160000	3.242628	0.0	23519424	1759	160.0
1606630399.92	160000	2.471198	0.0	18715420	1658	160.0
1606630401.23	160000	2.163704	0.0	17000816	1203	160.0
1606630402.4	160000	1.991288	0.0	14448126	1080	160.0
1606630402.97	160000	2.422161	0.0	6958676	520	160.0
1606630403.65	160000	2.745612	0.0	9088791	617	160.0
1606630404.32	160000	3.078675	0.0	7211881	613	160.0
1606630404.62	160000	3.776721	0.0	3063586	274	160.0
1606630404.87	160000	4.52495	0.0	2782179	225	160.0
1606630405.63	160000	4.771574	0.0	9958410	692	160.0
1606630406.74	160000	4.656793	0.0	12158708	1041	160.0
1606630407.73	160000	4.663897	0.0	12300216	914	160.0
1606630408.95	160000	4.455027	0.0	15815684	1113	160.0
1606630410.13	160000	4.268643	0.0	13526256	1106	160.0
1606630411.15	160000	4.252543	0.0	11995130	943	160.0
1606630412.36	160000	4.044663	0.0	13394791	1130	160.0
1606630413.48	160000	3.92258	0.0	14135828	1040	160.0
1606630414.6	160000	3.79995	0.0	15366126	1038	160.0
1606630416.16	160000	3.248162	0.0	14248439	1467	160.0
1606630417.38	160000	3.023212	0.0	13843717	1143	160.0
1606630418.37	160000	3.037396	0.0	14665119	894	160.0
1606630419.45	160000	2.955309	0.0	21079187	956	160.0
1606630420.45	160000	2.959556	0.0	25480074	848	160.0
1606630421.16	160000	3.248058	0.0	23021754	575	160.0
1606630421.89	160000	3.521723	0.0	27527834	565	160.0
1606630422.55	160000	3.862322	0.0	26155848	492	160.0
1606630422.99	160000	4.420274	0.0	17849379	333	160.0
1606630423.42	160000	4.993356	0.0	16546531	318	160.0
1606630423.86	160000	5.557932	0.0	17718949	327	160.0
1606630424.4	160000	6.022746	0.0	17337137	428	160.0
1606630425.03	160000	6.391367	0.0	20008245	512	160.0
1606630427.45	160000	4.97067	0.0	58430914	2106	160.0
1606630427.89	160000	5.529784	0.0	16292703	341	160.0
1606630428.53	160000	5.88681	0.0	25587422	495	160.0
1606630429.33	160000	6.09473	0.0	23982306	652	160.0
1606630430.87	160000	5.556696	0.0	13347845	1456	160.0
1606630432.72	160000	4.707902	0.0	14337991	1766	160.0
1606630433.79	160000	4.639519	0.0	14584990	982	160.0
1606630434.42	160000	5.011986	0.0	13962401	536	160.0
1606630434.98	160000	5.45048	0.0	14393788	474	160.0
1606630435.54	160000	5.88953	0.0	14649457	476	160.0
1606630436.05	160000	6.381747	0.0	13409715	429	160.0
1606630436.46	160000	6.968619	0.0	13909605	332	160.0
1606630436.87	160000	7.564264	0.0	13301968	318	160.0
1606630437.43	160000	8.005434	0.0	19025846	435	160.0
1606630437.99	160000	8.444064	0.0	19295426	448	160.0
1606630438.5	160000	8.932647	0.0	18261873	403	160.0
1606630439.06	160000	9.379715	0.0	19847604	428	160.0
1606630439.6	160000	9.832886	0.0	18767181	433	160.0
1606630440.23	160000	10.208102	0.0	22420858	494	160.0
1606630440.75	160000	10.685328	0.0	19324333	409	160.0
1606630441.32	160000	11.11718	0.0	20392234	445	160.0
1606630441.55	160000	11.888875	0.0	7671072	175	160.0
1606630442.05	160000	12.390853	0.0	17781906	385	160.0
1606630442.36	160000	13.080656	0.0	12839336	227	160.0
1606630442.62	160000	13.823679	0.0	10779770	190	160.0
1606630442.96	160000	14.480999	0.0	14606687	257	160.0
1606630443.92	160000	14.528132	0.0	41866951	702	160.0
1606630444.77	160000	14.675646	0.0	37238410	627	160.0
1606630445.11	160000	15.334682	0.0	14347759	241	160.0
1606630445.35	160000	16.094303	0.0	11399187	168	160.0
1606630445.58	160000	16.870466	0.0	10358641	155	160.0
1606630445.88	160000	17.572706	0.0	14315696	216	160.0
1606630446.37	160000	18.085591	0.0	23283631	350	160.0
1606630447.15	160000	18.302125	0.0	37521367	549	160.0
1606630447.59	160000	18.860686	0.0	22241104	315	160.0
1606630447.92	160000	19.537389	0.0	15813346	224	160.0
1606630448.27	160000	20.187411	0.0	17116450	243	160.0
1606630448.65	160000	20.802669	0.0	18867054	268	160.0
1606630449.02	160000	21.437599	0.0	17393609	247	160.0
1606630449.45	160000	22.00777	0.0	24759401	288	160.0
1606630449.9	160000	22.556855	0.0	25782433	305	160.0
1606630450.37	160000	23.085414	0.0	25885372	309	160.0
1606630450.84	160000	23.6164	0.0	26242011	320	160.0
1606630451.31	160000	24.148496	0.0	23865378	313	160.0
1606630451.84	160000	24.621757	0.0	25470681	378	160.0
1606630452.39	160000	25.069185	0.0	27258768	375	160.0
1606630452.73	160000	25.737009	0.0	17853711	224	160.0
1606630453.0	160000	26.46948	0.0	14829893	181	160.0
1606630453.48	160000	26.989214	0.0	27779697	315	160.0
1606630453.95	160000	27.520469	0.0	27714923	310	160.0
1606630454.38	160000	28.090914	0.0	25946474	264	160.0
1606630454.69	160000	28.776136	0.0	19596259	189	160.0
1606630455.06	160000	29.407501	0.0	23774167	230	160.0
1606630455.43	160000	30.03902	0.0	19373656	252	160.0
1606630455.88	160000	30.58939	0.0	23977420	313	160.0
1606630456.37	160000	31.107807	0.0	24493733	335	160.0
1606630456.66	160000	31.818662	0.0	14528511	204	160.0
1606630457.01	160000	32.470419	0.0	16841176	236	160.0
1606630457.32	160000	33.155241	0.0	16743604	205	160.0
1606630457.64	160000	33.839861	0.0	17975224	205	160.0
1606630458.03	160000	34.454591	0.0	22329548	254	160.0
1606630458.31	160000	35.167538	0.0	16001583	175	160.0
1606630458.62	160000	35.864198	0.0	18238584	195	160.0
1606630458.99	160000	36.494103	0.0	21308824	230	160.0
1606630459.29	160000	37.190093	0.0	17749058	195	160.0
1606630459.53	160000	37.950008	0.0	14127787	160	160.0
1606630459.84	160000	38.640166	0.0	17525699	196	160.0
1606630460.09	160000	39.398764	0.0	14240042	161	160.0
1606630460.43	160000	40.05563	0.0	20324139	224	160.0
1606630460.8	160000	40.690343	0.0	21993033	241	160.0
1606630461.13	160000	41.36544	0.0	18863108	207	160.0
1606630461.41	160000	42.076084	0.0	15964734	189	160.0
1606630461.57	160000	42.921968	0.0	8284939	100	160.0
1606630461.73	160000	43.757011	0.0	9004706	107	160.0
1606630461.87	160000	44.62522	0.0	6955279	81	160.0
1606630462.06	160000	45.432012	0.0	10701639	128	160.0
1606630462.25	160000	46.244453	0.0	9459459	116	160.0
1606630462.32	160000	47.175679	0.0	3212828	39	160.0
1606630462.38	160000	48.118827	0.0	2509989	31	160.0
1606630462.42	160000	49.073737	0.0	2004927	25	160.0
1606630462.45	160000	50.051026	0.0	591360	7	160.0
1606630462.5	160000	51.432206	0.0	2394426	28	160.0
1606630462.82	40000	1.000999	0.035	336477	4	-5.600000000000001
1606630463.18	160000	1.980423	0.0	14912671	184	40.0
1606630463.86	160000	2.293002	0.0	24265636	464	160.0
1606630464.6	160000	2.558465	0.0	22711544	600	160.0
1606630465.37	160000	2.940444	0.0	19639705	629	160.0
1606630465.89	160000	3.42351	0.0	20946809	393	160.0
1606630466.19	160000	4.14653	0.0	11895609	223	160.0
1606630466.42	160000	4.972139	0.0	7597636	167	160.0
1606630475.73	160000	1.250771	4.541	56067905	8903	-566.56
1606630475.97	20000	2.014175	0.0	2863079	191	-120.0
1606630476.29	20000	2.696048	0.0	4167844	282	20.0
1606630476.73	20000	3.257129	0.0	5571764	394	20.0
1606630477.12	20000	3.871495	0.0	4925652	349	20.0
1606630477.62	160000	4.372319	0.0	19559369	380	20.0
1606630478.12	160000	4.871756	0.0	22224402	357	160.0
1606630478.58	160000	5.415078	0.0	22578365	325	160.0
1606630478.74	160000	6.246546	0.0	8346702	116	160.0
1606630479.06	160000	6.931528	0.0	15775481	219	160.0
1606630479.25	160000	7.745731	0.0	9163235	129	160.0
1606630480.17	160000	7.821244	0.0	41307095	685	160.0
1606630480.87	160000	8.129718	0.0	28763893	517	160.0
1606630481.37	160000	8.625181	0.0	21266416	376	160.0
1606630481.88	160000	9.117562	0.0	23702229	367	160.0
1606630482.48	160000	9.514493	0.0	27580394	443	160.0
1606630482.99	160000	10.014381	0.0	20329780	380	160.0
1606630483.63	160000	10.368563	0.0	16109183	546	160.0
1606630492.0	160000	3.002909	0.0	58830800	7937	160.0
1606630492.54	20000	3.464495	0.0	11684632	453	-120.0
