1606623372.47	40000	1.000999	0.053	334476	41	-8.48
1606623373.9	160000	1.203248	0.251	14912671	1220	-0.1599999999999966
1606623377.96	160000	1.342131	3.166	24265636	3871	-346.56
1606623381.68	160000	1.423301	2.776	22711544	3610	-284.16
1606623383.23	160000	1.316009	0.407	19639705	1442	94.88
1606623385.91	160000	1.30936	1.66	20946809	2575	-105.60000000000002
1606623386.98	160000	1.46969	0.228	11895609	1003	123.52000000000001
1606623387.65	160000	1.803924	0.0	7597636	615	160.0
1606623387.98	20000	2.475783	0.0	4047415	287	-120.0
1606623388.21	20000	3.244201	0.0	2863079	204	20.0
1606623388.56	20000	3.895219	0.0	4167844	314	20.0
1606623389.03	20000	4.423454	0.0	5571764	431	20.0
1606623389.46	20000	4.994035	0.0	4925652	392	20.0
1606623391.09	160000	4.364303	0.0	19559369	1513	20.0
1606623393.87	160000	2.587303	0.0	22224402	2645	160.0
1606623394.49	20000	2.972527	0.0	2211169	588	-120.0
1606623394.53	20000	3.927263	0.0	382046	29	20.0
1606623395.88	160000	3.587775	0.0	15775481	1242	20.0
1606623396.63	160000	3.837866	0.0	9163235	685	160.0
1606623397.12	20000	4.348918	0.0	6357933	438	-120.0
1606623399.66	160000	2.803191	0.0	28763893	2372	20.0
1606623401.42	160000	2.050775	0.0	21266416	1634	160.0
1606623403.13	160000	1.463	0.12	23702229	1577	140.8
1606623404.79	160000	1.334635	0.53	27580394	1513	75.2
1606623405.86	160000	1.365246	0.107	20329780	965	142.88
1606623408.44	160000	1.467338	1.684	16109183	2498	-109.44
1606623411.42	20000	1.408351	1.916	9946363	2922	-426.56
1606623413.08	20000	1.325549	0.572	11684632	1592	-71.52
1606623413.23	20000	2.177084	0.0	1849732	127	20.0
1606623414.5	160000	1.908346	0.0	16574034	1159	20.0
1606623415.47	160000	1.934784	0.0	13009028	884	160.0
1606623416.59	160000	1.815291	0.0	12791674	1041	160.0
1606623417.54	160000	1.868332	0.0	11137898	878	160.0
1606623418.45	160000	1.956147	0.0	11485310	841	160.0
1606623419.5	160000	1.904522	0.0	12428518	975	160.0
1606623420.57	160000	1.839466	0.0	9963766	1003	160.0
1606623421.56	160000	1.854443	0.0	12189364	909	160.0
1606623422.43	160000	1.98359	0.0	10142396	807	160.0
1606623423.27	160000	2.141897	0.0	10185488	777	160.0
1606623424.63	160000	1.783587	0.0	14061455	1277	160.0
1606623426.21	160000	1.410213	0.209	20074099	1480	126.56
1606623426.63	20000	1.998569	0.0	4742872	369	-120.0
1606623427.03	20000	2.597156	0.0	4955535	359	20.0
1606623427.67	160000	2.965178	0.0	7891151	575	20.0
1606623429.39	160000	2.233357	0.0	21012466	1603	160.0
1606623431.44	160000	1.374386	0.186	23519424	1930	130.24
1606623432.92	160000	1.311394	0.42	18715420	1377	92.8
1606623434.25	160000	1.482633	0.493	17000816	1228	81.12
1606623435.42	160000	1.44306	0.137	14448126	1096	138.07999999999998
1606623435.98	160000	1.890295	0.0	6958676	508	160.0
1606623436.78	160000	2.089794	0.0	9088791	739	160.0
1606623438.91	160000	1.366483	0.407	7211881	2081	94.88
1606623439.14	160000	2.13378	0.0	3063586	204	160.0
1606623439.36	160000	2.920309	0.0	2782179	184	160.0
1606623440.15	160000	3.129105	0.0	9958410	727	160.0
1606623442.07	160000	2.213372	0.0	12158708	1843	160.0
1606623443.63	160000	1.65453	0.0	12300216	1481	160.0
1606623445.11	160000	1.278966	0.104	15815684	1396	143.36
1606623446.27	160000	1.373066	0.251	13526256	1080	119.84
1606623447.3	160000	1.355401	0.014	11995130	960	157.76
1606623448.53	160000	1.406228	0.277	13394791	1160	115.68
1606623449.6	160000	1.433877	0.097	14135828	993	144.48
1606623451.38	160000	1.28202	0.627	15366126	1698	59.68000000000001
1606623452.8	160000	1.409352	0.549	14248439	1349	72.16
1606623456.15	160000	1.459584	2.395	13843717	3278	-223.2
1606623457.36	160000	1.355139	0.11	14665119	1141	142.4
1606623458.86	160000	1.448743	0.59	21079187	1380	65.6
1606623460.45	160000	1.306995	0.449	25480074	1451	88.16
1606623461.8	160000	1.257044	0.291	23021754	1213	113.44
1606623463.19	160000	1.296911	0.429	27527834	1248	91.36
1606623464.31	160000	1.472057	0.302	26155848	999	111.68
1606623464.99	160000	1.796711	0.0	17849379	566	160.0
1606623465.56	160000	2.222809	0.0	16546531	474	160.0
1606623466.15	160000	2.639668	0.0	17718949	467	160.0
1606623466.68	160000	3.108495	0.0	17337137	426	160.0
1606623467.24	160000	3.545034	0.0	20008245	443	160.0
1606623468.92	160000	2.87226	0.0	58430914	1095	160.0
1606623469.26	160000	3.529384	0.0	16292703	228	160.0
1606623469.77	160000	4.027739	0.0	25587422	363	160.0
1606623470.25	160000	4.54787	0.0	23982306	347	160.0
1606623470.52	160000	5.275116	0.0	13347845	191	160.0
1606623470.83	160000	5.967674	0.0	14337991	213	160.0
1606623471.36	160000	6.43957	0.0	14584990	446	160.0
1606623471.87	160000	6.923432	0.0	13962401	429	160.0
1606623472.49	160000	7.313511	0.0	14393788	530	160.0
1606623473.03	160000	7.766991	0.0	14649457	461	160.0
1606623473.39	160000	8.409514	0.0	13409715	281	160.0
1606623473.76	160000	9.041605	0.0	13909605	289	160.0
1606623474.05	160000	9.761316	0.0	13301968	206	160.0
1606623474.42	160000	10.379375	0.0	19025846	254	160.0
1606623474.8	160000	11.003143	0.0	19295426	262	160.0
1606623475.14	160000	11.66775	0.0	18261873	227	160.0
1606623475.5	160000	12.304434	0.0	19847604	245	160.0
1606623475.85	160000	12.958623	0.0	18767181	231	160.0
1606623476.25	160000	13.553423	0.0	22420858	274	160.0
1606623476.61	160000	14.198077	0.0	19324333	238	160.0
1606623476.98	160000	14.832099	0.0	20392234	249	160.0
1606623477.14	160000	15.676505	0.0	7671072	88	160.0
1606623477.44	160000	16.369682	0.0	17781906	208	160.0
1606623477.67	160000	17.14596	0.0	12839336	150	160.0
1606623477.87	160000	17.949663	0.0	10779770	125	160.0
1606623478.13	160000	18.684343	0.0	14606687	184	160.0
1606623478.93	160000	18.891212	0.0	41866951	528	160.0
1606623479.79	160000	19.029549	0.0	37238410	632	160.0
1606623480.06	160000	19.756911	0.0	14347759	194	160.0
1606623480.28	160000	20.543838	0.0	11399187	132	160.0
1606623480.48	160000	21.340996	0.0	10358641	120	160.0
1606623480.73	160000	22.091488	0.0	14315696	167	160.0
1606623481.13	160000	22.696559	0.0	23283631	269	160.0
1606623481.79	160000	23.03794	0.0	37521367	430	160.0
1606623482.17	160000	23.658995	0.0	22241104	250	160.0
1606623482.45	160000	24.380645	0.0	15813346	176	160.0
1606623482.74	160000	25.08635	0.0	17116450	190	160.0
1606623483.49	160000	25.339922	0.0	18867054	635	160.0
1606623486.89	160000	22.938636	0.0	17393609	3288	160.0
1606623488.85	160000	21.981226	0.0	24759401	1811	160.0
1606623489.13	20000	22.703319	0.0	3226650	244	-120.0
1606623489.37	20000	23.457261	0.0	2705936	214	20.0
1606623491.24	160000	22.597751	0.0	26242011	1706	20.0
1606623491.82	160000	23.017333	0.0	23865378	444	160.0
1606623492.29	160000	23.540481	0.0	25470681	330	160.0
1606623492.76	160000	24.07556	0.0	27258768	288	160.0
1606623493.05	160000	24.784578	0.0	17853711	189	160.0
1606623493.32	160000	25.519246	0.0	14829893	179	160.0
1606623493.85	160000	25.988107	0.0	27779697	370	160.0
1606623494.29	160000	26.548282	0.0	27714923	287	160.0
1606623494.7	160000	27.143608	0.0	25946474	247	160.0
1606623495.0	160000	27.836428	0.0	19596259	186	160.0
1606623495.35	160000	28.491178	0.0	23774167	209	160.0
1606623495.64	160000	29.206247	0.0	19373656	168	160.0
1606623495.98	160000	29.864066	0.0	23977420	207	160.0
1606623496.36	160000	30.486709	0.0	24493733	227	160.0
1606623496.58	160000	31.268669	0.0	14528511	131	160.0
1606623496.83	160000	32.014803	0.0	16841176	152	160.0
1606623497.09	160000	32.762259	0.0	16743604	148	160.0
1606623497.37	160000	33.482768	0.0	17975224	166	160.0
1606623497.72	160000	34.134648	0.0	22329548	210	160.0
1606623497.96	160000	34.888757	0.0	16001583	147	160.0
1606623498.28	160000	35.576027	0.0	18238584	197	160.0
1606623498.64	160000	36.210993	0.0	21308824	234	160.0
1606623498.94	160000	36.911579	0.0	17749058	196	160.0
1606623499.18	160000	37.673255	0.0	14127787	160	160.0
1606623499.49	160000	38.368854	0.0	17525699	199	160.0
1606623499.74	160000	39.127539	0.0	14240042	161	160.0
1606623500.08	160000	39.774961	0.0	20324139	227	160.0
1606623500.57	160000	40.294429	0.0	21993033	360	160.0
1606623500.99	160000	40.870198	0.0	18863108	309	160.0
1606623502.46	160000	40.39796	0.0	15964734	1365	160.0
1606623502.75	160000	41.113369	0.0	8284939	230	160.0
1606623503.06	160000	41.802691	0.0	9004706	250	160.0
1606623504.51	160000	41.358324	0.0	6955279	1395	160.0
1606623507.36	160000	39.508553	0.0	10701639	2786	160.0
1606623508.72	160000	39.147782	0.0	9459459	1300	160.0
1606623509.07	160000	39.801286	0.0	3212828	314	160.0
1606623509.32	160000	40.553767	0.0	2509989	212	160.0
1606623509.51	160000	41.359983	0.0	2004927	170	160.0
1606623509.58	160000	42.293955	0.0	591360	48	160.0
1606623509.8	160000	43.501587	0.0	2394426	202	160.0
1606623510.11	40000	1.000999	0.054	336477	17	-8.64
1606623511.2	160000	1.355013	0.134	14912671	968	18.560000000000002
1606623512.08	160000	1.509354	0.0	24265636	670	160.0
1606623512.76	160000	1.911012	0.0	22711544	535	160.0
1606623517.98	160000	1.3127	3.565	19639705	5088	-410.4
1606623519.86	160000	1.319624	0.868	20946809	1772	21.120000000000005
1606623520.97	160000	1.439079	0.233	11895609	1051	122.72
1606623521.42	160000	1.994031	0.0	7597636	393	160.0
1606623521.62	20000	2.790385	0.0	4047415	159	-120.0
1606623521.77	20000	3.650876	0.0	2863079	112	20.0
1606623521.96	20000	4.453313	0.0	4167844	164	20.0
1606623522.21	20000	5.204859	0.0	5571764	206	20.0
1606623522.4	20000	6.020319	0.0	4925652	148	20.0
1606623523.11	160000	6.305444	0.0	19559369	593	20.0
1606623523.81	160000	6.615824	0.0	22224402	561	160.0
1606623524.52	160000	6.907039	0.0	22578365	578	160.0
1606623524.79	160000	7.628712	0.0	8346702	220	160.0
1606623525.31	160000	8.118514	0.0	15775481	413	160.0
1606623525.59	160000	8.83206	0.0	9163235	229	160.0
1606623526.93	160000	8.500001	0.0	41307095	1003	160.0
1606623527.73	160000	8.692581	0.0	28763893	639	160.0
1606623528.35	160000	9.079959	0.0	21266416	470	160.0
1606623528.98	160000	9.450164	0.0	23702229	483	160.0
1606623529.71	160000	9.721915	0.0	27580394	561	160.0
1606623530.26	160000	10.171144	0.0	20329780	413	160.0
1606623530.67	160000	10.75961	0.0	16109183	311	160.0
1606623532.24	160000	10.188411	0.0	58830800	1128	160.0
