1606627465.74	40000	1.000999	0.018	334476	6	-2.8800000000000026
1606627466.26	160000	1.839016	0.0	14912671	294	40.0
1606627467.83	160000	1.31829	0.0	24265636	1366	160.0
1606627469.67	160000	1.433299	0.921	22711544	1721	12.639999999999986
1606627471.36	160000	1.316649	0.536	19639705	1578	74.24
1606627473.17	160000	1.311124	0.783	20946809	1705	34.72
1606627475.02	160000	1.345733	0.882	11895609	1783	18.879999999999995
1606627475.67	160000	1.690618	0.0	7597636	596	160.0
1606627476.05	20000	2.318182	0.0	4047415	337	-120.0
1606627476.31	20000	3.056182	0.0	2863079	238	20.0
1606627476.68	20000	3.687822	0.0	4167844	334	20.0
1606627477.12	20000	4.249214	0.0	5571764	396	20.0
1606627477.51	20000	4.863721	0.0	4925652	351	20.0
1606627479.16	160000	4.207346	0.0	19559369	1538	20.0
1606627481.34	160000	3.042075	0.0	22224402	2036	160.0
1606627485.1	160000	1.487408	1.212	22578365	3648	-33.91999999999999
1606627486.56	160000	1.450765	0.429	8346702	1421	91.36
1606627486.71	20000	2.305756	0.0	1113969	124	-120.0
1606627487.45	160000	2.573456	0.0	9163235	671	20.0
1606627488.03	20000	2.986541	0.0	6357933	529	-120.0
1606627490.35	160000	1.675902	0.0	28763893	2149	20.0
1606627491.83	160000	1.385023	0.189	21266416	1370	129.76
1606627492.34	160000	1.874791	0.0	23702229	366	160.0
1606627492.93	160000	2.278538	0.0	27580394	428	160.0
1606627493.38	160000	2.832446	0.0	20329780	323	160.0
1606627493.74	160000	3.47228	0.0	16109183	255	160.0
1606627499.84	160000	1.120709	2.75	58830800	5560	-280.0
1606627505.25	160000	1.329307	4.603	66935122	5068	-576.48
1606627505.42	20000	2.148956	0.0	1849732	141	-120.0
1606627505.6	20000	2.974084	0.0	1942795	148	20.0
1606627506.66	160000	2.915714	0.0	13009028	981	20.0
1606627507.7	160000	2.87509	0.0	12791674	962	160.0
1606627507.97	160000	3.603781	0.0	11137898	205	160.0
1606627508.2	160000	4.369958	0.0	11485310	165	160.0
1606627508.46	160000	5.119238	0.0	12428518	177	160.0
1606627508.66	160000	5.915228	0.0	9963766	142	160.0
1606627508.92	160000	6.660409	0.0	12189364	173	160.0
1606627509.13	160000	7.450661	0.0	10142396	144	160.0
1606627509.35	160000	8.234062	0.0	10185488	145	160.0
1606627509.63	160000	8.953522	0.0	14061455	200	160.0
1606627510.05	160000	9.529505	0.0	20074099	297	160.0
1606627511.03	160000	9.554506	0.0	46115254	726	160.0
1606627511.74	160000	9.847014	0.0	40906522	469	160.0
1606627511.88	160000	10.70212	0.0	7891151	92	160.0
1606627512.26	160000	11.328102	0.0	21012466	254	160.0
1606627512.69	160000	11.893234	0.0	23519424	295	160.0
1606627513.63	160000	11.952918	0.0	18715420	832	160.0
1606627514.09	160000	12.494742	0.0	17000816	347	160.0
1606627514.37	160000	13.222161	0.0	14448126	185	160.0
1606627514.51	160000	14.084074	0.0	6958676	88	160.0
1606627514.68	160000	14.909753	0.0	9088791	115	160.0
1606627514.83	160000	15.767141	0.0	7211881	90	160.0
1606627515.4	160000	16.195907	0.0	3063586	542	160.0
1606627515.97	160000	16.624511	0.0	2782179	543	160.0
1606627516.39	20000	17.209106	0.0	1328674	391	-120.0
1606627516.84	20000	17.756653	0.0	1492829	433	20.0
1606627517.16	20000	18.436674	0.0	1484812	299	20.0
1606627517.56	20000	19.03725	0.0	1868314	378	20.0
1606627517.83	20000	19.76521	0.0	1253406	253	20.0
1606627517.95	20000	20.652685	0.0	887933	96	20.0
1606627519.11	160000	20.489614	0.0	13394791	1083	20.0
1606627519.75	160000	20.863685	0.0	14135828	544	160.0
1606627520.14	160000	21.464084	0.0	15366126	298	160.0
1606627520.46	160000	22.146411	0.0	14248439	234	160.0
1606627520.77	160000	22.839927	0.0	13843717	226	160.0
1606627521.61	160000	22.993401	0.0	14665119	751	160.0
1606627523.06	160000	22.551675	0.0	21079187	1321	160.0
1606627524.06	160000	22.557697	0.0	25480074	850	160.0
1606627524.58	160000	23.028626	0.0	23021754	384	160.0
1606627525.22	160000	23.395289	0.0	27527834	471	160.0
1606627525.83	160000	23.783624	0.0	26155848	449	160.0
1606627526.31	160000	24.304489	0.0	17849379	368	160.0
1606627526.76	160000	24.856694	0.0	16546531	349	160.0
1606627527.25	160000	25.360385	0.0	17718949	381	160.0
1606627527.73	160000	25.886637	0.0	17337137	369	160.0
1606627528.7	160000	25.919801	0.0	20008245	847	160.0
1606627534.62	160000	20.995654	0.0	58430914	5597	160.0
1606627536.05	160000	20.572353	0.0	16292703	1317	160.0
1606627536.56	160000	21.059641	0.0	25587422	358	160.0
1606627537.05	160000	21.57073	0.0	23982306	344	160.0
1606627537.3	160000	22.323972	0.0	13347845	162	160.0
1606627537.56	160000	23.066376	0.0	14337991	174	160.0
1606627537.82	160000	23.801759	0.0	14584990	178	160.0
1606627538.31	160000	24.316958	0.0	13962401	403	160.0
1606627539.09	160000	24.538065	0.0	14393788	697	160.0
1606627539.34	160000	25.282972	0.0	14649457	167	160.0
1606627539.58	160000	26.049811	0.0	13409715	152	160.0
1606627539.82	160000	26.808596	0.0	13909605	157	160.0
1606627540.05	160000	27.577692	0.0	13301968	151	160.0
1606627540.39	160000	28.236501	0.0	19025846	215	160.0
1606627540.72	160000	28.90731	0.0	19295426	221	160.0
1606627541.05	160000	29.584985	0.0	18261873	214	160.0
1606627541.36	160000	30.271821	0.0	19847604	194	160.0
1606627541.67	160000	30.961879	0.0	18767181	191	160.0
1606627542.02	160000	31.613039	0.0	22420858	221	160.0
1606627542.32	160000	32.315713	0.0	19324333	184	160.0
1606627542.64	160000	32.997624	0.0	20392234	194	160.0
1606627542.77	160000	33.870977	0.0	7671072	73	160.0
1606627543.04	160000	34.599383	0.0	17781906	169	160.0
1606627543.26	160000	35.375677	0.0	12839336	147	160.0
1606627543.46	160000	36.1871	0.0	10779770	123	160.0
1606627543.71	160000	36.937979	0.0	14606687	167	160.0
1606627544.43	160000	37.213105	0.0	41866951	463	160.0
1606627545.05	160000	37.591547	0.0	37238410	394	160.0
1606627545.27	160000	38.37525	0.0	14347759	129	160.0
1606627545.45	160000	39.20063	0.0	11399187	102	160.0
1606627545.61	160000	40.040684	0.0	10358641	91	160.0
1606627545.82	160000	40.830827	0.0	14315696	129	160.0
1606627547.0	160000	40.65303	0.0	23283631	1045	160.0
1606627548.44	160000	40.209827	0.0	37521367	1221	160.0
1606627548.77	160000	40.877844	0.0	22241104	202	160.0
1606627549.02	160000	41.629852	0.0	15813346	142	160.0
1606627549.29	160000	42.365795	0.0	17116450	160	160.0
1606627549.58	160000	43.077659	0.0	18867054	176	160.0
1606627549.85	160000	43.807631	0.0	17393609	163	160.0
1606627550.21	160000	44.444389	0.0	24759401	216	160.0
1606627550.54	160000	45.117067	0.0	25782433	186	160.0
1606627550.9	160000	45.758289	0.0	25885372	187	160.0
1606627551.25	160000	46.412995	0.0	26242011	196	160.0
1606627551.58	160000	47.080098	0.0	23865378	176	160.0
1606627551.92	160000	47.739861	0.0	25470681	190	160.0
1606627552.38	160000	48.280209	0.0	27258768	282	160.0
1606627552.73	160000	48.930848	0.0	17853711	247	160.0
1606627553.02	160000	49.640409	0.0	14829893	204	160.0
1606627554.68	160000	48.982718	0.0	27779697	1492	160.0
1606627555.4	160000	49.268094	0.0	27714923	549	160.0
1606627555.82	160000	49.844529	0.0	25946474	265	160.0
1606627556.15	160000	50.519952	0.0	19596259	200	160.0
1606627556.5	160000	51.168741	0.0	23774167	216	160.0
1606627556.8	160000	51.873554	0.0	19373656	178	160.0
1606627557.16	160000	52.511536	0.0	23977420	223	160.0
1606627557.53	160000	53.1477	0.0	24493733	224	160.0
1606627557.75	160000	53.926791	0.0	14528511	133	160.0
1606627558.0	160000	54.673442	0.0	16841176	153	160.0
1606627558.28	160000	55.398034	0.0	16743604	169	160.0
1606627558.58	160000	56.099402	0.0	17975224	195	160.0
1606627558.95	160000	56.725714	0.0	22329548	243	160.0
1606627559.23	160000	57.447685	0.0	16001583	182	160.0
1606627559.57	160000	58.111002	0.0	18238584	225	160.0
1606627559.96	160000	58.720126	0.0	21308824	262	160.0
1606627560.28	160000	59.39866	0.0	17749058	217	160.0
1606627561.04	160000	59.797854	0.0	14127787	172	160.0
1606627561.89	160000	59.799285	0.0	17525699	246	160.0
1606627563.19	160000	59.550292	0.0	14240042	214	160.0
1606627563.7	160000	59.985427	0.0	20324139	390	160.0
1606627565.33	160000	59.552266	0.0	21993033	506	160.0
1606627566.77	160000	58.918259	0.0	18863108	1320	160.0
1606627567.93	160000	58.758916	0.0	15964734	1061	160.0
1606627568.51	160000	59.176196	0.0	8284939	529	160.0
1606627569.14	160000	59.55157	0.0	9004706	566	160.0
1606627569.74	160000	59.949191	0.0	6955279	554	160.0
1606627571.16	160000	59.558335	0.0	10701639	846	160.0
1606627572.33	160000	59.559254	0.0	9459459	97	160.0
1606627572.89	160000	59.81028	0.0	3212828	34	160.0
1606627573.95	160000	59.811267	0.0	2509989	25	160.0
1606627575.01	160000	59.812262	0.0	2004927	41	160.0
1606627576.05	160000	59.813299	0.0	591360	15	160.0
1606627577.31	160000	59.998093	0.0	2394426	226	160.0
1606627577.67	40000	1.000999	0.037	336477	8	-5.920000000000002
1606627578.21	160000	1.75588	0.0	14912671	370	40.0
1606627579.23	160000	1.737306	0.0	24265636	785	160.0
1606627579.87	160000	2.167805	0.0	22711544	504	160.0
1606627580.46	160000	2.626744	0.0	19639705	470	160.0
1606627581.21	160000	2.932516	0.0	20946809	620	160.0
1606627582.2	160000	2.994626	0.0	11895609	894	160.0
1606627582.82	160000	3.382922	0.0	7597636	555	160.0
1606627583.16	20000	4.046437	0.0	4047415	296	-120.0
1606627583.4	20000	4.799202	0.0	2863079	218	20.0
1606627583.77	20000	5.429383	0.0	4167844	333	20.0
1606627584.26	20000	5.948872	0.0	5571764	438	20.0
1606627584.65	20000	6.553188	0.0	4925652	360	20.0
1606627586.17	160000	6.033054	0.0	19559369	1393	20.0
1606627588.32	160000	4.888256	0.0	22224402	2008	160.0
1606627589.88	160000	4.326319	0.0	22578365	1427	160.0
1606627590.25	160000	4.95488	0.0	8346702	307	160.0
1606627590.6	160000	5.615042	0.0	15775481	241	160.0
1606627590.8	160000	6.410665	0.0	9163235	141	160.0
1606627591.78	160000	6.435226	0.0	41307095	653	160.0
1606627592.81	160000	6.406456	0.0	28763893	858	160.0
1606627595.06	160000	5.1564	0.0	21266416	2091	160.0
1606627595.41	20000	5.81017	0.0	3944328	302	-120.0
1606627595.8	20000	6.419544	0.0	4284196	343	20.0
1606627596.07	20000	7.148072	0.0	3022025	242	20.0
1606627597.7	160000	6.518846	0.0	16109183	1517	20.0
1606627598.03	20000	7.195609	0.0	9946363	215	-120.0
1606627599.72	160000	6.516032	0.0	66935122	1156	20.0
1606627600.05	160000	7.174893	0.0	15251076	231	160.0
