1606624817.0	40000	1.000999	0.048	334476	12	-7.68
1606624818.26	160000	1.469066	0.377	14912671	1071	-20.319999999999993
1606624820.33	160000	1.340919	0.912	24265636	1897	14.080000000000013
1606624822.3	160000	1.436175	1.047	22711544	1850	-7.52000000000001
1606624822.95	160000	1.821183	0.0	19639705	514	160.0
1606624823.39	160000	2.37593	0.0	20946809	320	160.0
1606624823.6	160000	3.186133	0.0	11895609	136	160.0
1606624823.74	160000	4.051511	0.0	7597636	87	160.0
1606624825.27	160000	3.560912	0.0	56067905	1076	160.0
1606624829.62	160000	1.279916	1.076	45444680	4150	-12.159999999999997
1606624829.99	20000	1.921759	0.0	4167844	320	-120.0
1606624830.44	20000	2.466978	0.0	5571764	401	20.0
1606624830.83	20000	3.077638	0.0	4925652	351	20.0
1606624831.0	20000	3.909604	0.0	2030157	144	20.0
1606624831.18	20000	4.732647	0.0	2240782	154	20.0
1606624831.28	20000	5.632833	0.0	2211169	73	20.0
1606624831.58	160000	6.333897	0.0	8346702	243	20.0
1606624832.13	160000	6.783536	0.0	15775481	459	160.0
1606624832.44	160000	7.470029	0.0	9163235	256	160.0
1606624833.67	160000	7.247998	0.0	41307095	1000	160.0
1606624834.35	160000	7.566011	0.0	28763893	521	160.0
1606624834.83	160000	8.085205	0.0	21266416	355	160.0
1606624835.38	160000	8.538704	0.0	23702229	397	160.0
1606624835.95	160000	8.964013	0.0	27580394	413	160.0
1606624836.42	160000	9.504362	0.0	20329780	336	160.0
1606624836.86	160000	10.064441	0.0	16109183	329	160.0
1606624838.3	160000	9.622394	0.0	58830800	1055	160.0
1606624841.67	160000	7.256275	0.0	66935122	2992	160.0
1606624842.97	160000	6.950586	0.0	15251076	1217	160.0
1606624844.5	160000	6.424224	0.0	16574034	1423	160.0
1606624845.56	160000	6.369234	0.0	13009028	978	160.0
1606624846.61	160000	6.314308	0.0	12791674	970	160.0
1606624847.82	160000	6.111539	0.0	11137898	1131	160.0
1606624849.32	160000	5.609127	0.0	11485310	1424	160.0
1606624849.96	160000	5.969869	0.0	12428518	569	160.0
1606624850.38	160000	6.546387	0.0	9963766	358	160.0
1606624850.67	160000	7.26282	0.0	12189364	212	160.0
1606624850.91	160000	8.023233	0.0	10142396	176	160.0
1606624851.15	160000	8.784974	0.0	10185488	176	160.0
1606624851.47	160000	9.460417	0.0	14061455	243	160.0
1606624851.94	160000	9.993933	0.0	20074099	348	160.0
1606624853.42	160000	9.516217	0.0	46115254	1230	160.0
1606624855.94	160000	7.996578	0.0	40906522	2273	160.0
1606624856.16	160000	8.781076	0.0	7891151	162	160.0
1606624856.69	160000	9.253322	0.0	21012466	401	160.0
1606624857.27	160000	9.672717	0.0	23519424	443	160.0
1606624857.77	160000	10.175853	0.0	18715420	383	160.0
1606624858.22	160000	10.717134	0.0	17000816	352	160.0
1606624858.56	160000	11.389249	0.0	14448126	236	160.0
1606624858.71	160000	12.232516	0.0	6958676	100	160.0
1606624858.91	160000	13.038996	0.0	9088791	133	160.0
1606624859.06	160000	13.884458	0.0	7211881	105	160.0
1606624859.14	160000	14.810625	0.0	3063586	45	160.0
1606624859.2	160000	15.745191	0.0	2782179	40	160.0
1606624859.43	160000	16.521458	0.0	9958410	159	160.0
1606624859.76	160000	17.187073	0.0	12158708	258	160.0
1606624860.1	160000	17.84916	0.0	12300216	263	160.0
1606624861.09	160000	17.859715	0.0	15815684	891	160.0
1606624862.3	160000	17.654213	0.0	13526256	1121	160.0
1606624863.91	160000	17.048613	0.0	11995130	1532	160.0
1606624866.97	160000	14.982091	0.0	13394791	2985	160.0
1606624868.2	160000	14.753621	0.0	14135828	1146	160.0
1606624868.7	160000	15.261416	0.0	15366126	405	160.0
1606624869.04	160000	15.9207	0.0	14248439	248	160.0
1606624869.36	160000	16.596921	0.0	13843717	240	160.0
1606624869.67	160000	17.293375	0.0	14665119	212	160.0
1606624870.09	160000	17.868299	0.0	21079187	300	160.0
1606624870.59	160000	18.373015	0.0	25480074	354	160.0
1606624870.98	160000	18.979354	0.0	23021754	263	160.0
1606624871.45	160000	19.50984	0.0	27527834	316	160.0
1606624871.91	160000	20.050109	0.0	26155848	294	160.0
1606624872.22	160000	20.744935	0.0	17849379	201	160.0
1606624872.5	160000	21.464745	0.0	16546531	185	160.0
1606624872.77	160000	22.197592	0.0	17718949	160	160.0
1606624873.03	160000	22.935617	0.0	17337137	157	160.0
1606624873.33	160000	23.636226	0.0	20008245	181	160.0
1606624874.03	160000	23.938733	0.0	58430914	389	160.0
1606624874.24	160000	24.735303	0.0	16292703	103	160.0
1606624874.54	160000	25.432544	0.0	25587422	160	160.0
1606624874.85	160000	26.127627	0.0	23982306	170	160.0
1606624875.03	160000	26.944914	0.0	13347845	94	160.0
1606624875.22	160000	27.760016	0.0	14337991	102	160.0
1606624875.4	160000	28.572139	0.0	14584990	104	160.0
1606624875.59	160000	29.385601	0.0	13962401	101	160.0
1606624875.78	160000	30.198368	0.0	14393788	104	160.0
1606624875.97	160000	31.00952	0.0	14649457	107	160.0
1606624876.15	160000	31.835104	0.0	13409715	99	160.0
1606624876.33	160000	32.653629	0.0	13909605	101	160.0
1606624876.5	160000	33.47897	0.0	13301968	100	160.0
1606624876.73	160000	34.256085	0.0	19025846	109	160.0
1606624876.96	160000	35.030027	0.0	19295426	112	160.0
1606624877.17	160000	35.816495	0.0	18261873	106	160.0
1606624877.4	160000	36.58322	0.0	19847604	114	160.0
1606624877.63	160000	37.355474	0.0	18767181	113	160.0
1606624877.9	160000	38.091033	0.0	22420858	136	160.0
1606624878.14	160000	38.849201	0.0	19324333	120	160.0
1606624878.39	160000	39.602255	0.0	20392234	124	160.0
1606624878.49	160000	40.5012	0.0	7671072	48	160.0
1606624878.71	160000	41.279908	0.0	17781906	119	160.0
1606624878.88	160000	42.115381	0.0	12839336	86	160.0
1606624879.02	160000	42.977661	0.0	10779770	72	160.0
1606624879.2	160000	43.798852	0.0	14606687	97	160.0
1606624879.72	160000	44.273477	0.0	41866951	278	160.0
1606624880.18	160000	44.817922	0.0	37238410	243	160.0
1606624880.36	160000	45.639083	0.0	14347759	93	160.0
1606624880.51	160000	46.490326	0.0	11399187	73	160.0
1606624880.64	160000	47.357102	0.0	10358641	66	160.0
1606624880.82	160000	48.184914	0.0	14315696	92	160.0
1606624881.1	160000	48.907381	0.0	23283631	151	160.0
1606624881.57	160000	49.428734	0.0	37521367	242	160.0
1606624881.85	160000	50.150769	0.0	22241104	146	160.0
1606624882.06	160000	50.942499	0.0	15813346	104	160.0
1606624882.28	160000	51.726587	0.0	17116450	113	160.0
1606624882.52	160000	52.486837	0.0	18867054	125	160.0
1606624882.73	160000	53.274388	0.0	17393609	112	160.0
1606624883.04	160000	53.975597	0.0	24759401	162	160.0
1606624883.35	160000	54.661296	0.0	25782433	166	160.0
1606624883.68	160000	55.334494	0.0	25885372	165	160.0
1606624883.99	160000	56.024002	0.0	26242011	160	160.0
1606624884.29	160000	56.727871	0.0	23865378	145	160.0
1606624884.59	160000	57.426298	0.0	25470681	155	160.0
1606624884.94	160000	58.080344	0.0	27258768	163	160.0
1606624885.16	160000	58.858396	0.0	17853711	107	160.0
1606624885.34	160000	59.680946	0.0	14829893	90	160.0
1606624886.17	160000	59.972363	0.0	27779697	166	160.0
1606624887.49	160000	59.723374	0.0	27714923	163	160.0
1606624888.3	160000	59.724375	0.0	25946474	157	160.0
1606624889.54	160000	59.725393	0.0	19596259	119	160.0
1606624890.33	160000	59.726396	0.0	23774167	142	160.0
1606624891.06	160000	59.9774	0.0	19373656	121	160.0
1606624892.4	160000	59.728332	0.0	23977420	188	160.0
1606624893.23	160000	59.979349	0.0	24493733	193	160.0
1606624894.43	160000	59.730376	0.0	14528511	114	160.0
1606624895.2	160000	59.981375	0.0	16841176	150	160.0
1606624896.45	160000	59.732333	0.0	16743604	140	160.0
1606624897.17	160000	59.983331	0.0	17975224	108	160.0
1606624898.46	160000	59.73438	0.0	22329548	158	160.0
1606624899.39	160000	59.640574	0.0	16001583	830	160.0
1606624900.93	160000	59.106551	0.0	18238584	1421	160.0
1606624902.76	160000	58.270157	0.0	21308824	1693	160.0
1606624902.83	20000	59.205379	0.0	2180586	35	-120.0
1606624903.15	160000	59.885089	0.0	14127787	233	20.0
1606624904.07	160000	59.990294	0.0	17525699	297	160.0
1606624905.33	160000	59.741241	0.0	14240042	169	160.0
1606624906.2	160000	59.992368	0.0	20324139	246	160.0
1606624907.51	160000	59.743363	0.0	21993033	660	160.0
1606624908.52	160000	59.744377	0.0	18863108	401	160.0
1606624909.43	160000	59.745311	0.0	15964734	301	160.0
1606624910.13	160000	59.996359	0.0	8284939	138	160.0
1606624911.4	160000	59.747366	0.0	9004706	204	160.0
1606624912.15	160000	59.997678	0.0	6955279	200	160.0
1606624915.92	160000	57.127912	0.0	10701639	3691	160.0
1606624916.75	160000	57.298998	0.0	9459459	767	160.0
1606624917.0	160000	58.048134	0.0	3212828	221	160.0
1606624917.2	160000	58.850727	0.0	2509989	173	160.0
1606624917.36	160000	59.690921	0.0	2004927	137	160.0
1606624918.42	160000	59.754297	0.0	591360	40	160.0
1606624920.0	160000	59.689028	0.0	2394426	51	160.0
1606624920.31	40000	1.000999	0.032	336477	4	-5.119999999999997
1606624920.68	160000	1.974099	0.0	14912671	198	40.0
1606624921.18	160000	2.47211	0.0	24265636	293	160.0
1606624921.6	160000	3.052919	0.0	22711544	272	160.0
1606624921.95	160000	3.70873	0.0	19639705	222	160.0
1606624922.29	160000	4.427565	0.0	20946809	208	160.0
1606624922.49	160000	5.240483	0.0	11895609	119	160.0
1606624922.61	160000	6.116772	0.0	7597636	75	160.0
1606624923.63	160000	6.180743	0.0	56067905	567	160.0
1606624924.39	160000	6.459099	0.0	45444680	518	160.0
1606624925.25	160000	6.670133	0.0	54798068	566	160.0
1606624926.29	160000	6.635699	0.0	69464107	557	160.0
1606624927.04	160000	6.883473	0.0	50637608	483	160.0
1606624927.35	160000	7.577095	0.0	19559369	183	160.0
1606624927.69	160000	8.239406	0.0	22224402	209	160.0
1606624928.04	160000	8.886785	0.0	22578365	225	160.0
1606624928.2	160000	9.731417	0.0	8346702	89	160.0
1606624928.46	160000	10.471949	0.0	15775481	167	160.0
1606624928.61	160000	11.317581	0.0	9163235	96	160.0
1606624929.25	160000	11.678007	0.0	41307095	402	160.0
1606624929.69	160000	12.240293	0.0	28763893	260	160.0
1606624929.99	160000	12.938367	0.0	21266416	178	160.0
1606624930.33	160000	13.606825	0.0	23702229	174	160.0
1606624930.7	160000	14.237288	0.0	27580394	202	160.0
1606624930.98	160000	14.953932	0.0	20329780	146	160.0
1606624931.19	160000	15.749837	0.0	16109183	103	160.0
1606624931.93	160000	16.004967	0.0	58830800	374	160.0
1606624932.84	160000	16.165399	0.0	66935122	510	160.0
1606624933.02	160000	16.98398	0.0	15251076	93	160.0
