1606630831.9	40000	1.000999	0.017	334476	6	-2.719999999999999
1606630832.45	160000	1.824031	0.0	14912671	294	40.0
1606630834.73	160000	1.335486	0.752	24265636	2084	39.68000000000001
1606630835.65	160000	1.445556	0.0	22711544	765	160.0
1606630836.27	160000	1.886374	0.0	19639705	493	160.0
1606630839.28	160000	1.27864	1.343	20946809	2900	-54.879999999999995
1606630840.2	160000	1.366091	0.0	11895609	831	160.0
1606630840.79	160000	1.771595	0.0	7597636	546	160.0
1606630841.13	20000	2.428417	0.0	4047415	310	-120.0
1606630841.38	20000	3.184199	0.0	2863079	218	20.0
1606630841.73	20000	3.836445	0.0	4167844	316	20.0
1606630842.19	20000	4.379811	0.0	5571764	419	20.0
1606630842.59	20000	4.97307	0.0	4925652	370	20.0
1606630844.18	160000	4.387307	0.0	19559369	1464	20.0
1606630846.01	160000	3.563026	0.0	22224402	1691	160.0
1606630847.76	160000	2.813927	0.0	22578365	1616	160.0
1606630848.06	160000	3.51259	0.0	8346702	244	160.0
1606630848.62	160000	3.955213	0.0	15775481	462	160.0
1606630848.92	160000	4.658743	0.0	9163235	237	160.0
1606630850.41	160000	4.16605	0.0	41307095	1159	160.0
1606630855.69	160000	1.377546	1.499	28763893	5139	-79.84
1606630857.32	160000	1.378881	0.629	21266416	1514	59.36
1606630858.54	160000	1.256446	0.058	23702229	1088	150.72
1606630859.8	160000	1.315913	0.325	27580394	1126	108.0
1606630860.89	160000	1.364893	0.136	20329780	966	138.24
1606630861.63	160000	1.626646	0.0	16109183	639	160.0
1606630870.5	160000	1.150693	7.392	58830800	8416	-1022.72
1606630871.49	20000	1.410604	0.25	11684632	919	-160.0
1606630871.65	20000	2.249557	0.0	1849732	139	20.0
1606630872.9	160000	1.999116	0.0	16574034	1144	20.0
1606630873.89	160000	2.013324	0.0	13009028	909	160.0
1606630875.13	160000	1.770678	0.0	12791674	1167	160.0
1606630876.14	160000	1.762551	0.0	11137898	940	160.0
1606630877.08	160000	1.827668	0.0	11485310	866	160.0
1606630878.11	160000	1.796528	0.0	12428518	956	160.0
1606630878.9	160000	2.013952	0.0	9963766	721	160.0
1606630879.6	160000	2.308463	0.0	12189364	635	160.0
1606630880.07	160000	2.840344	0.0	10142396	402	160.0
1606630880.46	160000	3.446602	0.0	10185488	331	160.0
1606630881.09	160000	3.826914	0.0	14061455	538	160.0
1606630882.4	160000	3.510442	0.0	20074099	1201	160.0
1606630885.8	160000	1.351124	0.236	46115254	3183	122.24000000000001
1606630889.33	160000	1.424037	2.606	40906522	3335	-256.96
1606630890.05	160000	1.706872	0.0	7891151	664	160.0
1606630891.16	160000	1.604963	0.0	21012466	979	160.0
1606630891.65	160000	2.109619	0.0	23519424	359	160.0
1606630892.04	160000	2.725921	0.0	18715420	266	160.0
1606630892.33	160000	3.436191	0.0	17000816	179	160.0
1606630892.57	160000	4.194225	0.0	14448126	153	160.0
1606630892.7	160000	5.069441	0.0	6958676	74	160.0
1606630892.85	160000	5.914272	0.0	9088791	97	160.0
1606630892.98	160000	6.782937	0.0	7211881	76	160.0
1606630893.05	160000	7.719303	0.0	3063586	34	160.0
1606630893.11	160000	8.661866	0.0	2782179	31	160.0
1606630893.28	160000	9.488481	0.0	9958410	111	160.0
1606630893.5	160000	10.275156	0.0	12158708	135	160.0
1606630893.71	160000	11.061184	0.0	12300216	138	160.0
1606630893.98	160000	11.788889	0.0	15815684	176	160.0
1606630894.21	160000	12.560861	0.0	13526256	149	160.0
1606630894.41	160000	13.360836	0.0	11995130	127	160.0
1606630894.63	160000	14.14164	0.0	13394791	142	160.0
1606630894.87	160000	14.906536	0.0	14135828	149	160.0
1606630895.12	160000	15.655837	0.0	15366126	163	160.0
1606630895.35	160000	16.428772	0.0	14248439	143	160.0
1606630895.57	160000	17.205842	0.0	13843717	138	160.0
1606630895.81	160000	17.968329	0.0	14665119	147	160.0
1606630896.16	160000	18.62734	0.0	21079187	216	160.0
1606630896.58	160000	19.206368	0.0	25480074	265	160.0
1606630896.96	160000	19.829224	0.0	23021754	238	160.0
1606630897.39	160000	20.390289	0.0	27527834	279	160.0
1606630897.83	160000	20.959617	0.0	26155848	265	160.0
1606630898.11	160000	21.674234	0.0	17849379	178	160.0
1606630898.38	160000	22.404632	0.0	16546531	165	160.0
1606630898.66	160000	23.125266	0.0	17718949	173	160.0
1606630898.94	160000	23.855044	0.0	17337137	170	160.0
1606630899.26	160000	24.529033	0.0	20008245	204	160.0
1606630900.15	160000	24.641763	0.0	58430914	556	160.0
1606630900.42	160000	25.371114	0.0	16292703	165	160.0
1606630900.83	160000	25.963051	0.0	25587422	262	160.0
1606630901.19	160000	26.601139	0.0	23982306	231	160.0
1606630901.4	160000	27.399395	0.0	13347845	124	160.0
1606630901.62	160000	28.172584	0.0	14337991	146	160.0
1606630901.86	160000	28.942187	0.0	14584990	147	160.0
1606630902.07	160000	29.73388	0.0	13962401	128	160.0
1606630902.28	160000	30.522542	0.0	14393788	125	160.0
1606630902.49	160000	31.306269	0.0	14649457	127	160.0
1606630902.69	160000	32.109921	0.0	13409715	118	160.0
1606630902.89	160000	32.909121	0.0	13909605	121	160.0
1606630903.08	160000	33.719661	0.0	13301968	110	160.0
1606630903.36	160000	34.449765	0.0	19025846	148	160.0
1606630903.62	160000	35.19044	0.0	19295426	150	160.0
1606630903.87	160000	35.939653	0.0	18261873	142	160.0
1606630904.16	160000	36.653688	0.0	19847604	160	160.0
1606630904.43	160000	37.377454	0.0	18767181	161	160.0
1606630904.76	160000	38.050615	0.0	22420858	191	160.0
1606630905.04	160000	38.77064	0.0	19324333	165	160.0
1606630905.34	160000	39.471529	0.0	20392234	183	160.0
1606630905.46	160000	40.349604	0.0	7671072	69	160.0
1606630905.74	160000	41.075024	0.0	17781906	164	160.0
1606630905.94	160000	41.878418	0.0	12839336	114	160.0
1606630906.1	160000	42.712435	0.0	10779770	95	160.0
1606630906.32	160000	43.496735	0.0	14606687	127	160.0
1606630906.94	160000	43.881822	0.0	41866951	366	160.0
1606630907.46	160000	44.358087	0.0	37238410	297	160.0
1606630907.66	160000	45.163768	0.0	14347759	112	160.0
1606630907.81	160000	46.006521	0.0	11399187	90	160.0
1606630907.96	160000	46.858582	0.0	10358641	82	160.0
1606630908.15	160000	47.672442	0.0	14315696	104	160.0
1606630908.45	160000	48.374767	0.0	23283631	167	160.0
1606630908.95	160000	48.879277	0.0	37521367	268	160.0
1606630909.56	160000	49.261578	0.0	22241104	485	160.0
1606630910.09	160000	49.735497	0.0	15813346	423	160.0
1606630911.5	160000	49.324788	0.0	17116450	1312	160.0
1606630911.69	20000	50.142552	0.0	1730311	157	-120.0
1606630911.84	20000	50.989229	0.0	1455812	132	20.0
1606630912.05	20000	51.780734	0.0	2869222	180	20.0
1606630912.13	20000	52.703471	0.0	3226650	46	20.0
1606630912.64	160000	53.189758	0.0	25885372	363	20.0
1606630913.21	160000	53.619214	0.0	26242011	421	160.0
1606630915.14	160000	52.694646	0.0	23865378	1783	160.0
1606630915.83	160000	53.009298	0.0	25470681	517	160.0
1606630916.46	160000	53.374349	0.0	27258768	476	160.0
1606630916.85	160000	53.990704	0.0	17853711	277	160.0
1606630917.21	160000	54.633012	0.0	14829893	271	160.0
1606630918.46	160000	54.38005	0.0	27779697	1096	160.0
1606630920.76	160000	53.084029	0.0	27714923	2142	160.0
1606630924.21	160000	50.628882	0.0	25946474	3306	160.0
1606630924.43	20000	51.414138	0.0	2015412	183	-120.0
1606630925.74	160000	51.105155	0.0	23774167	1165	20.0
1606630926.44	160000	51.409999	0.0	19373656	563	160.0
1606630927.19	160000	51.666993	0.0	23977420	607	160.0
1606630927.96	160000	51.890267	0.0	24493733	628	160.0
1606630928.41	160000	52.439369	0.0	14528511	364	160.0
1606630928.93	160000	52.923649	0.0	16841176	415	160.0
1606630929.42	160000	53.429898	0.0	16743604	396	160.0
1606630929.95	160000	53.90097	0.0	17975224	423	160.0
1606630930.59	160000	54.261407	0.0	22329548	504	160.0
1606630931.05	160000	54.799109	0.0	16001583	361	160.0
1606630931.62	160000	55.237127	0.0	18238584	450	160.0
1606630932.28	160000	55.578204	0.0	21308824	530	160.0
1606630932.78	160000	56.075289	0.0	17749058	393	160.0
1606630933.18	160000	56.680109	0.0	14127787	313	160.0
1606630933.67	160000	57.191354	0.0	17525699	386	160.0
1606630934.07	160000	57.788309	0.0	14240042	312	160.0
1606630934.64	160000	58.216897	0.0	20324139	453	160.0
1606630935.26	160000	58.598364	0.0	21993033	493	160.0
1606630935.77	160000	59.097379	0.0	18863108	386	160.0
1606630936.18	160000	59.678648	0.0	15964734	320	160.0
1606630937.4	160000	59.636562	0.0	8284939	158	160.0
1606630938.13	160000	59.887568	0.0	9004706	175	160.0
1606630939.3	160000	59.638482	0.0	6955279	113	160.0
1606630940.03	160000	59.88957	0.0	10701639	170	160.0
1606630941.25	160000	59.640557	0.0	9459459	148	160.0
1606630942.31	160000	59.641487	0.0	3212828	38	160.0
1606630943.37	160000	59.642496	0.0	2509989	31	160.0
1606630944.42	160000	59.643562	0.0	2004927	24	160.0
1606630945.45	160000	59.644531	0.0	591360	6	160.0
1606630946.5	160000	59.829325	0.0	2394426	19	160.0
1606630946.81	40000	1.000999	0.02	336477	2	-3.200000000000003
1606630947.08	160000	2.001999	0.0	14912671	110	40.0
1606630947.51	160000	2.624211	0.0	24265636	182	160.0
1606630947.83	160000	3.30386	0.0	22711544	179	160.0
1606630948.11	160000	4.022529	0.0	19639705	156	160.0
1606630948.4	160000	4.736841	0.0	20946809	152	160.0
1606630948.54	160000	5.591713	0.0	11895609	71	160.0
1606630948.65	160000	6.517455	0.0	7597636	46	160.0
1606630949.47	160000	6.83742	0.0	56067905	339	160.0
1606630950.03	160000	7.303788	0.0	45444680	303	160.0
1606630950.74	160000	7.629509	0.0	54798068	392	160.0
1606630951.7	160000	7.723647	0.0	69464107	498	160.0
1606630952.3	160000	8.133094	0.0	50637608	303	160.0
1606630952.59	160000	8.829154	0.0	19559369	175	160.0
1606630952.92	160000	9.5014	0.0	22224402	200	160.0
1606630953.27	160000	10.154262	0.0	22578365	203	160.0
1606630953.38	160000	11.047553	0.0	8346702	52	160.0
1606630953.57	160000	11.853501	0.0	15775481	99	160.0
1606630953.69	160000	12.738669	0.0	9163235	57	160.0
1606630954.18	160000	13.250703	0.0	41307095	260	160.0
1606630954.61	160000	13.824887	0.0	28763893	248	160.0
1606630954.95	160000	14.484243	0.0	21266416	219	160.0
1606630955.35	160000	15.085919	0.0	23702229	243	160.0
1606630957.44	160000	13.998442	0.0	27580394	1926	160.0
1606630957.74	160000	14.691173	0.0	20329780	157	160.0
1606630957.97	160000	15.463672	0.0	16109183	124	160.0
1606630958.77	160000	15.668383	0.0	58830800	445	160.0
1606630959.61	160000	15.911839	0.0	66935122	451	160.0
1606630959.85	160000	16.678752	0.0	15251076	143	160.0
