1606627225.33	40000	1.000999	0.026	334476	16	-4.159999999999997
1606627226.26	160000	1.458046	0.0	14912671	712	40.0
1606627228.68	160000	1.325901	1.259	24265636	2249	-41.44
1606627230.57	160000	1.434886	0.977	22711544	1772	3.680000000000007
1606627232.35	160000	1.300777	0.622	19639705	1671	60.480000000000004
1606627234.23	160000	1.297117	0.851	20946809	1764	23.840000000000003
1606627235.12	160000	1.441552	0.033	11895609	808	154.72
1606627235.88	160000	1.683693	0.0	7597636	709	160.0
1606627236.7	20000	1.867347	0.0	4047415	782	-120.0
1606627237.39	20000	2.176659	0.0	2863079	663	20.0
1606627238.17	20000	2.399086	0.0	4167844	737	20.0
1606627239.39	20000	2.173198	0.0	5571764	1182	20.0
1606627239.76	20000	2.804151	0.0	4925652	334	20.0
1606627241.3	160000	2.271636	0.0	19559369	1415	20.0
1606627242.97	160000	1.599127	0.0	22224402	1540	160.0
1606627244.48	160000	1.441634	0.346	22578365	1394	104.64
1606627245.1	160000	1.815493	0.0	8346702	571	160.0
1606627246.09	160000	1.82528	0.0	15775481	895	160.0
1606627246.65	160000	2.273511	0.0	9163235	493	160.0
1606627249.04	160000	1.129282	0.251	41307095	2110	119.84
1606627253.29	160000	1.267662	3.385	28763893	4097	-381.6
1606627257.38	160000	1.429006	3.253	21266416	3969	-360.48
1606627257.78	20000	2.038259	0.0	3944328	352	-120.0
1606627258.19	20000	2.623197	0.0	4284196	376	20.0
1606627259.86	160000	1.953663	0.0	20329780	1534	20.0
1606627260.75	160000	2.07279	0.0	16109183	779	160.0
1606627263.13	160000	1.426554	0.738	58830800	1957	41.92
1606627266.49	160000	1.426839	2.361	66935122	3058	-217.76
1606627266.88	160000	2.042767	0.0	15251076	285	160.0
1606627267.29	160000	2.626149	0.0	16574034	314	160.0
1606627267.63	160000	3.294937	0.0	13009028	243	160.0
1606627267.94	160000	3.981785	0.0	12791674	238	160.0
1606627268.22	160000	4.708482	0.0	11137898	201	160.0
1606627268.52	160000	5.403814	0.0	11485310	233	160.0
1606627268.92	160000	6.00959	0.0	12428518	325	160.0
1606627269.24	160000	6.688033	0.0	9963766	262	160.0
1606627270.2	160000	6.731692	0.0	12189364	883	160.0
1606627271.37	160000	6.562329	0.0	10142396	1106	160.0
1606627272.93	160000	6.000629	0.0	10185488	1499	160.0
1606627274.95	160000	4.975655	0.0	14061455	1941	160.0
1606627275.2	20000	5.730145	0.0	2536859	205	-120.0
1606627275.63	20000	6.302437	0.0	4742872	390	20.0
1606627276.09	20000	6.845497	0.0	4955535	417	20.0
1606627276.57	160000	7.359684	0.0	7891151	433	20.0
1606627277.21	160000	7.722855	0.0	21012466	521	160.0
1606627277.93	160000	8.009929	0.0	23519424	568	160.0
1606627278.48	160000	8.457336	0.0	18715420	443	160.0
1606627279.02	160000	8.925978	0.0	17000816	431	160.0
1606627279.48	160000	9.463496	0.0	14448126	369	160.0
1606627279.7	160000	10.240623	0.0	6958676	178	160.0
1606627279.99	160000	10.948307	0.0	9088791	232	160.0
1606627280.23	160000	11.716396	0.0	7211881	184	160.0
1606627280.33	160000	12.610647	0.0	3063586	78	160.0
1606627280.43	160000	13.513904	0.0	2782179	71	160.0
1606627280.71	160000	14.235087	0.0	9958410	218	160.0
1606627281.05	160000	14.900003	0.0	12158708	263	160.0
1606627281.39	160000	15.558733	0.0	12300216	266	160.0
1606627281.89	160000	16.057556	0.0	15815684	405	160.0
1606627282.33	160000	16.619984	0.0	13526256	361	160.0
1606627282.71	160000	17.242428	0.0	11995130	302	160.0
1606627283.1	160000	17.84632	0.0	13394791	324	160.0
1606627283.53	160000	18.423654	0.0	14135828	342	160.0
1606627283.93	160000	19.01972	0.0	15366126	315	160.0
1606627284.31	160000	19.644879	0.0	14248439	294	160.0
1606627284.68	160000	20.277368	0.0	13843717	286	160.0
1606627285.08	160000	20.879761	0.0	14665119	303	160.0
1606627285.64	160000	21.319594	0.0	21079187	430	160.0
1606627286.19	160000	21.772285	0.0	25480074	407	160.0
1606627286.69	160000	22.266683	0.0	23021754	366	160.0
1606627287.29	160000	22.673248	0.0	27527834	434	160.0
1606627287.86	160000	23.097671	0.0	26155848	410	160.0
1606627288.25	160000	23.711856	0.0	17849379	279	160.0
1606627288.61	160000	24.354876	0.0	16546531	257	160.0
1606627288.99	160000	24.970342	0.0	17718949	272	160.0
1606627289.36	160000	25.603557	0.0	17337137	267	160.0
1606627289.78	160000	26.184413	0.0	20008245	303	160.0
1606627290.96	160000	26.005695	0.0	58430914	855	160.0
1606627291.28	160000	26.68408	0.0	16292703	214	160.0
1606627291.76	160000	27.208211	0.0	25587422	327	160.0
1606627292.18	160000	27.78569	0.0	23982306	289	160.0
1606627292.43	160000	28.547404	0.0	13347845	161	160.0
1606627292.73	160000	29.240445	0.0	14337991	219	160.0
1606627293.1	160000	29.875951	0.0	14584990	279	160.0
1606627293.45	160000	30.529554	0.0	13962401	267	160.0
1606627293.77	160000	31.207315	0.0	14393788	233	160.0
1606627294.07	160000	31.901596	0.0	14649457	222	160.0
1606627294.35	160000	32.62429	0.0	13409715	202	160.0
1606627294.64	160000	33.337611	0.0	13909605	209	160.0
1606627294.87	160000	34.114514	0.0	13301968	146	160.0
1606627295.19	160000	34.794232	0.0	19025846	209	160.0
1606627295.51	160000	35.475587	0.0	19295426	212	160.0
1606627295.79	160000	36.192085	0.0	18261873	174	160.0
1606627296.09	160000	36.892287	0.0	19847604	186	160.0
1606627296.37	160000	37.612245	0.0	18767181	176	160.0
1606627296.72	160000	38.26977	0.0	22420858	211	160.0
1606627297.02	160000	38.965069	0.0	19324333	187	160.0
1606627297.34	160000	39.649556	0.0	20392234	196	160.0
1606627297.47	160000	40.516654	0.0	7671072	74	160.0
1606627297.75	160000	41.240072	0.0	17781906	176	160.0
1606627297.95	160000	42.035242	0.0	12839336	130	160.0
1606627298.13	160000	42.862002	0.0	10779770	109	160.0
1606627298.36	160000	43.634176	0.0	14606687	147	160.0
1606627299.03	160000	43.958979	0.0	41866951	421	160.0
1606627299.64	160000	44.350553	0.0	37238410	375	160.0
1606627299.89	160000	45.107592	0.0	14347759	159	160.0
1606627300.09	160000	45.910657	0.0	11399187	126	160.0
1606627300.27	160000	46.728065	0.0	10358641	114	160.0
1606627300.51	160000	47.489337	0.0	14315696	158	160.0
1606627300.86	160000	48.139471	0.0	23283631	216	160.0
1606627301.43	160000	48.572074	0.0	37521367	328	160.0
1606627301.75	160000	49.249089	0.0	22241104	193	160.0
1606627302.0	160000	50.002428	0.0	15813346	133	160.0
1606627302.25	160000	50.74811	0.0	17116450	149	160.0
1606627302.53	160000	51.478278	0.0	18867054	158	160.0
1606627302.79	160000	52.213869	0.0	17393609	157	160.0
1606627303.17	160000	52.833275	0.0	24759401	231	160.0
1606627303.56	160000	53.447838	0.0	25782433	244	160.0
1606627303.95	160000	54.054356	0.0	25885372	235	160.0
1606627304.34	160000	54.672633	0.0	26242011	238	160.0
1606627304.71	160000	55.302885	0.0	23865378	215	160.0
1606627305.1	160000	55.907411	0.0	25470681	247	160.0
1606627305.54	160000	56.471343	0.0	27258768	260	160.0
1606627305.99	160000	57.018335	0.0	17853711	354	160.0
1606627306.46	160000	57.553645	0.0	14829893	379	160.0
1606627308.37	160000	56.648597	0.0	27779697	1744	160.0
1606627310.01	160000	56.00639	0.0	27714923	1486	160.0
1606627311.3	160000	55.725761	0.0	25946474	1127	160.0
1606627311.89	160000	56.129708	0.0	19596259	471	160.0
1606627312.45	160000	56.572215	0.0	23774167	424	160.0
1606627312.91	160000	57.111718	0.0	19373656	348	160.0
1606627313.5	160000	57.52099	0.0	23977420	446	160.0
1606627314.11	160000	57.914675	0.0	24493733	434	160.0
1606627314.45	160000	58.574407	0.0	14528511	251	160.0
1606627315.09	160000	58.937852	0.0	16841176	514	160.0
1606627318.13	160000	56.893879	0.0	16743604	2918	160.0
1606627319.69	160000	56.337071	0.0	17975224	1445	160.0
1606627320.93	160000	56.096529	0.0	22329548	1095	160.0
1606627321.26	160000	56.771575	0.0	16001583	221	160.0
1606627321.62	160000	57.413453	0.0	18238584	237	160.0
1606627322.0	160000	58.032855	0.0	21308824	240	160.0
1606627322.3	160000	58.735795	0.0	17749058	182	160.0
1606627322.55	160000	59.481561	0.0	14127787	166	160.0
1606627323.35	160000	59.903893	0.0	17525699	187	160.0
1606627324.57	160000	59.654857	0.0	14240042	127	160.0
1606627325.35	160000	59.905783	0.0	20324139	153	160.0
1606627326.16	160000	59.906809	0.0	21993033	167	160.0
1606627327.4	160000	59.65785	0.0	18863108	119	160.0
1606627328.62	160000	59.658898	0.0	15964734	111	160.0
1606627329.22	160000	59.909889	0.0	8284939	46	160.0
1606627330.35	160000	59.910852	0.0	9004706	51	160.0
1606627331.44	160000	59.661925	0.0	6955279	42	160.0
1606627332.58	160000	59.662868	0.0	10701639	65	160.0
1606627333.25	160000	59.913867	0.0	9459459	100	160.0
1606627334.3	160000	59.914937	0.0	3212828	17	160.0
1606627335.36	160000	59.915865	0.0	2509989	13	160.0
1606627336.4	160000	59.666884	0.0	2004927	13	160.0
1606627337.43	160000	59.667885	0.0	591360	6	160.0
1606627338.97	160000	59.602646	0.0	2394426	15	160.0
1606627339.3	40000	1.000999	0.029	336477	2	-4.640000000000001
1606627339.52	160000	2.001999	0.0	14912671	76	40.0
1606627339.9	160000	2.728611	0.0	24265636	122	160.0
1606627340.16	160000	3.469053	0.0	22711544	114	160.0
1606627340.38	160000	4.246459	0.0	19639705	99	160.0
1606627340.61	160000	5.014762	0.0	20946809	106	160.0
1606627340.75	160000	5.880711	0.0	11895609	59	160.0
1606627340.84	160000	6.791388	0.0	7597636	39	160.0
1606627341.71	160000	6.983818	0.0	56067905	393	160.0
1606627342.4	160000	7.36013	0.0	45444680	426	160.0
1606627343.28	160000	7.509968	0.0	54798068	581	160.0
1606627344.33	160000	7.50994	0.0	69464107	600	160.0
1606627344.99	160000	7.856806	0.0	50637608	365	160.0
1606627345.26	160000	8.58069	0.0	19559369	165	160.0
1606627345.59	160000	9.258442	0.0	22224402	187	160.0
1606627345.9	160000	9.940405	0.0	22578365	190	160.0
1606627346.03	160000	10.815797	0.0	8346702	68	160.0
1606627346.26	160000	11.591843	0.0	15775481	129	160.0
1606627346.4	160000	12.457898	0.0	9163235	75	160.0
1606627346.95	160000	12.894744	0.0	41307095	338	160.0
1606627347.32	160000	13.526226	0.0	28763893	195	160.0
1606627347.6	160000	14.262905	0.0	21266416	145	160.0
1606627347.92	160000	14.927242	0.0	23702229	165	160.0
1606627348.28	160000	15.577104	0.0	27580394	186	160.0
1606627348.54	160000	16.311644	0.0	20329780	133	160.0
1606627348.75	160000	17.108349	0.0	16109183	107	160.0
1606627349.7	160000	17.157701	0.0	58830800	616	160.0
1606627352.54	160000	15.349794	0.0	66935122	2469	160.0
1606627352.81	160000	16.078915	0.0	15251076	173	160.0
