1606626984.93	40000	1.000999	0.025	334476	14	-4.0
1606626985.83	160000	1.475338	0.0	14912671	665	40.0
1606626987.48	160000	1.346638	0.501	24265636	1482	79.84
1606626989.2	160000	1.431039	0.779	22711544	1596	35.36
1606626990.17	160000	1.489668	0.0	19639705	854	160.0
1606626990.87	160000	1.852484	0.0	20946809	568	160.0
1606626991.2	160000	2.5194	0.0	11895609	251	160.0
1606626991.41	160000	3.307315	0.0	7597636	157	160.0
1606626992.86	160000	2.866072	0.0	56067905	994	160.0
1606626994.11	160000	2.616776	0.0	45444680	1000	160.0
1606626995.44	160000	2.284031	0.0	54798068	1029	160.0
1606626996.9	160000	1.821842	0.0	69464107	1007	160.0
1606626997.81	160000	1.915935	0.0	50637608	617	160.0
1606626998.42	160000	2.346285	0.0	19559369	483	160.0
1606627002.28	160000	1.394221	1.908	22224402	3744	-145.27999999999997
1606627002.53	20000	2.141432	0.0	2211169	223	-120.0
1606627002.58	20000	3.090397	0.0	382046	38	20.0
1606627002.71	20000	3.963088	0.0	1113969	112	20.0
1606627002.81	20000	4.8646	0.0	820127	83	20.0
1606627003.5	20000	5.181937	0.0	6357933	639	20.0
1606627003.99	20000	5.687344	0.0	4814284	452	20.0
1606627005.74	160000	4.942028	0.0	21266416	1619	20.0
1606627007.81	160000	3.865617	0.0	23702229	1938	160.0
1606627008.4	160000	4.285323	0.0	27580394	429	160.0
1606627008.82	160000	4.858955	0.0	20329780	294	160.0
1606627009.05	160000	5.631389	0.0	16109183	132	160.0
1606627009.78	160000	5.902061	0.0	58830800	400	160.0
1606627010.65	160000	6.039778	0.0	66935122	509	160.0
1606627010.86	160000	6.834562	0.0	15251076	108	160.0
1606627011.12	160000	7.567647	0.0	16574034	150	160.0
1606627011.31	160000	8.374698	0.0	13009028	115	160.0
1606627011.51	160000	9.182746	0.0	12791674	111	160.0
1606627011.68	160000	10.013926	0.0	11137898	99	160.0
1606627011.85	160000	10.841159	0.0	11485310	102	160.0
1606627012.95	160000	10.74381	0.0	12428518	1021	160.0
1606627014.56	160000	10.134737	0.0	9963766	1539	160.0
1606627014.72	20000	10.977994	0.0	1894067	130	-120.0
1606627014.81	20000	11.8808	0.0	1186604	81	20.0
1606627014.91	20000	12.789622	0.0	1068386	73	20.0
1606627014.96	20000	13.739752	0.0	1700843	28	20.0
1606627015.42	160000	14.2748	0.0	20074099	343	20.0
1606627016.34	160000	14.370199	0.0	46115254	634	160.0
1606627016.95	160000	14.745949	0.0	40906522	369	160.0
1606627017.07	160000	15.62637	0.0	7891151	66	160.0
1606627017.38	160000	16.319368	0.0	21012466	176	160.0
1606627017.72	160000	16.981725	0.0	23519424	201	160.0
1606627017.99	160000	17.716001	0.0	18715420	157	160.0
1606627018.23	160000	18.47552	0.0	17000816	138	160.0
1606627018.44	160000	19.26945	0.0	14448126	118	160.0
1606627018.55	160000	20.160448	0.0	6958676	56	160.0
1606627018.68	160000	21.029431	0.0	9088791	74	160.0
1606627018.78	160000	21.923551	0.0	7211881	59	160.0
1606627018.84	160000	22.872029	0.0	3063586	24	160.0
1606627018.89	160000	23.824227	0.0	2782179	22	160.0
1606627019.02	160000	24.692778	0.0	9958410	70	160.0
1606627019.17	160000	25.544151	0.0	12158708	76	160.0
1606627019.32	160000	26.392202	0.0	12300216	76	160.0
1606627019.51	160000	27.199525	0.0	15815684	97	160.0
1606627019.68	160000	28.036097	0.0	13526256	83	160.0
1606627019.83	160000	28.887451	0.0	11995130	75	160.0
1606627019.99	160000	29.724811	0.0	13394791	83	160.0
1606627020.18	160000	30.538458	0.0	14135828	95	160.0
1606627020.38	160000	31.342775	0.0	15366126	110	160.0
1606627020.56	160000	32.159108	0.0	14248439	101	160.0
1606627020.74	160000	32.982489	0.0	13843717	99	160.0
1606627020.93	160000	33.788565	0.0	14665119	104	160.0
1606627021.24	160000	34.47986	0.0	21079187	188	160.0
1606627021.62	160000	35.100537	0.0	25480074	240	160.0
1606627021.97	160000	35.756413	0.0	23021754	202	160.0
1606627022.49	160000	36.241511	0.0	27527834	357	160.0
1606627022.99	160000	36.73847	0.0	26155848	340	160.0
1606627026.11	160000	34.614525	0.0	17849379	3004	160.0
1606627027.67	160000	34.058543	0.0	16546531	1455	160.0
1606627027.87	20000	34.861776	0.0	1863424	168	-120.0
1606627028.06	20000	35.671057	0.0	1987392	162	20.0
1606627028.26	20000	36.475034	0.0	2505586	169	20.0
1606627031.71	160000	34.027821	0.0	58430914	3141	20.0
1606627032.08	160000	34.652972	0.0	16292703	275	160.0
1606627032.56	160000	35.172614	0.0	25587422	342	160.0
1606627033.02	160000	35.715785	0.0	23982306	323	160.0
1606627033.29	160000	36.444246	0.0	13347845	190	160.0
1606627033.59	160000	37.151913	0.0	14337991	206	160.0
1606627033.89	160000	37.851671	0.0	14584990	213	160.0
1606627034.17	160000	38.569519	0.0	13962401	193	160.0
1606627034.45	160000	39.29317	0.0	14393788	186	160.0
1606627034.72	160000	40.01909	0.0	14649457	189	160.0
1606627034.98	160000	40.764081	0.0	13409715	175	160.0
1606627035.27	160000	41.471036	0.0	13909605	207	160.0
1606627035.56	160000	42.180852	0.0	13301968	207	160.0
1606627035.99	160000	42.759595	0.0	19025846	297	160.0
1606627036.36	160000	43.39159	0.0	19295426	253	160.0
1606627036.7	160000	44.046563	0.0	18261873	231	160.0
1606627037.08	160000	44.670179	0.0	19847604	251	160.0
1606627037.39	160000	45.356124	0.0	18767181	202	160.0
1606627037.76	160000	45.990339	0.0	22420858	240	160.0
1606627038.09	160000	46.665946	0.0	19324333	209	160.0
1606627040.14	160000	45.612841	0.0	20392234	1935	160.0
1606627040.73	160000	46.022296	0.0	7671072	539	160.0
1606627042.16	160000	45.598438	0.0	17781906	1323	160.0
1606627043.12	160000	45.634337	0.0	12839336	886	160.0
1606627043.78	160000	45.977604	0.0	10779770	593	160.0
1606627044.41	160000	46.352894	0.0	14606687	542	160.0
1606627046.03	160000	45.727598	0.0	41866951	1363	160.0
1606627046.98	160000	45.78042	0.0	37238410	703	160.0
1606627047.32	160000	46.441938	0.0	14347759	248	160.0
1606627047.59	160000	47.172776	0.0	11399187	194	160.0
1606627047.84	160000	47.92243	0.0	10358641	177	160.0
1606627048.18	160000	48.589277	0.0	14315696	244	160.0
1606627048.71	160000	49.056345	0.0	23283631	393	160.0
1606627049.6	160000	49.162194	0.0	37521367	674	160.0
1606627050.18	160000	49.592459	0.0	22241104	426	160.0
1606627050.6	160000	50.163536	0.0	15813346	320	160.0
1606627051.06	160000	50.711758	0.0	17116450	347	160.0
1606627051.56	160000	51.211805	0.0	18867054	382	160.0
1606627052.02	160000	51.75458	0.0	17393609	353	160.0
1606627052.62	160000	52.153103	0.0	24759401	458	160.0
1606627053.24	160000	52.531999	0.0	25782433	468	160.0
1606627053.89	160000	52.888154	0.0	25885372	472	160.0
1606627054.54	160000	53.244092	0.0	26242011	491	160.0
1606627055.15	160000	53.630495	0.0	23865378	454	160.0
1606627056.9	160000	52.883199	0.0	25470681	1581	160.0
1606627058.35	160000	52.432201	0.0	27258768	1267	160.0
1606627059.64	160000	52.141971	0.0	17853711	1184	160.0
1606627060.39	160000	52.390881	0.0	14829893	663	160.0
1606627061.05	160000	52.736459	0.0	27779697	471	160.0
1606627062.49	160000	52.291715	0.0	27714923	1286	160.0
1606627063.75	160000	52.033745	0.0	25946474	1094	160.0
1606627065.27	160000	51.513389	0.0	19596259	1397	160.0
1606627067.22	160000	50.563697	0.0	23774167	1809	160.0
1606627068.86	160000	49.927641	0.0	19373656	1519	160.0
1606627070.96	160000	48.830638	0.0	23977420	1952	160.0
1606627073.22	160000	47.569808	0.0	24493733	2116	160.0
1606627074.59	160000	47.201619	0.0	14528511	1285	160.0
1606627076.55	160000	46.243415	0.0	16841176	1857	160.0
1606627077.74	160000	46.053731	0.0	16743604	1081	160.0
1606627078.54	160000	46.256219	0.0	17975224	682	160.0
1606627078.94	160000	46.854551	0.0	22329548	274	160.0
1606627079.23	160000	47.573742	0.0	16001583	182	160.0
1606627079.55	160000	48.245102	0.0	18238584	205	160.0
1606627079.91	160000	48.882208	0.0	21308824	235	160.0
1606627080.22	160000	49.57968	0.0	17749058	195	160.0
1606627080.46	160000	50.343066	0.0	14127787	154	160.0
1606627080.75	160000	51.051003	0.0	17525699	184	160.0
1606627080.98	160000	51.816585	0.0	14240042	151	160.0
1606627081.32	160000	52.485048	0.0	20324139	215	160.0
1606627081.68	160000	53.122814	0.0	21993033	236	160.0
1606627082.0	160000	53.803068	0.0	18863108	202	160.0
1606627082.27	160000	54.532679	0.0	15964734	171	160.0
1606627082.42	160000	55.384885	0.0	8284939	93	160.0
1606627082.58	160000	56.230648	0.0	9004706	95	160.0
1606627082.7	160000	57.10901	0.0	6955279	74	160.0
1606627082.88	160000	57.930014	0.0	10701639	114	160.0
1606627083.04	160000	58.771444	0.0	9459459	101	160.0
1606627083.11	160000	59.707538	0.0	3212828	34	160.0
1606627084.17	160000	59.692664	0.0	2509989	27	160.0
1606627085.21	160000	59.693651	0.0	2004927	22	160.0
1606627086.24	160000	59.694661	0.0	591360	7	160.0
1606627087.8	160000	59.629448	0.0	2394426	27	160.0
1606627088.17	40000	1.000999	0.041	336477	3	-6.560000000000002
1606627088.51	160000	1.960416	0.0	14912671	180	40.0
1606627088.98	160000	2.488346	0.0	24265636	253	160.0
1606627089.36	160000	3.117353	0.0	22711544	236	160.0
1606627089.73	160000	3.743694	0.0	19639705	251	160.0
1606627090.16	160000	4.386774	0.0	20946809	282	160.0
1606627090.39	160000	5.151347	0.0	11895609	160	160.0
1606627090.55	160000	5.997457	0.0	7597636	107	160.0
1606627091.8	160000	5.838527	0.0	56067905	794	160.0
1606627092.57	160000	6.091628	0.0	45444680	538	160.0
1606627093.56	160000	6.130609	0.0	54798068	707	160.0
1606627094.72	160000	5.974246	0.0	69464107	709	160.0
1606627098.32	160000	3.372305	0.0	50637608	3312	160.0
1606627098.8	160000	3.896985	0.0	19559369	364	160.0
1606627099.26	160000	4.434395	0.0	22224402	326	160.0
1606627099.73	160000	4.971024	0.0	22578365	325	160.0
1606627099.91	160000	5.791722	0.0	8346702	116	160.0
1606627100.23	160000	6.467873	0.0	15775481	227	160.0
1606627100.43	160000	7.303763	0.0	9163235	130	160.0
1606627101.37	160000	7.387627	0.0	41307095	715	160.0
1606627102.28	160000	7.481606	0.0	28763893	730	160.0
1606627103.3	160000	7.462269	0.0	21266416	898	160.0
1606627104.85	160000	6.911634	0.0	23702229	1397	160.0
1606627108.91	160000	3.84848	0.0	27580394	3896	160.0
1606627109.37	20000	4.389876	0.0	3022025	419	-120.0
1606627109.63	20000	5.128841	0.0	2248581	236	20.0
1606627110.45	20000	5.318768	0.0	9946363	749	20.0
1606627111.35	20000	5.414234	0.0	11684632	832	20.0
1606627111.84	160000	5.931952	0.0	15251076	389	20.0
