1606628187.01	40000	1.000999	0.035	334476	24	-5.600000000000001
1606628188.38	160000	1.418087	0.422	14912671	1158	-27.519999999999996
1606628190.67	160000	1.326294	1.166	24265636	2112	-26.560000000000002
1606628192.73	160000	1.410754	1.126	22711544	1948	-20.159999999999997
1606628194.39	160000	1.307272	0.526	19639705	1547	75.84
1606628196.07	160000	1.268808	0.623	20946809	1572	60.31999999999999
1606628196.98	160000	1.429796	0.063	11895609	832	149.92
1606628197.27	160000	2.140473	0.0	7597636	230	160.0
1606628199.09	160000	1.31611	0.0	56067905	1391	160.0
1606628202.94	160000	1.495766	3.026	45444680	3643	-324.16
1606628203.35	20000	2.087285	0.0	4167844	370	-120.0
1606628203.89	20000	2.549303	0.0	5571764	494	20.0
1606628204.39	20000	3.051397	0.0	4925652	460	20.0
1606628204.6	20000	3.839158	0.0	2030157	189	20.0
1606628204.83	20000	4.607106	0.0	2240782	209	20.0
1606628205.02	20000	5.420174	0.0	2211169	164	20.0
1606628205.68	160000	5.761206	0.0	8346702	600	20.0
1606628206.92	160000	5.522651	0.0	15775481	1135	160.0
1606628207.71	160000	5.735645	0.0	9163235	728	160.0
1606628210.91	160000	3.54032	0.0	41307095	2964	160.0
1606628211.94	160000	3.505256	0.0	28763893	871	160.0
1606628212.68	160000	3.768205	0.0	21266416	606	160.0
1606628213.47	160000	3.975384	0.0	23702229	653	160.0
1606628214.75	160000	3.699641	0.0	27580394	1119	160.0
1606628216.44	160000	3.015382	0.0	20329780	1563	160.0
1606628217.74	160000	2.712294	0.0	16109183	1203	160.0
1606628218.61	20000	2.845346	0.0	9946363	798	-120.0
1606628219.66	20000	2.790606	0.0	11684632	981	20.0
1606628221.12	160000	2.338318	0.0	15251076	1359	20.0
1606628223.38	160000	1.291892	0.216	16574034	2171	125.44
1606628225.64	160000	1.259469	1.223	13009028	2184	-35.68000000000001
1606628228.11	160000	1.481052	1.696	12791674	2411	-111.36000000000001
1606628229.36	160000	1.427914	0.199	11137898	1196	128.16
1606628230.64	160000	1.377802	0.224	11485310	1216	124.16
1606628231.71	160000	1.340191	0.028	12428518	989	155.52
1606628232.53	160000	1.51894	0.0	9963766	754	160.0
1606628233.51	160000	1.540811	0.0	12189364	906	160.0
1606628234.27	160000	1.774623	0.0	10142396	693	160.0
1606628235.05	160000	1.996086	0.0	10185488	715	160.0
1606628236.49	160000	1.560546	0.0	14061455	1354	160.0
1606628239.45	160000	1.371068	1.771	20074099	2858	-123.36000000000001
1606628240.15	20000	1.669881	0.0	4742872	661	-120.0
1606628240.69	20000	2.139105	0.0	4955535	491	20.0
1606628241.4	160000	2.42792	0.0	7891151	656	20.0
1606628243.23	160000	1.594676	0.0	21012466	1704	160.0
1606628244.42	160000	1.444541	0.04	23519424	1061	153.6
1606628245.15	160000	1.716279	0.0	18715420	614	160.0
1606628245.83	160000	2.044998	0.0	17000816	565	160.0
1606628246.37	160000	2.503066	0.0	14448126	461	160.0
1606628246.63	160000	3.242147	0.0	6958676	210	160.0
1606628246.97	160000	3.902047	0.0	9088791	283	160.0
1606628247.23	160000	4.645806	0.0	7211881	211	160.0
1606628247.34	160000	5.53209	0.0	3063586	85	160.0
1606628247.45	160000	6.429656	0.0	2782179	77	160.0
1606628247.78	160000	7.092974	0.0	9958410	278	160.0
1606628248.2	160000	7.681676	0.0	12158708	338	160.0
1606628248.57	160000	8.313876	0.0	12300216	296	160.0
1606628249.05	160000	8.835255	0.0	15815684	383	160.0
1606628249.42	160000	9.459628	0.0	13526256	292	160.0
1606628249.74	160000	10.140571	0.0	11995130	251	160.0
1606628250.1	160000	10.783871	0.0	13394791	280	160.0
1606628250.45	160000	11.441243	0.0	14135828	259	160.0
1606628250.8	160000	12.084483	0.0	15366126	272	160.0
1606628251.15	160000	12.738824	0.0	14248439	257	160.0
1606628251.44	160000	13.451947	0.0	13843717	208	160.0
1606628251.74	160000	14.148286	0.0	14665119	219	160.0
1606628252.19	160000	14.700498	0.0	21079187	317	160.0
1606628252.65	160000	15.237877	0.0	25480074	326	160.0
1606628253.08	160000	15.81469	0.0	23021754	294	160.0
1606628253.58	160000	16.315393	0.0	27527834	345	160.0
1606628254.06	160000	16.835686	0.0	26155848	336	160.0
1606628254.38	160000	17.513476	0.0	17849379	221	160.0
1606628254.69	160000	18.205946	0.0	16546531	199	160.0
1606628255.01	160000	18.882512	0.0	17718949	212	160.0
1606628255.31	160000	19.589535	0.0	17337137	187	160.0
1606628255.57	160000	20.326621	0.0	20008245	148	160.0
1606628256.39	160000	20.515335	0.0	58430914	432	160.0
1606628256.59	160000	21.308903	0.0	16292703	98	160.0
1606628256.9	160000	22.007549	0.0	25587422	154	160.0
1606628257.18	160000	22.724472	0.0	23982306	144	160.0
1606628257.36	160000	23.546511	0.0	13347845	78	160.0
1606628257.53	160000	24.376968	0.0	14337991	85	160.0
1606628257.7	160000	25.205083	0.0	14584990	87	160.0
1606628257.88	160000	26.028694	0.0	13962401	99	160.0
1606628258.05	160000	26.859766	0.0	14393788	86	160.0
1606628258.22	160000	27.691057	0.0	14649457	88	160.0
1606628258.37	160000	28.537318	0.0	13409715	76	160.0
1606628258.54	160000	29.375978	0.0	13909605	79	160.0
1606628258.7	160000	30.219691	0.0	13301968	76	160.0
1606628258.93	160000	30.987461	0.0	19025846	108	160.0
1606628259.15	160000	31.763228	0.0	19295426	109	160.0
1606628260.13	160000	31.790077	0.0	18261873	868	160.0
1606628261.36	160000	31.557844	0.0	19847604	1106	160.0
1606628261.4	20000	32.517541	0.0	1842874	13	-120.0
1606628261.68	160000	33.2376	0.0	22420858	153	20.0
1606628261.93	160000	33.991752	0.0	19324333	134	160.0
1606628262.19	160000	34.733314	0.0	20392234	140	160.0
1606628262.28	160000	35.637092	0.0	7671072	45	160.0
1606628262.48	160000	36.442434	0.0	17781906	93	160.0
1606628262.62	160000	37.301919	0.0	12839336	67	160.0
1606628262.74	160000	38.182232	0.0	10779770	56	160.0
1606628262.9	160000	39.023745	0.0	14606687	76	160.0
1606628263.36	160000	39.569871	0.0	41866951	220	160.0
1606628263.76	160000	40.16881	0.0	37238410	198	160.0
1606628263.92	160000	41.00982	0.0	14347759	76	160.0
1606628264.05	160000	41.879913	0.0	11399187	60	160.0
1606628264.18	160000	42.754576	0.0	10358641	55	160.0
1606628264.34	160000	43.588213	0.0	14315696	84	160.0
1606628264.63	160000	44.300005	0.0	23283631	159	160.0
1606628265.1	160000	44.832555	0.0	37521367	253	160.0
1606628265.39	160000	45.544329	0.0	22241104	144	160.0
1606628265.58	160000	46.355925	0.0	15813346	85	160.0
1606628265.78	160000	47.160697	0.0	17116450	91	160.0
1606628265.98	160000	47.953013	0.0	18867054	100	160.0
1606628266.18	160000	48.759018	0.0	17393609	93	160.0
1606628266.46	160000	49.483413	0.0	24759401	129	160.0
1606628266.76	160000	50.183023	0.0	25782433	150	160.0
1606628267.06	160000	50.888131	0.0	25885372	132	160.0
1606628267.35	160000	51.59443	0.0	26242011	134	160.0
1606628267.63	160000	52.315174	0.0	23865378	124	160.0
1606628267.9	160000	53.03985	0.0	25470681	132	160.0
1606628268.21	160000	53.733845	0.0	27258768	141	160.0
1606628268.4	160000	54.542675	0.0	17853711	89	160.0
1606628268.57	160000	55.379957	0.0	14829893	72	160.0
1606628268.86	160000	56.086456	0.0	27779697	136	160.0
1606628269.15	160000	56.79514	0.0	27714923	136	160.0
1606628269.46	160000	57.491741	0.0	25946474	145	160.0
1606628269.73	160000	58.221111	0.0	19596259	149	160.0
1606628270.04	160000	58.909344	0.0	23774167	181	160.0
1606628270.32	160000	59.637325	0.0	19373656	148	160.0
1606628271.59	160000	59.539803	0.0	23977420	140	160.0
1606628272.35	160000	59.790792	0.0	24493733	120	160.0
1606628273.53	160000	59.541707	0.0	14528511	93	160.0
1606628274.26	160000	59.792768	0.0	16841176	132	160.0
1606628275.47	160000	59.543712	0.0	16743604	96	160.0
1606628276.24	160000	59.794784	0.0	17975224	161	160.0
1606628277.57	160000	59.545779	0.0	22329548	190	160.0
1606628278.3	160000	59.796807	0.0	16001583	132	160.0
1606628279.23	160000	59.797781	0.0	18238584	314	160.0
1606628280.21	160000	59.798795	0.0	21308824	353	160.0
1606628281.72	160000	59.240125	0.0	17749058	1408	160.0
1606628285.5	160000	56.462255	0.0	14127787	3690	160.0
1606628285.66	20000	57.307848	0.0	1939246	129	-120.0
1606628286.76	160000	57.211512	0.0	14240042	1011	20.0
1606628288.35	160000	56.615635	0.0	20324139	1476	160.0
1606628290.26	160000	55.710028	0.0	21993033	1778	160.0
1606628290.74	160000	56.22853	0.0	18863108	368	160.0
1606628291.07	160000	56.901844	0.0	15964734	223	160.0
1606628291.24	160000	57.732568	0.0	8284939	115	160.0
1606628291.43	160000	58.538825	0.0	9004706	125	160.0
1606628291.56	160000	59.418089	0.0	6955279	71	160.0
1606628292.24	160000	59.81077	0.0	10701639	110	160.0
1606628293.39	160000	59.811829	0.0	9459459	98	160.0
1606628294.45	160000	59.562848	0.0	3212828	28	160.0
1606628295.5	160000	59.563825	0.0	2509989	18	160.0
1606628296.54	160000	59.564792	0.0	2004927	17	160.0
1606628297.57	160000	59.56578	0.0	591360	3	160.0
1606628299.11	160000	59.50057	0.0	2394426	18	160.0
1606628299.4	40000	1.000999	0.021	336477	2	-3.3599999999999994
1606628299.65	160000	2.001999	0.0	14912671	92	40.0
1606628300.03	160000	2.707165	0.0	24265636	148	160.0
1606628300.31	160000	3.428185	0.0	22711544	137	160.0
1606628300.55	160000	4.193252	0.0	19639705	119	160.0
1606628300.86	160000	4.886912	0.0	20946809	176	160.0
1606628301.03	160000	5.711338	0.0	11895609	100	160.0
1606628301.14	160000	6.601735	0.0	7597636	64	160.0
1606628302.05	160000	6.877774	0.0	56067905	441	160.0
1606628302.61	160000	7.354105	0.0	45444680	306	160.0
1606628303.2	160000	7.804121	0.0	54798068	295	160.0
1606628304.05	160000	7.991615	0.0	69464107	381	160.0
1606628304.62	160000	8.458696	0.0	50637608	296	160.0
1606628304.84	160000	9.239444	0.0	19559369	106	160.0
1606628305.1	160000	9.98498	0.0	22224402	120	160.0
1606628305.35	160000	10.7345	0.0	22578365	123	160.0
1606628305.45	160000	11.63186	0.0	8346702	46	160.0
1606628305.63	160000	12.453859	0.0	15775481	85	160.0
1606628305.74	160000	13.34494	0.0	9163235	48	160.0
1606628306.19	160000	13.898096	0.0	41307095	228	160.0
1606628306.52	160000	14.568534	0.0	28763893	155	160.0
1606628306.79	160000	15.300916	0.0	21266416	143	160.0
1606628307.1	160000	15.993361	0.0	23702229	159	160.0
1606628307.44	160000	16.64967	0.0	27580394	185	160.0
1606628307.69	160000	17.398279	0.0	20329780	123	160.0
1606628307.89	160000	18.200749	0.0	16109183	91	160.0
1606628308.59	160000	18.504453	0.0	58830800	335	160.0
1606628309.44	160000	18.652838	0.0	66935122	461	160.0
1606628309.64	160000	19.454674	0.0	15251076	109	160.0
