1606621448.71	40000	1.000999	0.018	334476	6	-2.8800000000000026
1606621449.23	160000	1.837234	0.0	14912671	294	40.0
1606621451.34	160000	1.401955	0.549	24265636	1929	72.16
1606621452.64	160000	1.415008	0.37	22711544	1178	100.8
1606621452.96	160000	2.094502	0.0	19639705	207	160.0
1606621453.32	160000	2.79513	0.0	20946809	223	160.0
1606621453.52	160000	3.597427	0.0	11895609	121	160.0
1606621453.62	160000	4.49869	0.0	7597636	48	160.0
1606621454.45	160000	4.745821	0.0	56067905	350	160.0
1606621454.98	160000	5.216741	0.0	45444680	279	160.0
1606621455.63	160000	5.570261	0.0	54798068	334	160.0
1606621458.85	160000	3.353698	0.0	69464107	2753	160.0
1606621463.09	160000	1.339022	1.264	50637608	4016	-42.24000000000001
1606621463.27	20000	2.16649	0.0	2030157	144	-120.0
1606621463.45	20000	2.980904	0.0	2240782	161	20.0
1606621463.66	20000	3.779579	0.0	2211169	178	20.0
1606621463.7	20000	4.732954	0.0	382046	29	20.0
1606621463.82	20000	5.621457	0.0	1113969	92	20.0
1606621463.9	20000	6.538104	0.0	820127	67	20.0
1606621464.48	20000	6.962368	0.0	6357933	531	20.0
1606621466.72	160000	5.718315	0.0	28763893	2057	20.0
1606621467.47	160000	5.96764	0.0	21266416	624	160.0
1606621468.42	160000	6.027446	0.0	23702229	786	160.0
1606621469.22	160000	6.224685	0.0	27580394	636	160.0
1606621469.78	160000	6.671513	0.0	20329780	430	160.0
1606621470.2	160000	7.246799	0.0	16109183	320	160.0
1606621471.7	160000	6.744073	0.0	58830800	1154	160.0
1606621478.27	160000	1.322008	0.15	66935122	6184	136.0
1606621478.99	160000	1.6007	0.0	15251076	631	160.0
1606621479.84	160000	1.751313	0.0	16574034	745	160.0
1606621480.39	160000	2.198793	0.0	13009028	471	160.0
1606621481.09	160000	2.508339	0.0	12791674	612	160.0
1606621481.77	160000	2.827569	0.0	11137898	613	160.0
1606621482.31	160000	3.282101	0.0	11485310	475	160.0
1606621482.89	160000	3.716803	0.0	12428518	489	160.0
1606621483.31	160000	4.284485	0.0	9963766	362	160.0
1606621483.8	160000	4.800758	0.0	12189364	412	160.0
1606621484.14	160000	5.460688	0.0	10142396	277	160.0
1606621484.48	160000	6.121142	0.0	10185488	277	160.0
1606621485.02	160000	6.580017	0.0	14061455	452	160.0
1606621485.83	160000	6.768519	0.0	20074099	690	160.0
1606621487.46	160000	6.14175	0.0	46115254	1357	160.0
1606621492.52	160000	2.087949	0.0	40906522	4809	160.0
1606621493.28	160000	2.321128	0.0	7891151	711	160.0
1606621495.01	160000	1.602995	0.0	21012466	1596	160.0
1606621497.03	160000	1.278728	0.698	23519424	1895	48.31999999999999
1606621498.51	160000	1.478076	0.677	18715420	1383	51.68000000000001
1606621499.86	160000	1.376244	0.25	17000816	1258	120.0
1606621500.98	160000	1.40806	0.151	14448126	1045	135.84
1606621501.55	160000	1.843778	0.0	6958676	515	160.0
1606621502.23	160000	2.157432	0.0	9088791	628	160.0
1606621502.77	160000	2.620196	0.0	7211881	486	160.0
1606621503.07	160000	3.323788	0.0	3063586	268	160.0
1606621503.34	160000	4.053664	0.0	2782179	244	160.0
1606621504.22	160000	4.183421	0.0	9958410	808	160.0
1606621505.2	160000	4.195804	0.0	12158708	905	160.0
1606621506.23	160000	4.168077	0.0	12300216	951	160.0
1606621507.54	160000	3.854937	0.0	15815684	1216	160.0
1606621508.77	160000	3.634338	0.0	13526256	1140	160.0
1606621509.78	160000	3.621038	0.0	11995130	939	160.0
1606621510.81	160000	3.592748	0.0	13394791	949	160.0
1606621512.0	160000	3.396799	0.0	14135828	1114	160.0
1606621513.14	160000	3.259505	0.0	15366126	1051	160.0
1606621514.26	160000	3.148163	0.0	14248439	1027	160.0
1606621515.45	160000	2.958857	0.0	13843717	1099	160.0
1606621516.73	160000	2.67913	0.0	14665119	1185	160.0
1606621518.44	160000	1.964664	0.0	21079187	1584	160.0
1606621520.58	160000	1.32835	0.505	25480074	2011	79.2
1606621522.59	160000	1.334702	1.009	23021754	1891	-1.4399999999999977
1606621524.81	160000	1.345537	1.229	27527834	2079	-36.639999999999986
1606621527.33	160000	1.325147	1.501	26155848	2373	-80.16
1606621528.7	160000	1.328401	0.367	17849379	1275	101.28
1606621530.16	160000	1.421484	0.551	16546531	1372	71.84
1606621531.87	160000	1.499356	0.795	17718949	1628	32.8
1606621533.39	160000	1.295759	0.307	17337137	1417	110.88
1606621535.02	160000	1.354454	0.695	20008245	1535	48.8
1606621539.17	160000	1.301194	3.088	58430914	3885	-334.08
1606621540.12	160000	1.390131	0.037	16292703	837	154.08
1606621541.26	160000	1.428018	0.182	25587422	1030	130.88
1606621542.49	160000	1.354024	0.149	23982306	1098	136.16
1606621543.58	160000	1.260325	0.0	13347845	1020	160.0
1606621544.42	160000	1.416816	0.0	14337991	765	160.0
1606621545.45	160000	1.394547	0.0	14584990	935	160.0
1606621550.27	160000	1.264842	3.692	13962401	4743	-430.72
1606621551.29	160000	1.457912	0.21	14393788	942	126.4
1606621551.93	160000	1.814808	0.0	14649457	554	160.0
1606621552.47	160000	2.279208	0.0	13409715	458	160.0
1606621553.02	160000	2.736182	0.0	13909605	459	160.0
1606621553.52	160000	3.226335	0.0	13301968	425	160.0
1606621554.25	160000	3.497303	0.0	19025846	604	160.0
1606621554.97	160000	3.784558	0.0	19295426	608	160.0
1606621555.61	160000	4.145675	0.0	18261873	538	160.0
1606621556.28	160000	4.477317	0.0	19847604	553	160.0
1606621556.88	160000	4.877395	0.0	18767181	485	160.0
1606621557.58	160000	5.17673	0.0	22420858	566	160.0
1606621558.18	160000	5.573894	0.0	19324333	481	160.0
1606621558.74	160000	6.023971	0.0	20392234	440	160.0
1606621558.96	160000	6.796896	0.0	7671072	165	160.0
1606621559.44	160000	7.325049	0.0	17781906	369	160.0
1606621559.78	160000	7.985134	0.0	12839336	260	160.0
1606621560.07	160000	8.697419	0.0	10779770	219	160.0
1606621560.43	160000	9.330043	0.0	14606687	287	160.0
1606621561.49	160000	9.275517	0.0	41866951	805	160.0
1606621562.4	160000	9.366487	0.0	37238410	663	160.0
1606621562.73	160000	10.032776	0.0	14347759	249	160.0
1606621563.01	160000	10.76829	0.0	11399187	195	160.0
1606621563.27	160000	11.500884	0.0	10358641	186	160.0
1606621563.63	160000	12.142475	0.0	14315696	278	160.0
1606621564.23	160000	12.550519	0.0	23283631	452	160.0
1606621565.04	160000	12.735848	0.0	37521367	576	160.0
1606621565.5	160000	13.272988	0.0	22241104	336	160.0
1606621565.83	160000	13.93861	0.0	15813346	237	160.0
1606621566.21	160000	14.578746	0.0	17116450	257	160.0
1606621566.64	160000	15.137636	0.0	18867054	316	160.0
1606621567.04	160000	15.732921	0.0	17393609	295	160.0
1606621567.8	160000	15.980761	0.0	24759401	609	160.0
1606621576.12	160000	8.661561	0.0	25782433	8164	160.0
1606621577.98	160000	7.795259	0.0	25885372	1705	160.0
1606621581.1	160000	5.686672	0.0	26242011	2948	160.0
1606621583.11	160000	4.674515	0.0	23865378	1830	160.0
1606621583.82	160000	4.964656	0.0	25470681	552	160.0
1606621584.47	160000	5.325542	0.0	27258768	463	160.0
1606621584.87	160000	5.912583	0.0	17853711	294	160.0
1606621585.21	160000	6.579776	0.0	14829893	244	160.0
1606621585.85	160000	6.934332	0.0	27779697	469	160.0
1606621586.47	160000	7.321572	0.0	27714923	462	160.0
1606621587.07	160000	7.724332	0.0	25946474	441	160.0
1606621587.51	160000	8.277349	0.0	19596259	317	160.0
1606621588.0	160000	8.79523	0.0	23774167	345	160.0
1606621588.4	160000	9.388694	0.0	19373656	281	160.0
1606621588.92	160000	9.878204	0.0	23977420	368	160.0
1606621589.44	160000	10.35723	0.0	24493733	365	160.0
1606621589.89	160000	10.908202	0.0	14528511	360	160.0
1606621591.13	160000	10.661812	0.0	16841176	1148	160.0
1606621598.93	160000	3.863546	0.0	16743604	7689	160.0
1606621598.99	20000	4.804862	0.0	1945842	30	-120.0
1606621599.48	160000	5.31825	0.0	22329548	332	20.0
1606621599.8	160000	5.996815	0.0	16001583	223	160.0
1606621600.17	160000	6.630838	0.0	18238584	254	160.0
1606621600.61	160000	7.19528	0.0	21308824	308	160.0
1606621600.96	160000	7.843672	0.0	17749058	242	160.0
1606621601.24	160000	8.561635	0.0	14127787	198	160.0
1606621601.59	160000	9.215547	0.0	17525699	239	160.0
1606621601.87	160000	9.933778	0.0	14240042	193	160.0
1606621602.28	160000	10.532058	0.0	20324139	277	160.0
1606621602.75	160000	11.053944	0.0	21993033	356	160.0
1606621603.2	160000	11.606455	0.0	18863108	334	160.0
1606621603.57	160000	12.237788	0.0	15964734	267	160.0
1606621603.77	160000	13.05256	0.0	8284939	127	160.0
1606621603.97	160000	13.840641	0.0	9004706	138	160.0
1606621604.13	160000	14.688378	0.0	6955279	106	160.0
1606621604.36	160000	15.453922	0.0	10701639	164	160.0
1606621604.59	160000	16.227468	0.0	9459459	162	160.0
1606621604.68	160000	17.139113	0.0	3212828	56	160.0
1606621604.75	160000	18.068001	0.0	2509989	44	160.0
1606621604.81	160000	19.008737	0.0	2004927	35	160.0
1606621604.84	160000	19.980254	0.0	591360	10	160.0
1606621604.91	160000	21.347271	0.0	2394426	42	160.0
1606621605.24	40000	1.000999	0.022	336477	5	-3.520000000000003
1606621605.65	160000	1.871688	0.0	14912671	239	40.0
1606621606.22	160000	2.302896	0.0	24265636	341	160.0
1606621606.67	160000	2.84844	0.0	22711544	316	160.0
1606621607.1	160000	3.46217	0.0	19639705	283	160.0
1606621607.51	160000	4.077844	0.0	20946809	290	160.0
1606621607.83	160000	4.796967	0.0	11895609	234	160.0
1606621608.03	160000	5.600128	0.0	7597636	145	160.0
1606621612.02	160000	2.722655	0.0	56067905	3548	160.0
1606621612.3	20000	3.437029	0.0	2863079	245	-120.0
1606621612.58	20000	4.165905	0.0	4167844	238	20.0
1606621612.84	20000	4.901466	0.0	5571764	219	20.0
1606621613.07	20000	5.671911	0.0	4925652	194	20.0
1606621613.76	160000	5.979743	0.0	19559369	570	20.0
1606621614.35	160000	6.395869	0.0	22224402	431	160.0
1606621614.87	160000	6.875655	0.0	22578365	388	160.0
1606621615.07	160000	7.672773	0.0	8346702	133	160.0
1606621615.42	160000	8.325335	0.0	15775481	254	160.0
1606621615.62	160000	9.129934	0.0	9163235	139	160.0
1606621616.49	160000	9.262444	0.0	41307095	630	160.0
1606621617.07	160000	9.6765	0.0	28763893	415	160.0
1606621617.51	160000	10.237816	0.0	21266416	308	160.0
1606621617.97	160000	10.77904	0.0	23702229	320	160.0
1606621618.51	160000	11.250573	0.0	27580394	373	160.0
1606621618.89	160000	11.860026	0.0	20329780	269	160.0
1606621619.2	160000	12.550957	0.0	16109183	214	160.0
1606621620.35	160000	12.403153	0.0	58830800	758	160.0
