1606622651.08	40000	1.000999	0.038	334476	26	-6.079999999999998
1606622652.53	160000	1.184298	0.252	14912671	1236	-0.3199999999999932
1606622654.75	160000	1.343853	1.344	24265636	2030	-55.03999999999999
1606622656.55	160000	1.422608	0.857	22711544	1677	22.879999999999995
1606622658.13	160000	1.302868	0.433	19639705	1477	90.72
1606622659.95	160000	1.301464	0.79	20946809	1708	33.599999999999994
1606622660.95	160000	1.328937	0.031	11895609	923	155.04
1606622661.54	160000	1.745437	0.0	7597636	533	160.0
1606622661.86	20000	2.423782	0.0	4047415	283	-120.0
1606622662.14	20000	3.14946	0.0	2863079	245	20.0
1606622662.54	20000	3.744122	0.0	4167844	370	20.0
1606622663.09	20000	4.19952	0.0	5571764	505	20.0
1606622663.6	20000	4.691332	0.0	4925652	472	20.0
1606622663.81	20000	5.474547	0.0	2030157	193	20.0
1606622666.54	20000	3.75565	0.0	2240782	2697	20.0
1606622667.08	20000	4.215303	0.0	2211169	510	20.0
1606622667.13	20000	5.165558	0.0	382046	33	20.0
1606622668.52	160000	4.771839	0.0	15775481	1294	20.0
1606622669.27	160000	5.028029	0.0	9163235	685	160.0
1606622669.83	20000	5.469181	0.0	6357933	510	-120.0
1606622670.71	160000	5.59021	0.0	28763893	695	20.0
1606622671.21	160000	6.087165	0.0	21266416	381	160.0
1606622671.69	160000	6.612482	0.0	23702229	334	160.0
1606622672.24	160000	7.054777	0.0	27580394	399	160.0
1606622672.67	160000	7.632436	0.0	20329780	301	160.0
1606622673.01	160000	8.288942	0.0	16109183	242	160.0
1606622674.35	160000	7.948744	0.0	58830800	813	160.0
1606622675.69	160000	7.608099	0.0	66935122	966	160.0
1606622675.99	160000	8.30969	0.0	15251076	207	160.0
1606622676.28	160000	9.021492	0.0	16574034	188	160.0
1606622676.51	160000	9.79525	0.0	13009028	147	160.0
1606622676.73	160000	10.572557	0.0	12791674	145	160.0
1606622676.93	160000	11.374663	0.0	11137898	126	160.0
1606622677.13	160000	12.179415	0.0	11485310	126	160.0
1606622677.34	160000	12.970721	0.0	12428518	135	160.0
1606622677.51	160000	13.799447	0.0	9963766	108	160.0
1606622677.72	160000	14.591207	0.0	12189364	133	160.0
1606622677.9	160000	15.414763	0.0	10142396	111	160.0
1606622678.09	160000	16.224332	0.0	10185488	124	160.0
1606622678.4	160000	16.915911	0.0	14061455	224	160.0
1606622678.85	160000	17.468329	0.0	20074099	320	160.0
1606622687.23	160000	10.090253	0.0	46115254	8112	160.0
1606622690.46	160000	7.858832	0.0	40906522	2997	160.0
1606622690.54	20000	8.773279	0.0	1260540	60	-120.0
1606622691.83	160000	8.487563	0.0	21012466	1156	20.0
1606622694.03	160000	7.291502	0.0	23519424	2057	160.0
1606622695.64	160000	6.676744	0.0	18715420	1501	160.0
1606622697.92	160000	5.399681	0.0	17000816	2173	160.0
1606622701.34	160000	2.988845	0.0	14448126	3311	160.0
1606622703.6	160000	1.728995	0.0	6958676	2208	160.0
1606622704.82	160000	1.506732	0.0	9088791	1165	160.0
1606622705.45	160000	1.874775	0.0	7211881	576	160.0
1606622705.71	160000	2.614163	0.0	3063586	232	160.0
1606622705.95	160000	3.374361	0.0	2782179	210	160.0
1606622706.74	160000	3.588529	0.0	9958410	727	160.0
1606622707.88	160000	3.448155	0.0	12158708	1067	160.0
1606622709.18	160000	3.151638	0.0	12300216	1217	160.0
1606622709.83	160000	3.506707	0.0	15815684	544	160.0
1606622710.39	160000	3.9403	0.0	13526256	488	160.0
1606622710.98	160000	4.35552	0.0	11995130	514	160.0
1606622711.73	160000	4.605278	0.0	13394791	669	160.0
1606622712.63	160000	4.709471	0.0	14135828	812	160.0
1606622713.76	160000	4.581562	0.0	15366126	1037	160.0
1606622714.84	160000	4.502013	0.0	14248439	1002	160.0
1606622715.9	160000	4.443195	0.0	13843717	977	160.0
1606622717.33	160000	4.014702	0.0	14665119	1335	160.0
1606622718.95	160000	3.390435	0.0	21079187	1496	160.0
1606622721.02	160000	2.324484	0.0	25480074	1921	160.0
1606622722.45	160000	1.892979	0.0	23021754	1283	160.0
1606622722.91	160000	2.435959	0.0	27527834	276	160.0
1606622723.4	160000	2.944513	0.0	26155848	298	160.0
1606622723.73	160000	3.613898	0.0	17849379	207	160.0
1606622724.02	160000	4.329287	0.0	16546531	183	160.0
1606622724.33	160000	5.022336	0.0	17718949	194	160.0
1606622724.6	160000	5.746906	0.0	17337137	161	160.0
1606622724.93	160000	6.437192	0.0	20008245	177	160.0
1606622725.83	160000	6.521838	0.0	58430914	521	160.0
1606622726.08	160000	7.269206	0.0	16292703	143	160.0
1606622726.46	160000	7.891125	0.0	25587422	226	160.0
1606622726.84	160000	8.519176	0.0	23982306	229	160.0
1606622727.04	160000	9.3152	0.0	13347845	121	160.0
1606622727.26	160000	10.100582	0.0	14337991	130	160.0
1606622727.49	160000	10.868923	0.0	14584990	146	160.0
1606622727.72	160000	11.641718	0.0	13962401	135	160.0
1606622727.96	160000	12.401304	0.0	14393788	145	160.0
1606622728.21	160000	13.15076	0.0	14649457	143	160.0
1606622728.42	160000	13.941576	0.0	13409715	127	160.0
1606622728.63	160000	14.730193	0.0	13909605	129	160.0
1606622728.84	160000	15.521661	0.0	13301968	125	160.0
1606622729.17	160000	16.197788	0.0	19025846	172	160.0
1606622730.34	160000	16.023804	0.0	19295426	1048	160.0
1606622732.08	160000	15.28169	0.0	18261873	1623	160.0
1606622732.27	20000	16.103366	0.0	1939135	150	-120.0
1606622732.44	20000	16.933274	0.0	1842874	138	20.0
1606622732.64	20000	17.729092	0.0	2235830	171	20.0
1606622733.54	160000	17.831206	0.0	19324333	767	20.0
1606622733.84	160000	18.532757	0.0	20392234	179	160.0
1606622733.97	160000	19.399904	0.0	7671072	71	160.0
1606622734.23	160000	20.142308	0.0	17781906	148	160.0
1606622734.43	160000	20.945789	0.0	12839336	114	160.0
1606622734.61	160000	21.765538	0.0	10779770	108	160.0
1606622734.85	160000	22.531955	0.0	14606687	146	160.0
1606622735.53	160000	22.846072	0.0	41866951	428	160.0
1606622736.18	160000	23.198835	0.0	37238410	427	160.0
1606622736.43	160000	23.949104	0.0	14347759	161	160.0
1606622736.6	160000	24.784066	0.0	11399187	90	160.0
1606622736.78	160000	25.606398	0.0	10358641	72	160.0
1606622736.98	160000	26.397721	0.0	14315696	116	160.0
1606622737.32	160000	27.069259	0.0	23283631	188	160.0
1606622737.98	160000	27.401413	0.0	37521367	442	160.0
1606622738.4	160000	27.982364	0.0	22241104	285	160.0
1606622738.74	160000	28.644757	0.0	15813346	228	160.0
1606622739.09	160000	29.294884	0.0	17116450	235	160.0
1606622739.48	160000	29.91255	0.0	18867054	260	160.0
1606622740.88	160000	29.510596	0.0	17393609	1285	160.0
1606622741.97	160000	29.430101	0.0	24759401	938	160.0
1606622742.63	160000	29.763353	0.0	25782433	478	160.0
1606622743.1	160000	30.288632	0.0	25885372	307	160.0
1606622743.63	160000	30.766471	0.0	26242011	362	160.0
1606622746.39	160000	29.003968	0.0	23865378	2578	160.0
1606622748.38	160000	28.018944	0.0	25470681	1838	160.0
1606622750.62	160000	26.771037	0.0	27258768	2072	160.0
1606622751.71	160000	26.691247	0.0	17853711	967	160.0
1606622752.1	160000	27.299953	0.0	14829893	304	160.0
1606622752.82	160000	27.581102	0.0	27779697	564	160.0
1606622753.53	160000	27.865296	0.0	27714923	559	160.0
1606622754.28	160000	28.11893	0.0	25946474	587	160.0
1606622754.86	160000	28.542578	0.0	19596259	461	160.0
1606622755.58	160000	28.821358	0.0	23774167	573	160.0
1606622756.26	160000	29.147805	0.0	19373656	563	160.0
1606622757.58	160000	28.820931	0.0	23977420	1186	160.0
1606622760.2	160000	27.205424	0.0	24493733	2473	160.0
1606622760.99	160000	27.415355	0.0	14528511	703	160.0
1606622762.08	160000	27.329512	0.0	16841176	984	160.0
1606622762.78	160000	27.630497	0.0	16743604	599	160.0
1606622763.18	160000	28.229047	0.0	17975224	290	160.0
1606622763.67	160000	28.740341	0.0	22329548	360	160.0
1606622764.03	160000	29.378284	0.0	16001583	260	160.0
1606622764.45	160000	29.965818	0.0	18238584	299	160.0
1606622765.65	160000	29.768305	0.0	21308824	1064	160.0
1606622767.86	160000	28.554739	0.0	17749058	2108	160.0
1606622768.09	20000	29.324934	0.0	1500505	203	-120.0
1606622768.38	20000	30.037016	0.0	1939246	265	20.0
1606622768.63	20000	30.791736	0.0	1599193	222	20.0
1606622772.1	160000	28.321962	0.0	20324139	3341	20.0
1606622774.08	160000	27.338429	0.0	21993033	1849	160.0
1606622775.53	160000	26.888341	0.0	18863108	1334	160.0
1606622777.75	160000	25.673776	0.0	15964734	2113	160.0
1606622778.43	160000	25.993998	0.0	8284939	623	160.0
1606622778.85	160000	26.57357	0.0	9004706	364	160.0
1606622779.11	160000	27.315103	0.0	6955279	200	160.0
1606622779.49	160000	27.935587	0.0	10701639	309	160.0
1606622779.87	160000	28.559004	0.0	9459459	316	160.0
1606622780.02	160000	29.407967	0.0	3212828	117	160.0
1606622780.14	160000	30.291873	0.0	2509989	91	160.0
1606622780.23	160000	31.195815	0.0	2004927	73	160.0
1606622780.27	160000	32.158304	0.0	591360	21	160.0
1606622780.39	160000	33.475583	0.0	2394426	87	160.0
1606622780.67	40000	1.000999	0.035	336477	12	-5.600000000000001
1606622781.5	160000	1.492311	0.0	14912671	689	40.0
1606622783.18	160000	1.444567	0.604	24265636	1497	63.36
1606622786.32	160000	1.417984	2.159	22711544	3023	-185.44
1606622790.29	160000	1.500137	3.024	19639705	3866	-323.84
1606622790.47	20000	2.313856	0.0	1315024	162	-120.0
1606622790.57	20000	3.213577	0.0	698359	85	20.0
1606622791.2	160000	3.61174	0.0	7597636	566	20.0
1606622791.52	20000	4.288514	0.0	4047415	281	-120.0
1606622791.75	20000	5.062781	0.0	2863079	202	20.0
1606622792.09	20000	5.719886	0.0	4167844	310	20.0
1606622792.55	20000	6.263995	0.0	5571764	415	20.0
1606622793.15	20000	6.666314	0.0	4925652	562	20.0
1606622795.85	160000	4.959516	0.0	19559369	2581	20.0
1606622796.1	20000	5.711221	0.0	2240782	222	-120.0
1606622796.35	20000	6.469177	0.0	2211169	218	20.0
1606622797.48	160000	6.332842	0.0	8346702	1079	20.0
1606622799.3	160000	5.514524	0.0	15775481	1725	160.0
1606622800.09	160000	5.73151	0.0	9163235	718	160.0
1606622800.65	20000	6.169919	0.0	6357933	515	-120.0
1606622802.76	160000	5.061829	0.0	28763893	1944	20.0
1606622804.44	160000	4.381302	0.0	21266416	1552	160.0
1606622806.39	160000	3.431206	0.0	23702229	1806	160.0
1606622808.75	160000	2.07718	0.0	27580394	2188	160.0
1606622810.32	160000	1.502921	0.0	20329780	1453	160.0
1606622811.67	160000	1.356396	0.202	16109183	1250	127.68
1606622811.98	20000	2.045364	0.0	9946363	244	-120.0
1606622813.55	160000	1.480079	0.0	66935122	940	20.0
