1606631793.61	40000	1.000999	0.058	334476	47	-9.280000000000001
1606631795.37	160000	1.171482	0.566	14912671	1553	-50.56
1606631798.11	160000	1.292015	1.837	24265636	2552	-133.92000000000002
1606631799.57	160000	1.422348	0.562	22711544	1334	70.08
1606631799.91	160000	2.088891	0.0	19639705	216	160.0
1606631800.27	160000	2.762594	0.0	20946809	231	160.0
1606631800.47	160000	3.557615	0.0	11895609	129	160.0
1606631800.6	160000	4.433748	0.0	7597636	74	160.0
1606631801.61	160000	4.486939	0.0	56067905	542	160.0
1606631803.03	160000	4.05929	0.0	45444680	1173	160.0
1606631807.67	160000	1.280396	0.858	54798068	4377	22.72
1606631808.12	20000	1.821682	0.0	5571764	397	-120.0
1606631808.52	20000	2.420604	0.0	4925652	362	20.0
1606631808.72	20000	3.221957	0.0	2030157	175	20.0
1606631808.94	20000	4.004134	0.0	2240782	194	20.0
1606631809.16	20000	4.791398	0.0	2211169	190	20.0
1606631809.2	20000	5.745384	0.0	382046	32	20.0
1606631810.47	160000	5.479761	0.0	15775481	1167	20.0
1606631811.49	160000	5.464256	0.0	9163235	956	160.0
1606631812.0	20000	5.947252	0.0	6357933	470	-120.0
1606631814.69	160000	4.258196	0.0	28763893	2528	20.0
1606631815.8	160000	4.14916	0.0	21266416	989	160.0
1606631816.45	160000	4.50414	0.0	23702229	506	160.0
1606631817.15	160000	4.808948	0.0	27580394	536	160.0
1606631817.67	160000	5.285682	0.0	20329780	392	160.0
1606631818.1	160000	5.859094	0.0	16109183	327	160.0
1606631819.58	160000	5.38055	0.0	58830800	1061	160.0
1606631821.99	160000	3.973383	0.0	66935122	2027	160.0
1606631823.24	160000	3.72212	0.0	15251076	1159	160.0
1606631832.61	160000	1.399137	6.057	16574034	9279	-809.12
1606631832.76	20000	2.247669	0.0	1704756	119	-120.0
1606631832.9	20000	3.109889	0.0	1697111	116	20.0
1606631833.75	160000	3.260712	0.0	11137898	780	20.0
1606631834.72	160000	3.296532	0.0	11485310	894	160.0
1606631835.83	160000	3.18882	0.0	12428518	1032	160.0
1606631836.59	160000	3.429265	0.0	9963766	694	160.0
1606631837.76	160000	3.260121	0.0	12189364	1094	160.0
1606631838.19	160000	3.828792	0.0	10142396	369	160.0
1606631838.63	160000	4.384824	0.0	10185488	383	160.0
1606631839.31	160000	4.707492	0.0	14061455	599	160.0
1606631840.41	160000	4.612459	0.0	20074099	976	160.0
1606631848.7	160000	1.46017	4.147	46115254	8063	-503.52
1606631849.21	20000	1.955715	0.0	4955535	459	-120.0
1606631849.93	160000	2.238358	0.0	7891151	655	20.0
1606631851.47	160000	1.699135	0.0	21012466	1417	160.0
1606631853.25	160000	1.361191	0.443	23519424	1667	89.12
1606631854.77	160000	1.300424	0.458	18715420	1412	86.72
1606631856.26	160000	1.265238	0.458	17000816	1401	86.72
1606631857.39	160000	1.474178	0.333	14448126	1052	106.72
1606631857.82	160000	2.038689	0.0	6958676	387	160.0
1606631858.13	160000	2.729249	0.0	9088791	247	160.0
1606631858.38	160000	3.481137	0.0	7211881	195	160.0
1606631858.5	160000	4.368001	0.0	3063586	83	160.0
1606631858.6	160000	5.263998	0.0	2782179	76	160.0
1606631858.92	160000	5.94495	0.0	9958410	257	160.0
1606631859.3	160000	6.571702	0.0	12158708	302	160.0
1606631859.68	160000	7.192836	0.0	12300216	304	160.0
1606631860.22	160000	7.654671	0.0	15815684	447	160.0
1606631860.69	160000	8.184786	0.0	13526256	391	160.0
1606631861.63	160000	8.243017	0.0	11995130	870	160.0
1606631862.68	160000	8.197995	0.0	13394791	967	160.0
1606631863.85	160000	8.020011	0.0	14135828	1094	160.0
1606631865.11	160000	7.763953	0.0	15366126	1169	160.0
1606631866.27	160000	7.609503	0.0	14248439	1068	160.0
1606631867.32	160000	7.553619	0.0	13843717	973	160.0
1606631868.62	160000	7.263486	0.0	14665119	1202	160.0
1606631870.53	160000	6.348956	0.0	21079187	1787	160.0
1606631872.74	160000	5.141719	0.0	25480074	2052	160.0
1606631874.69	160000	4.187014	0.0	23021754	1813	160.0
1606631877.3	160000	2.587232	0.0	27527834	2422	160.0
1606631879.11	160000	1.772758	0.0	26155848	1670	160.0
1606631879.54	160000	2.349116	0.0	17849379	302	160.0
1606631879.92	160000	2.961101	0.0	16546531	281	160.0
1606631880.24	160000	3.648599	0.0	17718949	207	160.0
1606631880.55	160000	4.33544	0.0	17337137	206	160.0
1606631880.91	160000	4.980135	0.0	20008245	237	160.0
1606631881.83	160000	5.063462	0.0	58430914	596	160.0
1606631882.09	160000	5.800599	0.0	16292703	158	160.0
1606631882.48	160000	6.407802	0.0	25587422	246	160.0
1606631882.86	160000	7.033329	0.0	23982306	232	160.0
1606631883.09	160000	7.803799	0.0	13347845	146	160.0
1606631883.34	160000	8.557974	0.0	14337991	160	160.0
1606631883.59	160000	9.311897	0.0	14584990	163	160.0
1606631883.82	160000	10.072745	0.0	13962401	156	160.0
1606631884.06	160000	10.840669	0.0	14393788	148	160.0
1606631884.29	160000	11.613342	0.0	14649457	144	160.0
1606631884.49	160000	12.405709	0.0	13409715	133	160.0
1606631884.72	160000	13.18569	0.0	13909605	137	160.0
1606631884.93	160000	13.972985	0.0	13301968	131	160.0
1606631886.59	160000	13.313226	0.0	19025846	1542	160.0
1606631888.02	160000	12.879892	0.0	19295426	1318	160.0
1606631888.08	20000	13.827608	0.0	1895098	24	-120.0
1606631888.46	160000	14.444452	0.0	19847604	253	20.0
1606631888.82	160000	15.088248	0.0	18767181	239	160.0
1606631889.61	160000	15.300912	0.0	22420858	654	160.0
1606631890.76	160000	15.144981	0.0	19324333	1045	160.0
1606631892.32	160000	14.586037	0.0	20392234	1429	160.0
1606631892.43	20000	15.478391	0.0	1081763	86	-120.0
1606631892.65	20000	16.261975	0.0	2409013	191	20.0
1606631893.14	160000	16.771114	0.0	12839336	410	20.0
1606631893.35	160000	17.565756	0.0	10779770	138	160.0
1606631893.62	160000	18.29551	0.0	14606687	188	160.0
1606631894.4	160000	18.517875	0.0	41866951	548	160.0
1606631895.13	160000	18.785345	0.0	37238410	500	160.0
1606631895.52	160000	19.398064	0.0	14347759	305	160.0
1606631895.83	160000	20.088677	0.0	11399187	238	160.0
1606631896.23	160000	20.685643	0.0	10358641	335	160.0
1606631897.0	160000	20.917933	0.0	14315696	683	160.0
1606631899.5	160000	19.417962	0.0	23283631	2365	160.0
1606631903.03	160000	16.89053	0.0	37521367	3278	160.0
1606631904.32	160000	16.605778	0.0	22241104	1127	160.0
1606631904.65	160000	17.270172	0.0	15813346	228	160.0
1606631905.01	160000	17.920301	0.0	17116450	248	160.0
1606631905.39	160000	18.536935	0.0	18867054	261	160.0
1606631905.74	160000	19.186915	0.0	17393609	239	160.0
1606631906.25	160000	19.675421	0.0	24759401	335	160.0
1606631906.74	160000	20.186411	0.0	25782433	329	160.0
1606631907.24	160000	20.691792	0.0	25885372	329	160.0
1606631907.71	160000	21.217849	0.0	26242011	318	160.0
1606631908.17	160000	21.763036	0.0	23865378	299	160.0
1606631908.64	160000	22.298434	0.0	25470681	307	160.0
1606631909.15	160000	22.787093	0.0	27258768	326	160.0
1606631909.48	160000	23.454155	0.0	17853711	215	160.0
1606631909.76	160000	24.185145	0.0	14829893	174	160.0
1606631910.28	160000	24.662608	0.0	27779697	346	160.0
1606631911.13	160000	24.810937	0.0	27714923	679	160.0
1606631914.13	160000	22.812839	0.0	25946474	2819	160.0
1606631914.38	160000	23.564529	0.0	19596259	131	160.0
1606631914.71	160000	24.227761	0.0	23774167	181	160.0
1606631914.96	160000	24.984246	0.0	19373656	125	160.0
1606631915.27	160000	25.677729	0.0	23977420	155	160.0
1606631915.6	160000	26.343927	0.0	24493733	190	160.0
1606631915.87	160000	27.079235	0.0	14528511	173	160.0
1606631916.12	160000	27.830049	0.0	16841176	115	160.0
1606631916.33	160000	28.614122	0.0	16743604	102	160.0
1606631916.57	160000	29.38183	0.0	17975224	117	160.0
1606631916.86	160000	30.093803	0.0	22329548	149	160.0
1606631917.09	160000	30.861504	0.0	16001583	120	160.0
1606631917.38	160000	31.572558	0.0	18238584	172	160.0
1606631917.76	160000	32.19529	0.0	21308824	231	160.0
1606631918.07	160000	32.882934	0.0	17749058	199	160.0
1606631918.28	160000	33.669878	0.0	14127787	130	160.0
1606631918.54	160000	34.414845	0.0	17525699	149	160.0
1606631918.74	160000	35.212615	0.0	14240042	115	160.0
1606631919.05	160000	35.911499	0.0	20324139	176	160.0
1606631919.42	160000	36.537473	0.0	21993033	241	160.0
1606631919.82	160000	37.139747	0.0	18863108	262	160.0
1606631920.15	160000	37.806546	0.0	15964734	222	160.0
1606631920.36	160000	38.60313	0.0	8284939	141	160.0
1606631920.56	160000	39.40304	0.0	9004706	129	160.0
1606631920.71	160000	40.254223	0.0	6955279	100	160.0
1606631920.94	160000	41.02581	0.0	10701639	156	160.0
1606631921.14	160000	41.825519	0.0	9459459	135	160.0
1606631921.22	160000	42.753463	0.0	3212828	39	160.0
1606631921.28	160000	43.688926	0.0	2509989	22	160.0
1606631921.34	160000	44.629346	0.0	2004927	29	160.0
1606631921.37	160000	45.600043	0.0	591360	6	160.0
1606631921.42	160000	46.982886	0.0	2394426	24	160.0
1606631921.78	40000	1.000999	0.039	336477	5	-6.240000000000002
1606631922.1	160000	1.981638	0.0	14912671	153	40.0
1606631922.74	160000	2.343771	0.0	24265636	420	160.0
1606631923.86	160000	2.289907	0.0	22711544	975	160.0
1606631925.83	160000	1.48177	0.0	19639705	1843	160.0
1606631930.46	160000	1.26546	3.356	20946809	4506	-376.96000000000004
1606631930.57	20000	2.153672	0.0	698359	88	-120.0
1606631930.68	20000	3.046399	0.0	730082	91	20.0
1606631931.23	20000	3.49436	0.0	4047415	518	20.0
1606631931.76	20000	3.97257	0.0	2863079	496	20.0
1606631933.18	20000	3.550878	0.0	4167844	1389	20.0
1606631936.32	20000	1.414074	0.0	5571764	3088	20.0
1606631937.23	20000	1.502399	0.0	4925652	874	20.0
1606631937.59	20000	2.142106	0.0	2030157	337	20.0
1606631937.99	20000	2.742235	0.0	2240782	371	20.0
1606631938.32	20000	3.409847	0.0	2211169	308	20.0
1606631938.9	160000	3.832463	0.0	8346702	516	20.0
1606631940.02	160000	3.71398	0.0	15775481	1024	160.0
1606631940.55	160000	4.185619	0.0	9163235	469	160.0
1606631942.56	160000	3.181004	0.0	41307095	1669	160.0
1606631943.55	160000	3.189478	0.0	28763893	824	160.0
1606631944.29	160000	3.451352	0.0	21266416	603	160.0
1606631945.02	160000	3.722365	0.0	23702229	591	160.0
1606631945.84	160000	3.905856	0.0	27580394	659	160.0
1606631946.45	160000	4.297363	0.0	20329780	474	160.0
1606631946.93	160000	4.815522	0.0	16109183	374	160.0
1606631948.81	160000	3.940081	0.0	58830800	1423	160.0
