1606624094.03	40000	1.000999	0.046	334476	29	-7.359999999999999
1606624095.71	160000	1.18964	0.483	14912671	1483	-37.28
1606624097.66	160000	1.350715	1.075	24265636	1762	-12.0
1606624099.67	160000	1.427513	1.066	22711544	1889	-10.560000000000002
1606624101.31	160000	1.302012	0.49	19639705	1535	81.6
1606624102.91	160000	1.299415	0.575	20946809	1489	68.0
1606624103.83	160000	1.387018	0.0	11895609	839	160.0
1606624104.55	160000	1.669369	0.0	7597636	668	160.0
1606624104.89	20000	2.326007	0.0	4047415	305	-120.0
1606624105.12	20000	3.093699	0.0	2863079	203	20.0
1606624105.45	20000	3.769911	0.0	4167844	288	20.0
1606624105.92	20000	4.299543	0.0	5571764	429	20.0
1606624106.4	20000	4.823245	0.0	4925652	441	20.0
1606624108.1	160000	4.127978	0.0	19559369	1575	20.0
1606624113.5	160000	1.360626	1.636	22224402	5283	-101.75999999999999
1606624113.7	20000	2.157536	0.0	2211169	176	-120.0
1606624115.64	160000	1.271742	0.058	8346702	1892	10.719999999999999
1606624115.86	20000	2.051648	0.0	1113969	199	-120.0
1606624117.29	160000	1.628366	0.0	9163235	1364	20.0
1606624118.07	20000	1.846894	0.0	6357933	734	-120.0
1606624118.62	20000	2.303902	0.0	4814284	503	20.0
1606624120.87	160000	1.299753	0.251	21266416	2143	-20.159999999999997
1606624123.02	160000	1.335331	1.172	23702229	2016	-27.52000000000001
1606624124.62	160000	1.258415	0.537	27580394	1468	74.08
1606624125.57	160000	1.318285	0.0	20329780	826	160.0
1606624126.26	160000	1.628431	0.0	16109183	574	160.0
1606624128.54	160000	1.287672	0.941	58830800	1810	9.439999999999998
1606624130.75	160000	1.359549	1.288	66935122	1912	-46.08000000000001
1606624131.1	160000	2.018852	0.0	15251076	247	160.0
1606624131.43	160000	2.684697	0.0	16574034	230	160.0
1606624131.71	160000	3.404933	0.0	13009028	193	160.0
1606624131.97	160000	4.146184	0.0	12791674	173	160.0
1606624132.19	160000	4.930224	0.0	11137898	147	160.0
1606624132.42	160000	5.700403	0.0	11485310	152	160.0
1606624132.66	160000	6.457858	0.0	12428518	165	160.0
1606624132.86	160000	7.262529	0.0	9963766	133	160.0
1606624133.09	160000	8.03297	0.0	12189364	158	160.0
1606624133.29	160000	8.837814	0.0	10142396	131	160.0
1606624133.48	160000	9.641402	0.0	10185488	131	160.0
1606624133.75	160000	10.375744	0.0	14061455	182	160.0
1606624134.16	160000	10.965	0.0	20074099	295	160.0
1606624135.1	160000	11.026072	0.0	46115254	686	160.0
1606624141.52	160000	5.609331	0.0	40906522	6180	160.0
1606624142.13	160000	5.999613	0.0	7891151	542	160.0
1606624142.42	20000	6.712945	0.0	3605246	250	-120.0
1606624142.64	20000	7.494043	0.0	2770338	192	20.0
1606624142.79	20000	8.344106	0.0	1855168	129	20.0
1606624144.23	160000	7.909052	0.0	17000816	1326	20.0
1606624145.51	160000	7.628319	0.0	14448126	1192	160.0
1606624146.04	160000	8.100377	0.0	6958676	475	160.0
1606624146.74	160000	8.398145	0.0	9088791	644	160.0
1606624147.31	160000	8.823367	0.0	7211881	524	160.0
1606624147.57	160000	9.570728	0.0	3063586	226	160.0
1606624147.81	160000	10.333953	0.0	2782179	202	160.0
1606624148.56	160000	10.577874	0.0	9958410	692	160.0
1606624149.48	160000	10.666903	0.0	12158708	838	160.0
1606624150.41	160000	10.732486	0.0	12300216	854	160.0
1606624151.67	160000	10.470536	0.0	15815684	1162	160.0
1606624152.73	160000	10.419302	0.0	13526256	974	160.0
1606624153.62	160000	10.52661	0.0	11995130	817	160.0
1606624154.66	160000	10.490015	0.0	13394791	955	160.0
1606624155.86	160000	10.282398	0.0	14135828	1122	160.0
1606624157.03	160000	10.119951	0.0	15366126	1071	160.0
1606624158.07	160000	10.076998	0.0	14248439	960	160.0
1606624159.42	160000	9.73144	0.0	13843717	1254	160.0
1606624160.49	160000	9.658809	0.0	14665119	983	160.0
1606624162.21	160000	8.941062	0.0	21079187	1596	160.0
1606624164.55	160000	7.605814	0.0	25480074	2168	160.0
1606624166.32	160000	6.838768	0.0	23021754	1639	160.0
1606624169.05	160000	5.107588	0.0	27527834	2560	160.0
1606624171.28	160000	3.878734	0.0	26155848	2086	160.0
1606624172.64	160000	3.519225	0.0	17849379	1242	160.0
1606624173.97	160000	3.185419	0.0	16546531	1235	160.0
1606624179.26	160000	1.322839	2.422	17718949	5190	-227.51999999999998
1606624180.54	160000	1.495469	0.456	17337137	1193	87.04
1606624182.03	160000	1.45201	0.446	20008245	1390	88.64
1606624186.45	160000	1.398469	3.367	58430914	4133	-378.72
1606624187.37	160000	1.479302	0.0	16292703	810	160.0
1606624191.01	160000	1.266765	2.42	25587422	3505	-227.2
1606624192.77	160000	1.437765	0.939	23982306	1652	9.759999999999991
1606624197.37	160000	1.377058	3.533	13347845	4526	-405.28
1606624198.47	160000	1.410704	0.137	14337991	1032	138.07999999999998
1606624199.63	160000	1.295099	0.033	14584990	1071	154.72
1606624200.55	160000	1.366207	0.0	13962401	846	160.0
1606624201.16	160000	1.755312	0.0	14393788	530	160.0
1606624201.81	160000	2.116363	0.0	14649457	555	160.0
1606624202.42	160000	2.50077	0.0	13409715	527	160.0
1606624203.22	160000	2.701014	0.0	13909605	718	160.0
1606624204.33	160000	2.597102	0.0	13301968	1026	160.0
1606624205.37	160000	2.55608	0.0	19025846	925	160.0
1606624206.25	160000	2.679772	0.0	19295426	760	160.0
1606624207.06	160000	2.869186	0.0	18261873	707	160.0
1606624207.95	160000	2.978541	0.0	19847604	766	160.0
1606624208.79	160000	3.143313	0.0	18767181	731	160.0
1606624209.83	160000	3.103783	0.0	22420858	908	160.0
1606624210.95	160000	2.9815	0.0	19324333	1006	160.0
1606624215.31	160000	1.34466	1.724	20392234	4250	-115.83999999999997
1606624217.28	160000	1.319369	0.943	7671072	1922	9.120000000000005
1606624222.66	160000	1.262497	4.326	17781906	5284	-532.16
1606624223.95	160000	1.338882	0.362	12839336	1214	102.08
1606624225.13	160000	1.440446	0.286	10779770	1128	114.24000000000001
1606624229.28	160000	1.488913	3.193	14606687	4070	-350.88
1606624233.11	160000	1.432059	2.776	41866951	3608	-284.16
1606624234.71	160000	1.459069	0.62	37238410	1405	60.8
1606624235.01	160000	2.160305	0.0	14347759	214	160.0
1606624235.25	160000	2.917174	0.0	11399187	170	160.0
1606624235.5	160000	3.673641	0.0	10358641	165	160.0
1606624235.79	160000	4.38017	0.0	14315696	208	160.0
1606624236.25	160000	4.917253	0.0	23283631	335	160.0
1606624237.0	160000	5.167057	0.0	37521367	538	160.0
1606624237.46	160000	5.718126	0.0	22241104	317	160.0
1606624237.82	160000	6.350079	0.0	15813346	260	160.0
1606624238.22	160000	6.957171	0.0	17116450	288	160.0
1606624238.65	160000	7.522012	0.0	18867054	320	160.0
1606624239.08	160000	8.092419	0.0	17393609	329	160.0
1606624239.72	160000	8.461212	0.0	24759401	478	160.0
1606624240.54	160000	8.633386	0.0	25782433	675	160.0
1606624241.31	160000	8.868338	0.0	25885372	597	160.0
1606624242.01	160000	9.167835	0.0	26242011	554	160.0
1606624242.65	160000	9.532822	0.0	23865378	487	160.0
1606624243.42	160000	9.761241	0.0	25470681	625	160.0
1606624244.13	160000	10.050078	0.0	27258768	545	160.0
1606624244.58	160000	10.603097	0.0	17853711	344	160.0
1606624244.92	160000	11.263714	0.0	14829893	257	160.0
1606624245.57	160000	11.612194	0.0	27779697	481	160.0
1606624246.17	160000	12.015198	0.0	27714923	445	160.0
1606624246.73	160000	12.455889	0.0	25946474	409	160.0
1606624247.13	160000	13.061519	0.0	19596259	285	160.0
1606624247.63	160000	13.556152	0.0	23774167	344	160.0
1606624248.03	160000	14.162445	0.0	19373656	276	160.0
1606624248.5	160000	14.692782	0.0	23977420	332	160.0
1606624248.98	160000	15.21524	0.0	24493733	330	160.0
1606624249.26	160000	15.932329	0.0	14528511	198	160.0
1606624249.61	160000	16.590661	0.0	16841176	226	160.0
1606624249.93	160000	17.264812	0.0	16743604	226	160.0
1606624250.28	160000	17.918436	0.0	17975224	242	160.0
1606624250.71	160000	18.488335	0.0	22329548	304	160.0
1606624251.02	160000	19.183516	0.0	16001583	212	160.0
1606624251.37	160000	19.827918	0.0	18238584	242	160.0
1606624251.79	160000	20.415619	0.0	21308824	283	160.0
1606624252.14	160000	21.057285	0.0	17749058	240	160.0
1606624252.42	160000	21.785837	0.0	14127787	191	160.0
1606624252.77	160000	22.438437	0.0	17525699	246	160.0
1606624253.07	160000	23.133505	0.0	14240042	219	160.0
1606624253.51	160000	23.694872	0.0	20324139	312	160.0
1606624253.93	160000	24.275518	0.0	21993033	291	160.0
1606624254.28	160000	24.925824	0.0	18863108	237	160.0
1606624254.58	160000	25.627674	0.0	15964734	201	160.0
1606624254.74	160000	26.467519	0.0	8284939	103	160.0
1606624254.92	160000	27.295559	0.0	9004706	114	160.0
1606624255.05	160000	28.160071	0.0	6955279	88	160.0
1606624255.26	160000	28.948412	0.0	10701639	133	160.0
1606624255.44	160000	29.770066	0.0	9459459	119	160.0
1606624255.52	160000	30.699605	0.0	3212828	40	160.0
1606624255.57	160000	31.643611	0.0	2509989	31	160.0
1606624255.62	160000	32.596995	0.0	2004927	26	160.0
1606624255.64	160000	33.573876	0.0	591360	7	160.0
1606624255.7	160000	34.953934	0.0	2394426	29	160.0
1606624256.01	40000	1.000999	0.037	336477	1	-5.920000000000002
1606624256.35	160000	2.001999	0.0	14912671	187	40.0
1606624256.87	160000	2.508943	0.0	24265636	304	160.0
1606624257.29	160000	3.084356	0.0	22711544	283	160.0
1606624257.66	160000	3.715704	0.0	19639705	245	160.0
1606624258.08	160000	4.387997	0.0	20946809	275	160.0
1606624258.31	160000	5.158184	0.0	11895609	156	160.0
1606624258.45	160000	6.011017	0.0	7597636	100	160.0
1606624259.62	160000	5.980577	0.0	56067905	714	160.0
1606624260.46	160000	6.168564	0.0	45444680	593	160.0
1606624261.47	160000	6.187757	0.0	54798068	723	160.0
1606624262.98	160000	5.680665	0.0	69464107	1069	160.0
1606624263.89	160000	5.773466	0.0	50637608	633	160.0
1606624264.24	160000	6.422551	0.0	19559369	227	160.0
1606624264.63	160000	7.028013	0.0	22224402	266	160.0
1606624265.04	160000	7.621532	0.0	22578365	263	160.0
1606624265.2	160000	8.468866	0.0	8346702	98	160.0
1606624265.47	160000	9.191449	0.0	15775481	184	160.0
1606624265.64	160000	10.023785	0.0	9163235	107	160.0
1606624266.35	160000	10.316258	0.0	41307095	489	160.0
1606624266.87	160000	10.798882	0.0	28763893	341	160.0
1606624267.26	160000	11.411299	0.0	21266416	258	160.0
1606624267.71	160000	11.964592	0.0	23702229	288	160.0
1606624268.2	160000	12.46997	0.0	27580394	326	160.0
1606624268.58	160000	13.156521	0.0	20329780	240	160.0
1606624268.87	160000	13.864727	0.0	16109183	194	160.0
1606624269.92	160000	13.81815	0.0	58830800	719	160.0
1606624271.21	160000	13.531583	0.0	66935122	934	160.0
