1606622891.6	40000	1.000999	0.033	334476	21	-5.280000000000001
1606622892.82	160000	1.304477	0.165	14912671	1023	13.599999999999994
1606622894.66	160000	1.337948	0.839	24265636	1663	25.75999999999999
1606622896.61	160000	1.434782	1.027	22711544	1833	-4.319999999999993
1606622898.12	160000	1.30381	0.349	19639705	1402	104.16
1606622899.94	160000	1.302263	0.794	20946809	1707	32.959999999999994
1606622901.12	160000	1.347851	0.23	11895609	1117	123.2
1606622901.89	160000	1.583292	0.0	7597636	714	160.0
1606622902.32	20000	2.157344	0.0	4047415	385	-120.0
1606622902.57	20000	2.907216	0.0	2863079	225	20.0
1606622902.92	20000	3.556921	0.0	4167844	316	20.0
1606622903.38	20000	4.092558	0.0	5571764	423	20.0
1606622903.75	20000	4.724313	0.0	4925652	334	20.0
1606622905.4	160000	4.076075	0.0	19559369	1521	20.0
1606622907.14	160000	3.337989	0.0	22224402	1610	160.0
1606622911.6	160000	1.336386	1.459	22578365	4343	-73.44
1606622912.44	160000	1.496407	0.0	8346702	782	160.0
1606622913.39	160000	1.552841	0.0	15775481	850	160.0
1606622913.78	160000	2.16005	0.0	9163235	329	160.0
1606622915.22	160000	1.720703	0.0	41307095	1110	160.0
1606622915.9	160000	2.046365	0.0	28763893	511	160.0
1606622916.39	160000	2.555905	0.0	21266416	350	160.0
1606622916.85	160000	3.101531	0.0	23702229	318	160.0
1606622917.37	160000	3.575223	0.0	27580394	361	160.0
1606622917.78	160000	4.170625	0.0	20329780	268	160.0
1606622918.09	160000	4.862595	0.0	16109183	209	160.0
1606622919.22	160000	4.731327	0.0	58830800	698	160.0
1606622920.64	160000	4.313967	0.0	66935122	1042	160.0
1606622921.98	160000	3.976667	0.0	15251076	1245	160.0
1606622923.49	160000	3.458625	0.0	16574034	1414	160.0
1606622923.65	20000	4.303318	0.0	1704756	126	-120.0
1606622923.8	20000	5.15579	0.0	1697111	125	20.0
1606622923.95	20000	6.009455	0.0	1529441	113	20.0
1606622924.92	160000	6.039894	0.0	11485310	895	20.0
1606622926.04	160000	5.914577	0.0	12428518	1051	160.0
1606622926.93	160000	6.029774	0.0	9963766	823	160.0
1606622927.96	160000	5.997536	0.0	12189364	957	160.0
1606622928.78	160000	6.176246	0.0	10142396	756	160.0
1606622929.53	160000	6.428624	0.0	10185488	686	160.0
1606622930.75	160000	6.214253	0.0	14061455	1133	160.0
1606622932.38	160000	5.579408	0.0	20074099	1522	160.0
1606622932.8	20000	6.160986	0.0	4742872	379	-120.0
1606622933.28	20000	6.685557	0.0	4955535	439	20.0
1606622934.06	160000	6.903684	0.0	7891151	728	20.0
1606622935.74	160000	6.22825	0.0	21012466	1555	160.0
1606622937.49	160000	5.483317	0.0	23519424	1611	160.0
1606622939.04	160000	4.929433	0.0	18715420	1438	160.0
1606622940.55	160000	4.422597	0.0	17000816	1408	160.0
1606622940.97	160000	5.002476	0.0	14448126	336	160.0
1606622941.17	160000	5.805068	0.0	6958676	147	160.0
1606622941.42	160000	6.552077	0.0	9088791	193	160.0
1606622941.63	160000	7.345493	0.0	7211881	153	160.0
1606622941.71	160000	8.269839	0.0	3063586	41	160.0
1606622941.78	160000	9.201856	0.0	2782179	38	160.0
1606622941.97	160000	10.003939	0.0	9958410	134	160.0
1606622942.22	160000	10.763534	0.0	12158708	165	160.0
1606622942.46	160000	11.524748	0.0	12300216	166	160.0
1606622942.76	160000	12.223672	0.0	15815684	202	160.0
1606622943.0	160000	12.982422	0.0	13526256	154	160.0
1606622943.21	160000	13.770568	0.0	11995130	138	160.0
1606622943.44	160000	14.540939	0.0	13394791	153	160.0
1606622943.69	160000	15.298078	0.0	14135828	161	160.0
1606622943.98	160000	16.007988	0.0	15366126	195	160.0
1606622944.25	160000	16.74009	0.0	14248439	180	160.0
1606622944.5	160000	17.485014	0.0	13843717	176	160.0
1606622944.79	160000	18.200914	0.0	14665119	197	160.0
1606622945.22	160000	18.769055	0.0	21079187	308	160.0
1606622945.74	160000	19.24684	0.0	25480074	372	160.0
1606622946.11	160000	19.87959	0.0	23021754	232	160.0
1606622946.56	160000	20.428724	0.0	27527834	277	160.0
1606622947.0	160000	20.998195	0.0	26155848	280	160.0
1606622947.31	160000	21.682646	0.0	17849379	194	160.0
1606622947.59	160000	22.404262	0.0	16546531	180	160.0
1606622947.89	160000	23.109724	0.0	17718949	194	160.0
1606622948.19	160000	23.811509	0.0	17337137	189	160.0
1606622948.52	160000	24.475386	0.0	20008245	219	160.0
1606622949.59	160000	24.405699	0.0	58430914	735	160.0
1606622950.9	160000	24.102184	0.0	16292703	1194	160.0
1606622953.13	160000	22.873905	0.0	25587422	2080	160.0
1606622954.99	160000	22.010034	0.0	23982306	1720	160.0
1606622955.13	20000	22.875693	0.0	1560020	109	-120.0
1606622955.25	20000	23.755843	0.0	1429188	101	20.0
1606622955.92	160000	24.089829	0.0	14584990	576	20.0
1606622956.25	160000	24.75935	0.0	13962401	250	160.0
1606622956.58	160000	25.425185	0.0	14393788	252	160.0
1606622957.08	160000	25.927465	0.0	14649457	413	160.0
1606622957.64	160000	26.369722	0.0	13409715	473	160.0
1606622958.19	160000	26.823677	0.0	13909605	465	160.0
1606622958.71	160000	27.297701	0.0	13301968	442	160.0
1606622962.66	160000	24.357909	0.0	19025846	3819	160.0
1606622963.15	160000	24.86397	0.0	19295426	375	160.0
1606622963.58	160000	25.435803	0.0	18261873	314	160.0
1606622964.06	160000	25.959578	0.0	19847604	349	160.0
1606622964.51	160000	26.505583	0.0	18767181	337	160.0
1606622965.04	160000	26.980762	0.0	22420858	392	160.0
1606622965.46	160000	27.561124	0.0	19324333	301	160.0
1606622965.91	160000	28.113652	0.0	20392234	317	160.0
1606622966.08	160000	28.939083	0.0	7671072	120	160.0
1606622966.47	160000	29.551307	0.0	17781906	280	160.0
1606622966.76	160000	30.268096	0.0	12839336	205	160.0
1606622967.0	160000	31.024636	0.0	10779770	177	160.0
1606622967.33	160000	31.695047	0.0	14606687	238	160.0
1606622968.22	160000	31.807142	0.0	41866951	667	160.0
1606622968.99	160000	32.032303	0.0	37238410	576	160.0
1606622969.33	160000	32.697807	0.0	14347759	253	160.0
1606622969.6	160000	33.429139	0.0	11399187	200	160.0
1606622969.85	160000	34.17938	0.0	10358641	182	160.0
1606622970.17	160000	34.857925	0.0	14315696	238	160.0
1606622970.7	160000	35.334838	0.0	23283631	387	160.0
1606622971.52	160000	35.510785	0.0	37521367	608	160.0
1606622972.05	160000	35.988806	0.0	22241104	385	160.0
1606622972.44	160000	36.591421	0.0	15813346	293	160.0
1606622972.87	160000	37.165198	0.0	17116450	318	160.0
1606622973.29	160000	37.744802	0.0	18867054	303	160.0
1606622973.68	160000	38.358208	0.0	17393609	279	160.0
1606622974.19	160000	38.850991	0.0	24759401	372	160.0
1606622974.72	160000	39.317235	0.0	25782433	383	160.0
1606622975.27	160000	39.77464	0.0	25885372	386	160.0
1606622975.8	160000	40.238946	0.0	26242011	393	160.0
1606622976.29	160000	40.752224	0.0	23865378	339	160.0
1606622976.8	160000	41.241105	0.0	25470681	362	160.0
1606622977.36	160000	41.68194	0.0	27258768	395	160.0
1606622977.73	160000	42.320332	0.0	17853711	257	160.0
1606622978.03	160000	43.018643	0.0	14829893	212	160.0
1606622978.6	160000	43.452465	0.0	27779697	399	160.0
1606622979.11	160000	43.934964	0.0	27714923	363	160.0
1606622979.57	160000	44.484106	0.0	25946474	298	160.0
1606622979.91	160000	45.13764	0.0	19596259	226	160.0
1606622980.29	160000	45.760668	0.0	23774167	242	160.0
1606622980.62	160000	46.432557	0.0	19373656	197	160.0
1606622981.0	160000	47.051906	0.0	23977420	241	160.0
1606622981.36	160000	47.691253	0.0	24493733	218	160.0
1606622981.59	160000	48.470697	0.0	14528511	129	160.0
1606622981.84	160000	49.21785	0.0	16841176	150	160.0
1606622982.09	160000	49.968046	0.0	16743604	139	160.0
1606622982.34	160000	50.716792	0.0	17975224	149	160.0
1606622982.66	160000	51.402453	0.0	22329548	185	160.0
1606622982.89	160000	52.169965	0.0	16001583	132	160.0
1606622983.14	160000	52.924734	0.0	18238584	141	160.0
1606622983.43	160000	53.632702	0.0	21308824	165	160.0
1606622983.68	160000	54.383953	0.0	17749058	143	160.0
1606622983.87	160000	55.195124	0.0	14127787	109	160.0
1606622984.23	160000	55.834571	0.0	17525699	250	160.0
1606622984.52	160000	56.547623	0.0	14240042	204	160.0
1606622984.94	160000	57.127554	0.0	20324139	297	160.0
1606622985.24	160000	57.826801	0.0	21993033	176	160.0
1606622985.51	160000	58.561612	0.0	18863108	151	160.0
1606622985.74	160000	59.326615	0.0	15964734	141	160.0
1606622986.36	160000	59.929249	0.0	8284939	66	160.0
1606622987.49	160000	59.680247	0.0	9004706	66	160.0
1606622988.59	160000	59.681303	0.0	6955279	46	160.0
1606622989.23	160000	59.932259	0.0	10701639	74	160.0
1606622990.39	160000	59.933294	0.0	9459459	92	160.0
1606622991.45	160000	59.684289	0.0	3212828	31	160.0
1606622994.59	160000	57.48363	0.0	2509989	3114	160.0
1606622994.76	160000	58.318292	0.0	2004927	142	160.0
1606622994.78	20000	59.298655	0.0	26471	4	-120.0
1606622995.8	20000	59.871999	0.0	56059	2	20.0
1606622996.16	40000	1.000999	0.047	336477	27	-7.519999999999996
1606622997.19	20000	1.305451	0.063	11007815	921	-10.08
1606622999.46	160000	1.297798	1.235	24265636	2039	-177.6
1606622999.8	20000	1.985939	0.0	3191121	301	-120.0
1606622999.98	20000	2.805544	0.0	1661718	157	20.0
1606623001.67	20000	2.155587	0.0	1315024	1665	20.0
1606623002.0	20000	2.833336	0.0	698359	304	20.0
1606623002.04	20000	3.79153	0.0	730082	17	20.0
1606623003.7	160000	3.131467	0.0	56067905	1202	20.0
1606623004.75	160000	3.087472	0.0	45444680	785	160.0
1606623010.81	160000	1.403224	3.374	54798068	5790	-379.84000000000003
1606623011.05	20000	2.165231	0.0	5571764	189	-120.0
1606623011.27	20000	2.948703	0.0	4925652	175	20.0
1606623012.09	160000	3.123283	0.0	19559369	699	20.0
1606623012.95	160000	3.266708	0.0	22224402	724	160.0
1606623013.85	160000	3.371296	0.0	22578365	755	160.0
1606623014.19	160000	4.032267	0.0	8346702	277	160.0
1606623014.83	160000	4.387903	0.0	15775481	545	160.0
1606623015.28	160000	4.946393	0.0	9163235	376	160.0
1606623025.95	160000	1.320067	6.058	41307095	10475	-809.28
1606623032.15	160000	1.344772	5.223	28763893	6041	-675.68
1606623032.44	20000	2.060506	0.0	3419258	247	-120.0
1606623032.76	20000	2.740106	0.0	3944328	285	20.0
1606623035.43	160000	1.337448	0.265	27580394	2517	-22.400000000000006
1606623038.26	160000	1.371405	1.867	20329780	2730	-138.72000000000003
1606623040.22	160000	1.488716	1.075	16109183	1868	-12.0
1606623041.26	20000	1.446325	0.0	9946363	977	-120.0
1606623042.21	20000	1.501647	0.0	11684632	871	20.0
