1606621929.71	40000	1.000999	0.039	334476	27	-6.240000000000002
1606621931.08	160000	1.221644	0.226	14912671	1164	3.8400000000000034
1606621933.39	160000	1.347353	1.409	24265636	2140	-65.44
1606621935.25	160000	1.391949	0.886	22711544	1736	18.24000000000001
1606621936.77	160000	1.301822	0.396	19639705	1410	96.64
1606621938.56	160000	1.299034	0.757	20946809	1672	38.879999999999995
1606621939.48	160000	1.404785	0.031	11895609	842	155.04
1606621940.16	160000	1.732166	0.0	7597636	622	160.0
1606621940.53	20000	2.364229	0.0	4047415	331	-120.0
1606621940.8	20000	3.088016	0.0	2863079	243	20.0
1606621941.19	20000	3.699927	0.0	4167844	354	20.0
1606621941.68	20000	4.218531	0.0	5571764	438	20.0
1606621942.05	20000	4.847566	0.0	4925652	334	20.0
1606621943.54	160000	4.357039	0.0	19559369	1373	20.0
1606621945.26	160000	3.638129	0.0	22224402	1585	160.0
1606621947.24	160000	2.667713	0.0	22578365	1835	160.0
1606621947.9	160000	3.00091	0.0	8346702	603	160.0
1606621949.12	160000	2.785246	0.0	15775481	1120	160.0
1606621949.81	160000	3.08786	0.0	9163235	636	160.0
1606621959.41	160000	1.33395	6.84	41307095	9318	-934.4000000000001
1606621959.89	20000	1.864763	0.0	4814284	421	-120.0
1606621961.61	160000	1.44778	0.305	21266416	1606	-28.799999999999997
1606621963.16	160000	1.258068	0.362	23702229	1410	102.08
1606621964.92	160000	1.371242	0.872	27580394	1617	20.47999999999999
1606621966.34	160000	1.494209	0.543	20329780	1303	73.12
1606621968.39	160000	1.288691	0.839	16109183	1963	25.75999999999999
1606621969.25	20000	1.428654	0.0	9946363	791	-120.0
1606621970.21	20000	1.468117	0.0	11684632	887	20.0
1606621971.38	160000	1.380977	0.083	15251076	1090	6.719999999999999
1606621972.4	160000	1.463845	0.102	16574034	926	143.68
1606621973.15	160000	1.713843	0.0	13009028	673	160.0
1606621973.92	160000	1.946601	0.0	12791674	691	160.0
1606621974.64	160000	2.229435	0.0	11137898	651	160.0
1606621975.51	160000	2.357871	0.0	11485310	801	160.0
1606621976.33	160000	2.543661	0.0	12428518	740	160.0
1606621976.92	160000	2.953228	0.0	9963766	524	160.0
1606621977.55	160000	3.326578	0.0	12189364	552	160.0
1606621978.03	160000	3.843402	0.0	10142396	420	160.0
1606621978.48	160000	4.395444	0.0	10185488	385	160.0
1606621979.08	160000	4.791691	0.0	14061455	520	160.0
1606621979.95	160000	4.92646	0.0	20074099	741	160.0
1606621986.51	160000	1.322528	1.964	46115254	6295	-154.24
1606621990.97	160000	1.287582	3.421	40906522	4248	-387.36
1606621991.56	160000	1.697958	0.0	7891151	536	160.0
1606621993.17	160000	1.46074	0.37	21012466	1498	100.8
1606621995.04	160000	1.332232	0.744	23519424	1756	40.959999999999994
1606621996.62	160000	1.326891	0.575	18715420	1475	68.0
1606621997.87	160000	1.402848	0.321	17000816	1163	108.64
1606621999.06	160000	1.460256	0.25	14448126	1118	120.0
1606621999.73	160000	1.796115	0.0	6958676	611	160.0
1606622000.53	160000	2.000287	0.0	9088791	739	160.0
1606622001.13	160000	2.399698	0.0	7211881	553	160.0
1606622001.38	160000	3.146385	0.0	3063586	222	160.0
1606622001.61	160000	3.918396	0.0	2782179	201	160.0
1606622002.39	160000	4.143595	0.0	9958410	711	160.0
1606622003.36	160000	4.174311	0.0	12158708	892	160.0
1606622004.35	160000	4.185591	0.0	12300216	913	160.0
1606622005.54	160000	3.997199	0.0	15815684	1091	160.0
1606622006.6	160000	3.931728	0.0	13526256	986	160.0
1606622007.53	160000	4.002008	0.0	11995130	856	160.0
1606622008.63	160000	3.906114	0.0	13394791	1019	160.0
1606622009.76	160000	3.7723	0.0	14135828	1052	160.0
1606622010.99	160000	3.550009	0.0	15366126	1134	160.0
1606622012.29	160000	3.249937	0.0	14248439	1208	160.0
1606622013.42	160000	3.116077	0.0	13843717	1048	160.0
1606622014.72	160000	2.820198	0.0	14665119	1206	160.0
1606622016.66	160000	1.879326	0.0	21079187	1813	160.0
1606622018.7	160000	1.494367	0.651	25480074	1916	55.84
1606622020.56	160000	1.397044	0.764	23021754	1742	37.760000000000005
1606622023.02	160000	1.411898	1.469	27527834	2319	-75.03999999999999
1606622025.75	160000	1.381882	1.705	26155848	2613	-112.80000000000001
1606622027.44	160000	1.337618	0.645	17849379	1595	56.8
1606622028.92	160000	1.484263	0.623	16546531	1389	60.31999999999999
1606622030.13	160000	1.312433	0.04	17718949	1107	153.6
1606622031.2	160000	1.398915	0.155	17337137	983	135.2
1606622032.41	160000	1.258008	0.057	20008245	1082	150.88
1606622034.17	160000	1.309855	0.825	58430914	1399	28.0
1606622034.54	160000	1.94478	0.0	16292703	251	160.0
1606622035.09	160000	2.396903	0.0	25587422	393	160.0
1606622035.58	160000	2.903211	0.0	23982306	361	160.0
1606622035.87	160000	3.61498	0.0	13347845	207	160.0
1606622036.2	160000	4.285085	0.0	14337991	244	160.0
1606622036.69	160000	4.79714	0.0	14584990	402	160.0
1606622037.17	160000	5.325226	0.0	13962401	391	160.0
1606622037.85	160000	5.641072	0.0	14393788	590	160.0
1606622038.47	160000	6.022205	0.0	14649457	533	160.0
1606622039.0	160000	6.490573	0.0	13409715	453	160.0
1606622040.92	160000	5.578284	0.0	13909605	1832	160.0
1606622043.11	160000	4.382568	0.0	13301968	2113	160.0
1606622044.24	160000	4.252095	0.0	19025846	1016	160.0
1606622045.1	160000	4.402433	0.0	19295426	737	160.0
1606622050.51	160000	1.392325	1.415	18261873	5328	-66.4
1606622051.97	160000	1.308021	0.369	19847604	1345	100.96000000000001
1606622053.11	160000	1.41492	0.251	18767181	1051	119.84
1606622054.43	160000	1.42217	0.321	22420858	1200	108.64
1606622055.83	160000	1.251918	0.234	19324333	1303	122.56
1606622057.28	160000	1.486109	0.675	20392234	1339	52.0
1606622057.78	160000	1.978846	0.0	7671072	454	160.0
1606622058.93	160000	1.830641	0.0	17781906	1049	160.0
1606622059.68	160000	2.080424	0.0	12839336	674	160.0
1606622060.28	160000	2.482808	0.0	10779770	528	160.0
1606622060.98	160000	2.785707	0.0	14606687	609	160.0
1606622062.61	160000	2.158051	0.0	41866951	1373	160.0
1606622063.75	160000	2.012895	0.0	37238410	906	160.0
1606622064.15	160000	2.616608	0.0	14347759	310	160.0
1606622064.48	160000	3.29118	0.0	11399187	257	160.0
1606622064.79	160000	3.983149	0.0	10358641	239	160.0
1606622065.2	160000	4.567143	0.0	14315696	331	160.0
1606622065.79	160000	4.97999	0.0	23283631	446	160.0
1606622066.69	160000	5.085105	0.0	37521367	681	160.0
1606622067.21	160000	5.568798	0.0	22241104	380	160.0
1606622067.54	160000	6.239237	0.0	15813346	223	160.0
1606622067.87	160000	6.907059	0.0	17116450	229	160.0
1606622068.24	160000	7.536686	0.0	18867054	251	160.0
1606622068.56	160000	8.219413	0.0	17393609	210	160.0
1606622069.01	160000	8.767237	0.0	24759401	296	160.0
1606622069.47	160000	9.310856	0.0	25782433	302	160.0
1606622069.9	160000	9.880814	0.0	25885372	276	160.0
1606622070.34	160000	10.445723	0.0	26242011	280	160.0
1606622070.79	160000	11.004768	0.0	23865378	284	160.0
1606622071.24	160000	11.546285	0.0	25470681	303	160.0
1606622071.64	160000	12.141261	0.0	27258768	225	160.0
1606622071.9	160000	12.887393	0.0	17853711	136	160.0
1606622072.1	160000	13.683637	0.0	14829893	113	160.0
1606622072.49	160000	14.298972	0.0	27779697	216	160.0
1606622072.89	160000	14.898136	0.0	27714923	234	160.0
1606622073.27	160000	15.516893	0.0	25946474	219	160.0
1606622073.54	160000	16.247825	0.0	19596259	160	160.0
1606622073.88	160000	16.918089	0.0	23774167	193	160.0
1606622074.15	160000	17.643952	0.0	19373656	157	160.0
1606622074.49	160000	18.306687	0.0	23977420	208	160.0
1606622074.89	160000	18.900558	0.0	24493733	263	160.0
1606622075.14	160000	19.661011	0.0	14528511	155	160.0
1606622075.42	160000	20.375748	0.0	16841176	181	160.0
1606622075.66	160000	21.135206	0.0	16743604	135	160.0
1606622075.92	160000	21.882154	0.0	17975224	144	160.0
1606622076.22	160000	22.577984	0.0	22329548	181	160.0
1606622076.46	160000	23.342351	0.0	16001583	133	160.0
1606622076.73	160000	24.06779	0.0	18238584	167	160.0
1606622077.06	160000	24.739958	0.0	21308824	189	160.0
1606622077.34	160000	25.468102	0.0	17749058	158	160.0
1606622077.58	160000	26.236794	0.0	14127787	144	160.0
1606622077.87	160000	26.939459	0.0	17525699	181	160.0
1606622078.1	160000	27.708562	0.0	14240042	145	160.0
1606622078.43	160000	28.376694	0.0	20324139	207	160.0
1606622078.93	160000	28.877375	0.0	21993033	365	160.0
1606622079.38	160000	29.430038	0.0	18863108	314	160.0
1606622079.72	160000	30.094504	0.0	15964734	236	160.0
1606622079.9	160000	30.916812	0.0	8284939	121	160.0
1606622080.09	160000	31.727204	0.0	9004706	132	160.0
1606622080.24	160000	32.574703	0.0	6955279	102	160.0
1606622080.46	160000	33.351404	0.0	10701639	156	160.0
1606622080.66	160000	34.156204	0.0	9459459	134	160.0
1606622080.74	160000	35.082028	0.0	3212828	46	160.0
1606622080.8	160000	36.021165	0.0	2509989	36	160.0
1606622080.85	160000	36.970196	0.0	2004927	29	160.0
1606622080.87	160000	37.946383	0.0	591360	8	160.0
1606622080.93	160000	39.321248	0.0	2394426	34	160.0
1606622081.22	40000	1.000999	0.042	336477	9	-6.719999999999999
1606622081.64	160000	1.935808	0.0	14912671	248	40.0
1606622082.35	160000	2.226766	0.0	24265636	484	160.0
1606622093.27	160000	1.41446	9.089	22711544	10796	-1294.24
1606622095.04	160000	1.304606	0.607	19639705	1660	62.879999999999995
1606622095.18	20000	2.172862	0.0	1315024	104	-120.0
1606622095.25	20000	3.103242	0.0	698359	55	20.0
1606622096.58	160000	2.802728	0.0	7597636	1269	20.0
1606622097.06	20000	3.320298	0.0	4047415	437	-120.0
1606622097.39	20000	3.983868	0.0	2863079	309	20.0
1606622097.82	20000	4.559754	0.0	4167844	393	20.0
1606622098.38	20000	5.004059	0.0	5571764	516	20.0
1606622098.87	20000	5.509224	0.0	4925652	456	20.0
1606622100.66	160000	4.719256	0.0	19559369	1677	20.0
1606622102.3	160000	4.085261	0.0	22224402	1505	160.0
1606622103.48	160000	3.89795	0.0	22578365	1053	160.0
1606622109.04	160000	1.309265	1.964	8346702	5493	-154.24
1606622109.81	160000	1.543011	0.0	15775481	678	160.0
1606622110.11	160000	2.234845	0.0	9163235	245	160.0
1606622111.29	160000	2.063743	0.0	41307095	836	160.0
1606622111.86	160000	2.495008	0.0	28763893	403	160.0
1606622112.24	160000	3.119896	0.0	21266416	245	160.0
1606622112.66	160000	3.68914	0.0	23702229	287	160.0
1606622113.13	160000	4.22975	0.0	27580394	295	160.0
1606622113.48	160000	4.876783	0.0	20329780	215	160.0
1606622113.76	160000	5.599012	0.0	16109183	179	160.0
1606622114.88	160000	5.477583	0.0	58830800	660	160.0
