1606623613.11	40000	1.000999	0.104	334476	91	-16.64
1606623615.78	80000	1.224278	1.519	14912671	2470	-203.04
1606623617.76	160000	1.348308	1.072	24265636	1802	-91.52000000000001
1606623619.8	160000	1.422487	1.1	22711544	1935	-16.0
1606623621.42	160000	1.314678	0.478	19639705	1501	83.52
1606623623.11	160000	1.317091	0.669	20946809	1576	52.959999999999994
1606623624.03	160000	1.487067	0.09	11895609	850	145.6
1606623624.59	160000	1.927196	0.0	7597636	508	160.0
1606623624.89	20000	2.621773	0.0	4047415	269	-120.0
1606623625.11	20000	3.403509	0.0	2863079	191	20.0
1606623625.44	20000	4.089394	0.0	4167844	278	20.0
1606623625.86	20000	4.66498	0.0	5571764	373	20.0
1606623626.23	20000	5.294583	0.0	4925652	334	20.0
1606623627.66	160000	4.858367	0.0	19559369	1316	20.0
1606623629.76	160000	3.758337	0.0	22224402	1962	160.0
1606623631.85	160000	2.68189	0.0	22578365	1944	160.0
1606623634.38	160000	1.337113	0.189	8346702	2478	129.76
1606623634.48	20000	2.232062	0.0	1113969	82	-120.0
1606623635.24	160000	2.47388	0.0	9163235	699	20.0
1606623647.8	160000	1.280028	10.366	41307095	12279	-1498.56
1606623649.19	20000	1.396945	0.504	4814284	1348	-200.64
1606623649.45	20000	2.136207	0.0	3419258	230	20.0
1606623651.21	160000	1.381896	0.0	23702229	1615	20.0
1606623653.31	160000	1.403956	1.126	27580394	1962	-20.159999999999997
1606623655.18	160000	1.281373	0.744	20329780	1751	40.959999999999994
1606623656.42	160000	1.276965	0.237	16109183	1158	122.08
1606623657.21	20000	1.4968	0.0	9946363	712	-120.0
1606623658.32	20000	1.380139	0.0	11684632	1037	20.0
1606623662.0	160000	1.267115	2.563	15251076	3589	-390.08
1606623664.71	160000	1.304343	1.742	16574034	2612	-118.72000000000003
1606623667.75	160000	1.324506	2.057	13009028	2968	-169.12
1606623669.77	160000	1.38174	1.085	12791674	1961	-13.599999999999994
1606623670.74	160000	1.467705	0.057	11137898	906	150.88
1606623671.76	160000	1.455618	0.0	11485310	943	160.0
1606623676.75	160000	1.277105	3.81	12428518	4909	-449.6
1606623681.5	160000	1.338808	3.815	9963766	4692	-450.4
1606623682.21	20000	1.635155	0.0	1894067	679	-120.0
1606623682.58	20000	2.267582	0.0	1186604	348	20.0
1606623682.91	20000	2.935536	0.0	1068386	313	20.0
1606623684.0	20000	2.847282	0.0	1700843	1066	20.0
1606623685.07	20000	2.772193	0.0	2536859	1046	20.0
1606623686.73	20000	2.114319	0.0	4742872	1618	20.0
1606623687.66	20000	2.19124	0.0	4955535	885	20.0
1606623688.89	160000	1.957964	0.0	7891151	1175	20.0
1606623691.49	160000	1.413161	1.058	21012466	2481	-9.280000000000001
1606623694.08	160000	1.47089	1.642	23519424	2466	-102.72000000000003
1606623696.22	160000	1.364774	1.034	18715420	2049	-5.439999999999998
1606623697.73	160000	1.399014	0.536	17000816	1417	74.24
1606623699.85	160000	1.436331	1.167	14448126	2050	-26.72
1606623700.72	160000	1.566999	0.0	6958676	820	160.0
1606623701.55	160000	1.745735	0.0	9088791	762	160.0
1606623702.19	160000	2.111772	0.0	7211881	585	160.0
1606623702.44	160000	2.856365	0.0	3063586	216	160.0
1606623702.66	160000	3.632642	0.0	2782179	196	160.0
1606623703.49	160000	3.802111	0.0	9958410	767	160.0
1606623704.71	160000	3.589606	0.0	12158708	1140	160.0
1606623705.73	160000	3.570346	0.0	12300216	947	160.0
1606623706.97	160000	3.329039	0.0	15815684	1143	160.0
1606623708.02	160000	3.278525	0.0	13526256	966	160.0
1606623709.08	160000	3.222262	0.0	11995130	983	160.0
1606623710.21	160000	3.096042	0.0	13394791	1045	160.0
1606623711.44	160000	2.863681	0.0	14135828	1148	160.0
1606623712.63	160000	2.678075	0.0	15366126	1099	160.0
1606623714.97	160000	1.337606	0.0	14248439	2248	160.0
1606623720.28	160000	1.36915	4.347	13843717	5237	-535.52
1606623722.39	160000	1.46745	1.199	14665119	2030	-31.840000000000003
1606623724.41	160000	1.418087	0.969	21079187	1916	4.960000000000008
1606623726.38	160000	1.388794	0.94	25480074	1835	9.599999999999994
1606623729.44	160000	1.320658	1.996	23021754	2931	-159.36
1606623735.76	160000	1.29203	5.29	27527834	6171	-686.4
1606623737.84	160000	1.360079	1.141	26155848	1926	-22.560000000000002
1606623739.18	160000	1.260784	0.245	17849379	1251	120.8
1606623740.42	160000	1.257342	0.236	16546531	1147	122.24000000000001
1606623741.76	160000	1.494663	0.569	17718949	1244	68.96
1606623743.34	160000	1.314824	0.4	17337137	1487	96.0
1606623747.19	160000	1.465923	3.007	20008245	3750	-321.12
1606623752.01	160000	1.288852	3.64	58430914	4391	-422.4
1606623756.89	160000	1.365309	3.951	16292703	4771	-472.15999999999997
1606623767.3	160000	1.317839	9.361	25587422	10272	-1337.76
1606623770.35	160000	1.430217	2.162	23982306	2928	-185.92000000000002
1606623771.67	160000	1.343539	0.23	13347845	1248	123.2
1606623772.87	160000	1.324765	0.181	14337991	1128	131.04
1606623774.47	160000	1.257053	0.532	14584990	1521	74.88
1606623780.78	160000	1.290171	5.343	13962401	6232	-694.88
1606623785.99	160000	1.384867	4.3	14393788	5128	-528.0
1606623793.66	160000	1.436578	6.721	14649457	7598	-915.3599999999999
1606623794.71	20000	1.40866	0.026	1538145	1031	-124.16
1606623799.59	160000	1.435569	3.901	13909605	4793	-604.16
1606623800.98	160000	1.337486	0.293	13301968	1323	113.12
1606623802.54	160000	1.381229	0.605	19025846	1459	63.2
1606623804.34	160000	1.47218	0.891	19295426	1691	17.439999999999998
1606623805.84	160000	1.379749	0.404	18261873	1400	95.36
1606623807.66	160000	1.285391	0.719	19847604	1713	44.959999999999994
1606623809.06	160000	1.489948	0.61	18767181	1302	62.400000000000006
1606623810.81	160000	1.366249	0.618	22420858	1623	61.120000000000005
1606623812.39	160000	1.477184	0.69	19324333	1477	49.599999999999994
1606623814.01	160000	1.426804	0.558	20392234	1497	70.72
1606623814.64	160000	1.783381	0.0	7671072	570	160.0
1606623816.06	160000	1.487112	0.113	17781906	1311	141.92000000000002
1606623817.19	160000	1.348271	0.0	12839336	1055	160.0
1606623818.25	160000	1.352007	0.064	10779770	998	149.76
1606623819.53	160000	1.415743	0.342	14606687	1200	105.28
1606623823.15	160000	1.258634	2.467	41866951	3429	-234.72000000000003
1606623826.57	160000	1.477006	2.63	37238410	3239	-260.8
1606623827.97	160000	1.357786	0.285	14347759	1332	114.4
1606623829.11	160000	1.394315	0.17	11399187	1075	132.8
1606623830.21	160000	1.295663	0.0	10358641	1037	160.0
1606623831.53	160000	1.316673	0.346	14315696	1253	104.64
1606623836.12	160000	1.413731	3.684	23283631	4462	-429.44000000000005
1606623839.32	160000	1.348509	2.129	37521367	3010	-180.64
1606623841.8	160000	1.452944	1.591	22241104	2372	-94.56
