1606463286.14	40000	1.000999	0.034	334476	22	-5.439999999999998
1606463287.44	80000	1.258507	0.189	14912671	1096	9.760000000000005
1606463289.35	80000	1.343351	0.971	22644885	1771	-75.36000000000001
1606463290.66	80000	1.435567	0.378	17135714	1219	19.520000000000003
1606463292.38	160000	1.241877	0.497	19639705	1604	0.480000000000004
1606463294.22	160000	1.254146	0.812	20946809	1733	30.080000000000013
1606463295.33	160000	1.31738	0.173	11895609	1048	132.32
1606463295.9	160000	1.744734	0.0	7597636	520	160.0
1606463298.41	80000	1.390954	1.151	29583867	2280	-184.16
1606463299.65	80000	1.395824	0.243	15816325	1149	41.12
1606463300.79	80000	1.390442	0.135	15275967	1067	58.4
1606463302.63	80000	1.27654	0.722	20600381	1725	-35.519999999999996
1606463303.92	80000	1.493378	0.507	17710542	1193	-1.1200000000000045
1606463305.45	160000	1.258424	0.3	19559369	1425	32.0
1606463307.36	160000	1.309572	0.955	22224402	1779	7.199999999999989
1606463308.53	160000	1.266315	0.116	22578365	1038	141.44
1606463308.88	160000	1.911188	0.0	8346702	291	160.0
1606463310.53	160000	1.385147	0.125	15775481	1567	140.0
1606463312.56	160000	1.26132	0.903	9163235	1978	15.52000000000001
1606463317.52	80000	1.415343	4.112	20277060	4843	-657.92
1606463318.28	80000	1.665245	0.0	14877694	664	80.0
1606463318.93	160000	2.006871	0.0	21266416	523	80.0
1606463319.8	160000	2.134052	0.0	23702229	730	160.0
1606463320.68	160000	2.251557	0.0	27580394	721	160.0
1606463321.25	160000	2.691368	0.0	20329780	439	160.0
1606463321.72	160000	3.214825	0.0	16109183	355	160.0
1606463323.29	160000	2.650652	0.0	58830800	1053	160.0
1606463324.74	160000	2.196068	0.0	66935122	1079	160.0
1606463325.07	160000	2.866783	0.0	15251076	236	160.0
1606463325.46	160000	3.481293	0.0	16574034	280	160.0
1606463325.78	160000	4.171452	0.0	13009028	231	160.0
1606463326.11	160000	4.835719	0.0	12791674	241	160.0
1606463326.37	160000	5.575649	0.0	11137898	191	160.0
1606463326.63	160000	6.319397	0.0	11485310	176	160.0
1606463326.89	160000	7.05612	0.0	12428518	191	160.0
1606463327.1	160000	7.843627	0.0	9963766	152	160.0
1606463327.4	160000	8.544091	0.0	12189364	229	160.0
1606463327.68	160000	9.279657	0.0	10142396	205	160.0
1606463327.95	160000	10.00461	0.0	10185488	206	160.0
1606463328.3	160000	10.651372	0.0	14061455	271	160.0
1606463328.75	160000	11.204263	0.0	20074099	331	160.0
1606463329.91	160000	11.041677	0.0	46115254	913	160.0
1606463331.0	160000	10.956322	0.0	40906522	857	160.0
1606463331.2	160000	11.750505	0.0	7891151	153	160.0
1606463331.75	160000	12.206712	0.0	21012466	414	160.0
1606463332.36	160000	12.601416	0.0	23519424	471	160.0
1606463332.79	160000	13.171577	0.0	18715420	323	160.0
1606463333.18	160000	13.780209	0.0	17000816	293	160.0
1606463333.53	160000	14.431183	0.0	14448126	266	160.0
1606463333.71	160000	15.249502	0.0	6958676	127	160.0
1606463333.94	160000	16.025019	0.0	9088791	168	160.0
1606463334.12	160000	16.842588	0.0	7211881	133	160.0
1606463334.21	160000	17.756994	0.0	3063586	56	160.0
1606463334.28	160000	18.682082	0.0	2782179	49	160.0
1606463334.51	160000	19.451491	0.0	9958410	170	160.0
1606463334.79	160000	20.174722	0.0	12158708	207	160.0
1606463335.08	160000	20.892665	0.0	12300216	210	160.0
1606463335.45	160000	21.516135	0.0	15815684	284	160.0
1606463335.8	160000	22.183538	0.0	13526256	255	160.0
1606463336.1	160000	22.875772	0.0	11995130	226	160.0
1606463336.48	160000	23.494964	0.0	13394791	303	160.0
1606463336.93	160000	24.044144	0.0	14135828	371	160.0
1606463337.42	160000	24.550671	0.0	15366126	409	160.0
1606463337.91	160000	25.061854	0.0	14248439	408	160.0
1606463338.43	160000	25.551148	0.0	13843717	432	160.0
1606463339.11	160000	25.863395	0.0	14665119	598	160.0
1606463339.98	160000	25.999019	0.0	21079187	740	160.0
1606463341.59	160000	25.388578	0.0	25480074	1468	160.0
1606463342.56	160000	25.425415	0.0	23021754	828	160.0
1606463343.62	160000	25.360275	0.0	27527834	912	160.0
1606463344.83	160000	25.157338	0.0	26155848	1039	160.0
1606463345.94	160000	25.045758	0.0	17849379	1004	160.0
1606463350.61	160000	21.376287	0.0	16546531	4564	160.0
1606463351.99	160000	20.99028	0.0	17718949	1280	160.0
1606463353.57	160000	20.412054	0.0	17337137	1474	160.0
1606463355.48	160000	19.504333	0.0	20008245	1793	160.0
1606463360.33	160000	15.660108	0.0	58430914	4529	160.0
1606463361.58	160000	15.408012	0.0	16292703	1154	160.0
1606463363.59	160000	14.397158	0.0	25587422	1867	160.0
1606463365.49	160000	13.506154	0.0	23982306	1753	160.0
1606463366.62	160000	13.376218	0.0	13347845	1048	160.0
1606463367.82	160000	13.170675	0.0	14337991	1121	160.0
1606463369.16	160000	12.838045	0.0	14584990	1249	160.0
1606463370.26	160000	12.735075	0.0	13962401	1024	160.0
1606463371.64	160000	12.356842	0.0	14393788	1296	160.0
1606463372.92	160000	12.080327	0.0	14649457	1190	160.0
1606463373.93	160000	12.072002	0.0	13409715	929	160.0
1606463374.97	160000	12.031438	0.0	13909605	957	160.0
1606463375.96	160000	12.043212	0.0	13301968	911	160.0
1606463377.43	160000	11.572307	0.0	19025846	1352	160.0
1606463379.12	160000	10.879945	0.0	19295426	1583	160.0
1606463380.77	160000	10.229897	0.0	18261873	1543	160.0
1606463382.58	160000	9.422737	0.0	19847604	1686	160.0
1606463384.06	160000	8.941381	0.0	18767181	1371	160.0
1606463385.98	160000	8.025638	0.0	22420858	1785	160.0
1606463387.84	160000	7.167395	0.0	19324333	1740	160.0
1606463389.08	160000	6.925815	0.0	20392234	1124	160.0
1606463389.46	160000	7.545645	0.0	7671072	329	160.0
1606463390.25	160000	7.758431	0.0	17781906	686	160.0
1606463390.8	160000	8.209743	0.0	12839336	464	160.0
1606463391.23	160000	8.778552	0.0	10779770	364	160.0
1606463392.3	160000	8.70914	0.0	14606687	985	160.0
1606463394.42	160000	7.594749	0.0	41866951	1868	160.0
1606463402.84	160000	1.354516	1.183	37238410	8208	-29.28
1606463404.03	160000	1.288871	0.128	14347759	1120	139.52
1606463404.98	160000	1.418731	0.076	11399187	884	147.84
1606463405.74	160000	1.665465	0.0	10358641	689	160.0
1606463406.52	160000	1.882543	0.0	14315696	698	160.0
1606463407.65	160000	1.75063	0.0	23283631	996	160.0
1606463409.34	160000	1.414052	0.353	37521367	1490	103.52000000000001
1606463410.39	160000	1.412401	0.048	22241104	922	152.32
1606463411.13	160000	1.678088	0.0	15813346	638	160.0
1606463411.92	160000	1.888941	0.0	17116450	687	160.0
1606463412.82	160000	1.983988	0.0	18867054	793	160.0
1606463413.62	160000	2.188227	0.0	17393609	693	160.0
1606463414.76	160000	2.054068	0.0	24759401	993	160.0
1606463416.19	160000	1.628704	0.0	25782433	1276	160.0
1606463417.4	160000	1.476773	0.069	25885372	1053	148.96
1606463419.22	160000	1.478396	0.82	26242011	1692	28.80000000000001
1606463420.16	160000	1.543513	0.0	23865378	781	160.0
1606463421.34	160000	1.36625	0.0	25470681	1027	160.0
1606463429.28	160000	1.301851	6.874	27258768	7779	-939.8399999999999
1606463430.78	160000	1.42685	0.621	17853711	1406	60.64
1606463431.83	160000	1.371062	0.0	14829893	969	160.0
1606463432.82	160000	1.443505	0.064	27779697	830	149.76
1606463433.71	160000	1.561249	0.0	27714923	730	160.0
1606463434.33	160000	1.938636	0.0	25946474	457	160.0
1606463434.77	160000	2.498002	0.0	19596259	323	160.0
1606463435.3	160000	2.974981	0.0	23774167	384	160.0
1606463435.73	160000	3.538166	0.0	19373656	312	160.0
1606463436.31	160000	3.966814	0.0	23977420	432	160.0
1606463436.9	160000	4.379742	0.0	24493733	451	160.0
1606463437.24	160000	5.030788	0.0	14528511	266	160.0
1606463437.68	160000	5.596116	0.0	16841176	334	160.0
1606463438.1	160000	6.17608	0.0	16743604	321	160.0
1606463438.57	160000	6.711608	0.0	17975224	356	160.0
1606463439.62	160000	6.662028	0.0	22329548	915	160.0
1606463448.52	160000	1.370194	2.616	16001583	8809	-258.56
1606463449.56	160000	1.487788	0.158	18238584	948	134.72
1606463450.46	160000	1.596031	0.0	21308824	763	160.0
1606463451.14	160000	1.911241	0.0	17749058	579	160.0
1606463451.7	160000	2.353077	0.0	14127787	478	160.0
1606463452.28	160000	2.772111	0.0	17525699	477	160.0
1606463452.71	160000	3.34853	0.0	14240042	340	160.0
1606463453.5	160000	3.556635	0.0	20324139	674	160.0
1606463454.42	160000	3.63471	0.0	21993033	797	160.0
1606463455.13	160000	3.927899	0.0	18863108	588	160.0
1606463455.6	160000	4.457285	0.0	15964734	375	160.0
1606463455.86	160000	5.199482	0.0	8284939	194	160.0
1606463456.1	160000	5.9572	0.0	9004706	186	160.0
1606463456.29	160000	6.773715	0.0	6955279	137	160.0
1606463456.57	160000	7.497349	0.0	10701639	211	160.0
1606463456.81	160000	8.250976	0.0	9459459	185	160.0
1606463456.91	160000	9.158308	0.0	3212828	64	160.0
1606463456.99	160000	10.077612	0.0	2509989	55	160.0
1606463457.06	160000	11.005513	0.0	2004927	49	160.0
1606463457.09	160000	11.974979	0.0	591360	14	160.0
1606463457.17	160000	13.327574	0.0	2394426	58	160.0
1606463457.48	40000	1.000999	0.057	336477	2	-9.119999999999997
1606463458.02	160000	1.815718	0.0	14912671	365	40.0
1606463458.73	160000	2.107621	0.0	24265636	471	160.0
1606463463.66	160000	1.411577	3.218	22711544	4810	-354.88
1606463464.97	80000	1.306487	0.175	13114792	1231	-28.0
1606463470.93	160000	1.287909	4.916	20946809	5833	-706.56
1606463471.18	20000	2.036458	0.0	698359	228	-120.0
1606463472.27	80000	1.942576	0.0	5425476	1053	20.0
1606463473.98	80000	1.456743	0.221	29583867	1529	44.64
1606463477.2	160000	1.428778	2.19	45444680	2950	-270.4
1606463486.44	80000	1.361839	8.167	15275967	9148	-1306.72
1606463488.35	80000	1.288137	0.839	20600381	1807	-54.24000000000001
1606463489.81	80000	1.378108	0.552	17710542	1368	-8.319999999999993
1606463491.38	160000	1.430697	0.617	19559369	1459	-18.72
1606463493.36	160000	1.298227	0.851	22224402	1868	23.840000000000003
1606463495.24	160000	1.399697	0.976	22578365	1759	3.8400000000000034
1606463495.93	160000	1.707439	0.0	8346702	639	160.0
1606463498.24	160000	1.377308	0.983	15775481	2230	2.719999999999999
1606463498.89	160000	1.726607	0.0	9163235	594	160.0
1606463500.88	160000	1.36124	0.616	41307095	1781	61.44
1606463502.31	160000	1.478695	0.546	28763893	1289	72.64
1606463508.12	160000	1.275397	4.609	21266416	5688	-577.44
1606463509.72	80000	1.384833	0.715	13274781	1535	-114.4
1606463510.97	160000	1.306398	0.167	27580394	1103	53.28
1606463511.78	160000	1.506683	0.0	20329780	670	160.0
1606463512.37	160000	1.909336	0.0	16109183	497	160.0
1606463514.97	160000	1.077514	0.767	58830800	2187	37.28
