1606545497.59	40000	1.000999	0.053	334476	39	-8.48
1606545499.03	80000	1.445083	0.523	14912671	1249	-43.68000000000001
1606545501.01	80000	1.30964	0.825	22644885	1840	-52.0
1606545502.45	80000	1.407886	0.506	17135714	1336	-0.9599999999999937
1606545504.21	160000	1.262408	0.586	19639705	1646	-13.760000000000005
1606545505.79	160000	1.374645	0.648	20946809	1472	56.31999999999999
1606545506.82	160000	1.345247	0.0	11895609	958	160.0
1606545507.59	160000	1.573368	0.0	7597636	721	160.0
1606545509.35	80000	1.276424	0.457	29583867	1533	-73.12
1606545510.6	160000	1.308333	0.298	45444680	909	32.31999999999999
1606545511.9	160000	1.210242	0.199	54798068	1027	128.16
1606545517.62	160000	1.287283	4.8	69464107	5304	-608.0
1606545521.14	160000	1.270558	2.496	50637608	3274	-239.36
1606545521.92	160000	1.492249	0.0	19559369	658	160.0
1606545522.86	160000	1.54749	0.0	22224402	813	160.0
1606545528.54	160000	1.270256	4.394	22578365	5553	-543.04
1606545528.79	80000	2.018829	0.0	3201928	218	0.0
1606545529.96	160000	1.853028	0.0	15775481	1066	80.0
1606545530.64	160000	2.164316	0.0	9163235	622	160.0
1606545533.93	160000	1.374782	1.498	41307095	3085	-79.68
1606545536.28	160000	1.417919	1.391	28763893	2192	-62.56
1606545537.86	160000	1.309912	0.466	21266416	1467	85.44
1606545539.68	160000	1.277414	0.789	23702229	1687	33.760000000000005
1606545541.97	160000	1.290145	1.3	27580394	2147	-48.0
1606545543.86	160000	1.367829	0.967	20329780	1773	5.280000000000001
1606545545.16	160000	1.312504	0.25	16109183	1217	120.0
1606545548.12	80000	1.337598	1.976	34554431	2759	-316.16
1606545551.15	80000	1.315255	2.007	37801487	2839	-241.12
1606545552.29	160000	1.323648	0.144	15251076	1054	56.96000000000001
1606545553.53	160000	1.469098	0.39	16574034	1160	97.6
1606545554.5	160000	1.502064	0.0	13009028	885	160.0
1606545555.61	160000	1.388683	0.0	12791674	1036	160.0
1606545556.46	160000	1.547977	0.0	11137898	773	160.0
1606545557.3	160000	1.701483	0.0	11485310	769	160.0
1606545558.26	160000	1.744338	0.0	12428518	878	160.0
1606545559.07	160000	1.938282	0.0	9963766	744	160.0
1606545560.05	160000	1.958126	0.0	12189364	905	160.0
1606545560.83	160000	2.174295	0.0	10142396	721	160.0
1606545561.66	160000	2.351228	0.0	10185488	759	160.0
1606545562.95	160000	2.056416	0.0	14061455	1212	160.0
1606545564.65	160000	1.360648	0.0	20074099	1576	160.0
1606545567.22	80000	1.371275	1.582	26113743	2437	-253.12
1606545569.07	80000	1.454832	0.927	22860019	1733	-68.32
1606545569.67	160000	1.856445	0.0	7891151	545	80.0
1606545571.48	160000	1.384424	0.335	21012466	1699	106.4
1606545573.43	160000	1.470591	1.041	23519424	1839	-6.560000000000002
1606545575.15	160000	1.262586	0.507	18715420	1619	78.88
1606545576.46	160000	1.270872	0.317	17000816	1217	109.28
1606545577.64	160000	1.337383	0.249	14448126	1107	120.16
1606545578.31	160000	1.66776	0.0	6958676	625	160.0
1606545579.14	160000	1.84046	0.0	9088791	769	160.0
1606545579.69	160000	2.294686	0.0	7211881	497	160.0
1606545579.89	160000	3.096907	0.0	3063586	169	160.0
1606545579.99	160000	3.989598	0.0	2782179	82	160.0
1606545580.35	160000	4.637161	0.0	9958410	292	160.0
1606545580.78	160000	5.2079	0.0	12158708	356	160.0
1606545581.14	160000	5.850656	0.0	12300216	285	160.0
1606545581.59	160000	6.393539	0.0	15815684	364	160.0
1606545581.97	160000	7.015331	0.0	13526256	302	160.0
1606545582.32	160000	7.674451	0.0	11995130	271	160.0
1606545582.7	160000	8.291252	0.0	13394791	303	160.0
1606545583.29	160000	8.70465	0.0	14135828	505	160.0
1606545584.02	160000	8.975877	0.0	15366126	646	160.0
1606545584.47	160000	9.528504	0.0	14248439	365	160.0
1606545584.91	160000	10.082253	0.0	13843717	361	160.0
1606545585.3	160000	10.691935	0.0	14665119	304	160.0
1606545585.86	160000	11.138513	0.0	21079187	437	160.0
1606545589.13	160000	8.87238	0.0	25480074	3101	160.0
1606545592.6	160000	6.402023	0.0	23021754	3332	160.0
1606545594.33	160000	5.669806	0.0	27527834	1562	160.0
1606545595.1	160000	5.897173	0.0	26155848	629	160.0
1606545595.48	160000	6.519107	0.0	17849379	252	160.0
1606545595.82	160000	7.186263	0.0	16546531	233	160.0
1606545596.13	160000	7.872927	0.0	17718949	210	160.0
1606545596.41	160000	8.591428	0.0	17337137	177	160.0
1606545596.74	160000	9.268918	0.0	20008245	204	160.0
1606545597.64	160000	9.362675	0.0	58430914	578	160.0
1606545597.9	160000	10.106511	0.0	16292703	155	160.0
1606545598.29	160000	10.722791	0.0	25587422	244	160.0
1606545598.65	160000	11.360913	0.0	23982306	228	160.0
1606545598.86	160000	12.151934	0.0	13347845	127	160.0
1606545599.08	160000	12.92919	0.0	14337991	132	160.0
1606545599.29	160000	13.720133	0.0	14584990	125	160.0
1606545599.49	160000	14.518787	0.0	13962401	119	160.0
1606545599.7	160000	15.312805	0.0	14393788	123	160.0
1606545599.91	160000	16.103819	0.0	14649457	125	160.0
1606545600.14	160000	16.878374	0.0	13409715	148	160.0
1606545600.39	160000	17.626913	0.0	13909605	171	160.0
1606545600.63	160000	18.38711	0.0	13301968	162	160.0
1606545600.99	160000	19.029768	0.0	19025846	239	160.0
1606545601.33	160000	19.686897	0.0	19295426	230	160.0
1606545601.66	160000	20.35847	0.0	18261873	220	160.0
1606545602.02	160000	20.998638	0.0	19847604	235	160.0
1606545602.37	160000	21.650588	0.0	18767181	241	160.0
1606545602.79	160000	22.238002	0.0	22420858	288	160.0
1606545603.25	160000	22.778402	0.0	19324333	341	160.0
1606545603.97	160000	23.053449	0.0	20392234	609	160.0
1606545604.16	160000	23.863144	0.0	7671072	137	160.0
1606545604.59	160000	24.439776	0.0	17781906	321	160.0
1606545604.9	160000	25.132965	0.0	12839336	232	160.0
1606545605.17	160000	25.857638	0.0	10779770	210	160.0
1606545605.54	160000	26.493558	0.0	14606687	273	160.0
1606545606.54	160000	26.492141	0.0	41866951	751	160.0
1606545607.46	160000	26.577774	0.0	37238410	701	160.0
1606545607.91	160000	27.123418	0.0	14347759	370	160.0
1606545608.35	160000	27.68188	0.0	11399187	372	160.0
1606545608.79	160000	28.244916	0.0	10358641	370	160.0
1606545609.84	160000	28.201712	0.0	14315696	962	160.0
1606545613.78	160000	25.255647	0.0	23283631	3808	160.0
1606545616.94	160000	23.096392	0.0	37521367	2939	160.0
1606545618.57	160000	22.46736	0.0	22241104	1502	160.0
1606545619.81	160000	22.234245	0.0	15813346	1134	160.0
1606545621.09	160000	21.950804	0.0	17116450	1179	160.0
1606545624.6	160000	19.440481	0.0	18867054	3390	160.0
1606545633.72	160000	11.328412	0.0	17393609	8998	160.0
1606545635.68	160000	10.370268	0.0	24759401	1811	160.0
1606545637.69	160000	9.360483	0.0	25782433	1862	160.0
1606545638.89	160000	9.157512	0.0	25885372	1039	160.0
1606545640.0	160000	9.056444	0.0	26242011	942	160.0
1606545641.01	160000	9.036812	0.0	23865378	859	160.0
1606545642.07	160000	8.98507	0.0	25470681	900	160.0
1606545645.49	160000	6.561842	0.0	27258768	3251	160.0
1606545646.88	160000	6.169266	0.0	17853711	1283	160.0
1606545648.04	160000	6.010497	0.0	14829893	1071	160.0
1606545650.23	160000	4.821761	0.0	27779697	2022	160.0
1606545653.13	160000	2.923329	0.0	27714923	2741	160.0
1606545654.33	160000	2.723766	0.0	25946474	1042	160.0
1606545654.95	160000	3.109618	0.0	19596259	501	160.0
1606545655.64	160000	3.414019	0.0	23774167	556	160.0
1606545656.16	160000	3.899787	0.0	19373656	398	160.0
1606545656.78	160000	4.278132	0.0	23977420	486	160.0
1606545657.42	160000	4.643626	0.0	24493733	495	160.0
1606545657.78	160000	5.284434	0.0	14528511	275	160.0
1606545658.19	160000	5.877331	0.0	16841176	302	160.0
1606545658.62	160000	6.445667	0.0	16743604	336	160.0
1606545659.12	160000	6.950765	0.0	17975224	388	160.0
1606545660.41	160000	6.659784	0.0	22329548	1146	160.0
1606545661.73	160000	6.33318	0.0	16001583	1231	160.0
1606545662.28	160000	6.787571	0.0	18238584	441	160.0
1606545662.82	160000	7.247322	0.0	21308824	414	160.0
1606545663.27	160000	7.802861	0.0	17749058	334	160.0
1606545677.74	160000	1.423531	7.094	14127787	14383	-975.04
1606545679.2	160000	1.269323	0.304	17525699	1366	111.36
1606545680.4	160000	1.316845	0.25	14240042	1128	120.0
1606545681.97	160000	1.292649	0.549	20324139	1468	72.16
1606545684.17	160000	1.375804	1.274	21993033	2081	-43.84
1606545686.87	160000	1.368319	1.7	18863108	2600	-112.0
1606545688.19	160000	1.351855	0.297	15964734	1227	112.47999999999999
1606545688.73	160000	1.813136	0.0	8284939	487	160.0
1606545689.23	160000	2.314252	0.0	9004706	445	160.0
1606545689.58	160000	2.958305	0.0	6955279	311	160.0
1606545689.97	160000	3.578392	0.0	10701639	314	160.0
1606545690.3	160000	4.240053	0.0	9459459	277	160.0
1606545690.43	160000	5.117958	0.0	3212828	94	160.0
1606545690.53	160000	6.018968	0.0	2509989	74	160.0
1606545690.59	160000	6.957809	0.0	2004927	38	160.0
1606545690.62	160000	7.930883	0.0	591360	11	160.0
1606545690.69	160000	9.294682	0.0	2394426	45	160.0
1606545691.03	40000	1.000999	0.037	336477	9	-5.920000000000002
1606545691.48	160000	1.840303	0.0	14912671	286	40.0
1606545692.11	160000	2.211168	0.0	24265636	402	160.0
1606545692.63	160000	2.694344	0.0	22711544	374	160.0
1606545693.05	160000	3.304653	0.0	19639705	298	160.0
1606545693.5	160000	3.882271	0.0	20946809	317	160.0
1606545693.77	160000	4.614004	0.0	11895609	190	160.0
1606545693.95	160000	5.44067	0.0	7597636	123	160.0
1606545700.4	160000	1.273736	1.194	56067905	6032	-31.039999999999992
1606545703.9	160000	1.46936	2.695	45444680	3285	-271.2
1606545708.76	160000	1.416952	3.804	54798068	4597	-448.64
1606545710.43	80000	1.472335	0.729	20600381	1559	-116.64
1606545714.51	160000	1.4529	3.054	50637608	3824	-408.64
1606545716.02	160000	1.262216	0.32	19559369	1402	108.8
1606545717.96	160000	1.333787	1.009	22224402	1825	-1.4399999999999977
1606545719.86	160000	1.343183	0.912	22578365	1782	14.080000000000013
1606545720.48	160000	1.72243	0.0	8346702	566	160.0
1606545721.81	160000	1.432132	0.036	15775481	1229	154.24
1606545722.56	160000	1.683554	0.0	9163235	689	160.0
1606545725.82	160000	1.295494	1.872	41307095	3065	-139.51999999999998
