1606449303.1	40000	1.000999	0.039	334476	21	-6.240000000000002
1606449304.42	160000	1.228015	0.2	14912671	1125	8.0
1606449306.49	160000	1.330561	1.15	24265636	1894	-24.0
1606449308.48	160000	1.435849	1.069	22711544	1867	-11.039999999999992
1606449310.0	160000	1.285074	0.345	19639705	1412	104.8
1606449311.86	160000	1.284917	0.831	20946809	1741	27.039999999999992
1606449312.99	160000	1.366191	0.216	11895609	1059	125.44
1606449313.3	160000	2.055731	0.0	7597636	260	160.0
1606449315.11	160000	1.250199	0.0	56067905	1344	160.0
1606449316.14	160000	1.3114	0.095	45444680	789	144.8
1606449320.25	160000	1.430786	3.229	54798068	3859	-356.64
1606449325.54	160000	1.242101	4.096	69464107	4867	-495.36
1606449327.65	160000	1.257134	1.124	50637608	1862	-19.840000000000003
1606449333.19	160000	1.382035	4.663	19559369	5432	-586.08
1606449334.8	160000	1.295867	0.525	22224402	1499	76.0
1606449336.7	160000	1.321438	0.916	22578365	1776	13.439999999999998
1606449337.35	160000	1.661678	0.0	8346702	596	160.0
1606449338.54	160000	1.480192	0.0	15775481	1084	160.0
1606449339.25	160000	1.766959	0.0	9163235	652	160.0
1606449342.47	160000	1.491324	1.946	41307095	3030	-151.36
1606449344.69	160000	1.37405	1.097	28763893	2054	-15.52000000000001
1606449346.49	160000	1.28589	0.718	21266416	1700	45.120000000000005
1606449348.64	160000	1.262056	1.123	23702229	2010	-19.680000000000007
1606449350.92	160000	1.385369	1.403	27580394	2145	-64.47999999999999
1606449352.72	160000	1.247808	0.652	20329780	1671	55.68000000000001
1606449354.11	160000	1.444351	0.586	16109183	1306	66.24
1606449358.49	160000	1.281563	3.225	58830800	4081	-356.0
1606449363.68	160000	1.258725	4.161	66935122	4845	-505.76
1606449364.87	160000	1.419843	0.353	15251076	1114	103.52000000000001
1606449366.18	160000	1.273199	0.163	16574034	1220	133.92000000000002
1606449367.38	160000	1.427924	0.354	13009028	1132	103.36
1606449368.44	160000	1.371731	0.0	12791674	981	160.0
1606449369.44	160000	1.370333	0.0	11137898	935	160.0
1606449370.64	160000	1.293523	0.127	11485310	1142	139.68
1606449371.76	160000	1.420763	0.241	12428518	1052	121.44
1606449372.58	160000	1.604448	0.0	9963766	755	160.0
1606449373.57	160000	1.616051	0.0	12189364	918	160.0
1606449374.34	160000	1.840671	0.0	10142396	708	160.0
1606449375.34	160000	1.845061	0.0	10185488	935	160.0
1606449376.38	160000	1.802788	0.0	14061455	961	160.0
1606449378.1	160000	1.417728	0.331	20074099	1614	107.03999999999999
1606449381.92	160000	1.498576	2.903	46115254	3611	-304.48
1606449384.84	160000	1.401004	1.817	40906522	2708	-130.72000000000003
1606449385.12	160000	2.118282	0.0	7891151	231	160.0
1606449385.76	160000	2.480232	0.0	21012466	513	160.0
1606449386.42	160000	2.823528	0.0	23519424	523	160.0
1606449386.95	160000	3.289536	0.0	18715420	424	160.0
1606449387.46	160000	3.780818	0.0	17000816	407	160.0
1606449388.23	160000	4.014317	0.0	14448126	671	160.0
1606449388.5	160000	4.744266	0.0	6958676	225	160.0
1606449388.79	160000	5.453884	0.0	9088791	233	160.0
1606449389.03	160000	6.22021	0.0	7211881	184	160.0
1606449389.13	160000	7.112481	0.0	3063586	78	160.0
1606449389.23	160000	8.013832	0.0	2782179	72	160.0
1606449389.52	160000	8.725936	0.0	9958410	227	160.0
1606449389.85	160000	9.402749	0.0	12158708	251	160.0
1606449390.17	160000	10.075012	0.0	12300216	254	160.0
1606449391.48	160000	9.767457	0.0	15815684	1216	160.0
1606449393.09	160000	9.162297	0.0	13526256	1528	160.0
1606449394.15	160000	9.106646	0.0	11995130	986	160.0
1606449396.91	160000	7.348787	0.0	13394791	2681	160.0
1606449398.01	160000	7.241474	0.0	14135828	1027	160.0
1606449398.74	160000	7.515654	0.0	15366126	639	160.0
1606449399.18	160000	8.080377	0.0	14248439	353	160.0
1606449399.56	160000	8.701168	0.0	13843717	293	160.0
1606449399.85	160000	9.407014	0.0	14665119	205	160.0
1606449400.27	160000	9.990856	0.0	21079187	297	160.0
1606449400.71	160000	10.552413	0.0	25480074	297	160.0
1606449401.08	160000	11.182243	0.0	23021754	234	160.0
1606449401.51	160000	11.748543	0.0	27527834	281	160.0
1606449401.92	160000	12.339481	0.0	26155848	250	160.0
1606449402.21	160000	13.057805	0.0	17849379	177	160.0
1606449402.47	160000	13.792917	0.0	16546531	159	160.0
1606449402.76	160000	14.509432	0.0	17718949	177	160.0
1606449403.02	160000	15.243846	0.0	17337137	165	160.0
1606449403.33	160000	15.942387	0.0	20008245	191	160.0
1606449404.15	160000	16.124772	0.0	58430914	509	160.0
1606449404.4	160000	16.872468	0.0	16292703	153	160.0
1606449404.84	160000	17.428518	0.0	25587422	300	160.0
1606449405.28	160000	17.996363	0.0	23982306	296	160.0
1606449405.52	160000	18.749593	0.0	13347845	164	160.0
1606449405.78	160000	19.497587	0.0	14337991	171	160.0
1606449406.04	160000	20.240724	0.0	14584990	173	160.0
1606449406.29	160000	20.984394	0.0	13962401	171	160.0
1606449406.55	160000	21.730824	0.0	14393788	172	160.0
1606449406.82	160000	22.461665	0.0	14649457	188	160.0
1606449407.08	160000	23.202721	0.0	13409715	173	160.0
1606449407.34	160000	23.944967	0.0	13909605	178	160.0
1606449407.66	160000	24.624287	0.0	13301968	243	160.0
1606449408.34	160000	24.938851	0.0	19025846	568	160.0
1606449408.85	160000	25.434386	0.0	19295426	392	160.0
1606449409.29	160000	25.996992	0.0	18261873	330	160.0
1606449409.78	160000	26.505063	0.0	19847604	366	160.0
1606449410.24	160000	27.044331	0.0	18767181	352	160.0
1606449410.77	160000	27.522414	0.0	22420858	393	160.0
1606449411.2	160000	28.087641	0.0	19324333	308	160.0
1606449411.68	160000	28.609119	0.0	20392234	361	160.0
1606449411.93	160000	29.360349	0.0	7671072	197	160.0
1606449412.5	160000	29.790337	0.0	17781906	465	160.0
1606449413.04	160000	30.251734	0.0	12839336	458	160.0
1606449413.49	160000	30.800232	0.0	10779770	385	160.0
1606449417.12	160000	28.18006	0.0	14606687	3511	160.0
1606449420.64	160000	25.652506	0.0	41866951	3287	160.0
1606449423.43	160000	23.864309	0.0	37238410	2556	160.0
1606449424.57	160000	23.725974	0.0	14347759	1059	160.0
1606449425.41	160000	23.889559	0.0	11399187	768	160.0
1606449426.24	160000	24.059704	0.0	10358641	762	160.0
1606449430.1	160000	21.196469	0.0	14315696	3773	160.0
1606449437.61	160000	14.68724	0.0	23283631	7369	160.0
1606449440.57	160000	12.734537	0.0	37521367	2731	160.0
1606449442.21	160000	12.095423	0.0	22241104	1514	160.0
1606449442.97	160000	12.335953	0.0	15813346	661	160.0
1606449443.73	160000	12.575321	0.0	17116450	659	160.0
1606449444.5	160000	12.804493	0.0	18867054	663	160.0
1606449445.23	160000	13.075616	0.0	17393609	626	160.0
1606449446.26	160000	13.052902	0.0	24759401	885	160.0
1606449447.72	160000	12.59456	0.0	25782433	1320	160.0
1606449451.27	160000	10.045391	0.0	25885372	3394	160.0
1606449453.31	160000	9.006449	0.0	26242011	1893	160.0
1606449455.16	160000	8.150706	0.0	23865378	1706	160.0
1606449457.88	160000	6.437332	0.0	25470681	2568	160.0
1606449459.03	160000	6.285268	0.0	27258768	979	160.0
1606449459.6	160000	6.713768	0.0	17853711	455	160.0
1606449460.03	160000	7.288352	0.0	14829893	336	160.0
1606449460.77	160000	7.551904	0.0	27779697	572	160.0
1606449461.48	160000	7.837294	0.0	27714923	559	160.0
1606449462.13	160000	8.18473	0.0	25946474	497	160.0
1606449462.61	160000	8.710211	0.0	19596259	352	160.0
1606449463.23	160000	9.090043	0.0	23774167	479	160.0
1606449463.76	160000	9.561652	0.0	19373656	418	160.0
1606449466.06	160000	8.27199	0.0	23977420	2163	160.0
1606449466.78	160000	8.541864	0.0	24493733	591	160.0
1606449467.14	160000	9.181369	0.0	14528511	280	160.0
1606449467.57	160000	9.764101	0.0	16841176	317	160.0
1606449474.3	160000	4.029931	0.0	16743604	6623	160.0
1606449485.42	160000	1.31006	7.404	17975224	11027	-1024.64
1606449487.26	160000	1.46524	0.994	22329548	1726	0.960000000000008
1606449489.28	160000	1.459842	1.014	16001583	1934	-2.240000000000009
1606449491.66	160000	1.474634	1.397	18238584	2292	-63.52000000000001
1606449493.22	160000	1.371922	0.456	21308824	1446	87.04
1606449494.15	160000	1.484757	0.039	17749058	821	153.76
1606449494.67	160000	1.966429	0.0	14127787	437	160.0
1606449495.22	160000	2.417315	0.0	17525699	438	160.0
1606449495.58	160000	3.054598	0.0	14240042	272	160.0
1606449496.09	160000	3.552531	0.0	20324139	389	160.0
1606449496.57	160000	4.068857	0.0	21993033	361	160.0
1606449497.01	160000	4.634089	0.0	18863108	312	160.0
1606449497.35	160000	5.293638	0.0	15964734	242	160.0
1606449497.53	160000	6.114685	0.0	8284939	126	160.0
1606449497.72	160000	6.923147	0.0	9004706	137	160.0
1606449497.87	160000	7.772316	0.0	6955279	105	160.0
1606449498.1	160000	8.542516	0.0	10701639	165	160.0
1606449498.32	160000	9.329962	0.0	9459459	153	160.0
1606449498.4	160000	10.25003	0.0	3212828	53	160.0
1606449498.46	160000	11.184816	0.0	2509989	41	160.0
1606449498.52	160000	12.131709	0.0	2004927	32	160.0
1606449498.54	160000	13.108395	0.0	591360	9	160.0
1606449498.61	160000	14.47424	0.0	2394426	38	160.0
1606449498.93	40000	1.000999	0.018	336477	5	-2.8800000000000026
1606449504.27	160000	1.496957	4.488	14912671	5206	-678.08
1606449506.27	160000	1.323104	0.793	24265636	1805	33.120000000000005
1606449508.03	160000	1.421103	0.849	22711544	1644	24.159999999999997
1606449509.74	160000	1.295647	0.556	19639705	1594	71.04
1606449511.52	160000	1.256537	0.721	20946809	1660	44.64
1606449512.71	160000	1.266405	0.197	11895609	1121	128.48
1606449513.37	160000	1.607932	0.0	7597636	611	160.0
1606449518.15	160000	1.445377	3.621	56067905	4381	-419.36
1606449521.74	160000	1.336895	2.477	45444680	3367	-236.32
1606449526.25	160000	1.242421	3.42	54798068	4245	-387.20000000000005
1606449531.74	160000	1.479331	4.726	69464107	5070	-596.16
