1606481991.03	40000	1.000999	0.037	334476	26	-5.920000000000002
1606481992.46	80000	1.46472	0.509	14912671	1218	-41.44
1606481994.51	80000	1.282532	0.841	22644885	1896	-54.56
1606481995.97	80000	1.420645	0.566	17135714	1361	-10.560000000000002
1606481996.53	160000	1.88252	0.0	19639705	432	80.0
1606481997.17	160000	2.265368	0.0	20946809	513	160.0
1606481997.62	160000	2.837647	0.0	11895609	371	160.0
1606481997.92	160000	3.536376	0.0	7597636	250	160.0
1606482004.05	160000	1.15387	2.745	56067905	5659	-279.2
1606482010.29	160000	1.273035	5.361	45444680	6010	-697.76
1606482010.86	80000	1.712371	0.0	15275967	466	0.0
1606482012.76	160000	1.345703	0.545	69464107	1476	-7.200000000000003
1606482013.63	160000	1.482337	0.0	50637608	573	160.0
1606482013.94	160000	2.195227	0.0	19559369	193	160.0
1606482014.31	160000	2.832547	0.0	22224402	231	160.0
1606482014.68	160000	3.463638	0.0	22578365	236	160.0
1606482014.82	160000	4.316415	0.0	8346702	88	160.0
1606482015.16	160000	4.977014	0.0	15775481	241	160.0
1606482015.72	160000	5.427016	0.0	9163235	494	160.0
1606482019.19	160000	2.965413	0.0	41307095	3242	160.0
1606482021.29	160000	1.859383	0.0	28763893	1917	160.0
1606482022.0	160000	2.146063	0.0	21266416	589	160.0
1606482022.54	160000	2.613408	0.0	23702229	380	160.0
1606482023.13	160000	3.017808	0.0	27580394	436	160.0
1606482023.6	160000	3.545814	0.0	20329780	335	160.0
1606482023.97	160000	4.181373	0.0	16109183	265	160.0
1606482025.28	160000	3.875751	0.0	58830800	965	160.0
1606482026.64	160000	3.508235	0.0	66935122	1011	160.0
1606482027.03	160000	4.126998	0.0	15251076	293	160.0
1606482028.27	160000	3.881498	0.0	16574034	1142	160.0
1606482028.93	160000	4.226472	0.0	13009028	574	160.0
1606482029.26	160000	4.893495	0.0	12791674	256	160.0
1606482029.48	160000	5.672411	0.0	11137898	147	160.0
1606482029.71	160000	6.447661	0.0	11485310	151	160.0
1606482029.95	160000	7.210428	0.0	12428518	164	160.0
1606482030.14	160000	8.023958	0.0	9963766	128	160.0
1606482030.35	160000	8.813881	0.0	12189364	142	160.0
1606482030.54	160000	9.629504	0.0	10142396	121	160.0
1606482030.72	160000	10.444255	0.0	10185488	118	160.0
1606482030.97	160000	11.196726	0.0	14061455	165	160.0
1606482031.47	160000	11.693108	0.0	20074099	386	160.0
1606482034.51	160000	9.657129	0.0	46115254	2781	160.0
1606482040.18	160000	4.991056	0.0	40906522	5422	160.0
1606482040.61	160000	5.553219	0.0	7891151	385	160.0
1606482044.23	160000	2.940701	0.0	21012466	3486	160.0
1606482046.03	80000	2.136969	0.0	11589115	1728	0.0
1606482046.77	80000	2.402935	0.0	8720528	676	80.0
1606482048.22	160000	1.95395	0.0	17000816	1343	80.0
1606482049.59	160000	1.582193	0.0	14448126	1291	160.0
1606482050.16	160000	2.018636	0.0	6958676	518	160.0
1606482050.86	160000	2.310417	0.0	9088791	644	160.0
1606482051.37	160000	2.809491	0.0	7211881	452	160.0
1606482051.55	160000	3.633579	0.0	3063586	148	160.0
1606482051.71	160000	4.465566	0.0	2782179	133	160.0
1606482052.25	160000	4.923836	0.0	9958410	480	160.0
1606482052.88	160000	5.302803	0.0	12158708	550	160.0
1606482053.48	160000	5.703763	0.0	12300216	529	160.0
1606482054.21	160000	5.973813	0.0	15815684	635	160.0
1606482054.82	160000	6.359034	0.0	13526256	536	160.0
1606482055.35	160000	6.833796	0.0	11995130	448	160.0
1606482055.78	160000	7.402075	0.0	13394791	355	160.0
1606482056.24	160000	7.948218	0.0	14135828	375	160.0
1606482056.64	160000	8.54636	0.0	15366126	316	160.0
1606482057.03	160000	9.155543	0.0	14248439	307	160.0
1606482057.38	160000	9.806466	0.0	13843717	265	160.0
1606482057.7	160000	10.485696	0.0	14665119	237	160.0
1606482058.17	160000	11.024636	0.0	21079187	340	160.0
1606482058.66	160000	11.528567	0.0	25480074	353	160.0
1606482059.1	160000	12.09092	0.0	23021754	308	160.0
1606482059.6	160000	12.589705	0.0	27527834	329	160.0
1606482060.04	160000	13.15291	0.0	26155848	294	160.0
1606482060.36	160000	13.836781	0.0	17849379	199	160.0
1606482060.62	160000	14.578695	0.0	16546531	162	160.0
1606482060.9	160000	15.302017	0.0	17718949	173	160.0
1606482061.17	160000	16.027843	0.0	17337137	169	160.0
1606482061.48	160000	16.725559	0.0	20008245	185	160.0
1606482062.3	160000	16.902057	0.0	58430914	519	160.0
1606482062.53	160000	17.673094	0.0	16292703	125	160.0
1606482062.87	160000	18.336731	0.0	25587422	196	160.0
1606482063.19	160000	19.017377	0.0	23982306	184	160.0
1606482063.38	160000	19.829591	0.0	13347845	102	160.0
1606482063.57	160000	20.640412	0.0	14337991	106	160.0
1606482063.76	160000	21.44927	0.0	14584990	107	160.0
1606482063.94	160000	22.268049	0.0	13962401	102	160.0
1606482064.13	160000	23.077629	0.0	14393788	106	160.0
1606482064.32	160000	23.886241	0.0	14649457	108	160.0
1606482064.51	160000	24.703705	0.0	13409715	103	160.0
1606482064.7	160000	25.515082	0.0	13909605	107	160.0
1606482064.88	160000	26.336396	0.0	13301968	102	160.0
1606482065.15	160000	27.060656	0.0	19025846	160	160.0
1606482065.43	160000	27.786118	0.0	19295426	158	160.0
1606482065.74	160000	28.473049	0.0	18261873	208	160.0
1606482066.09	160000	29.125864	0.0	19847604	226	160.0
1606482066.8	160000	29.420685	0.0	18767181	594	160.0
1606482069.03	160000	28.18805	0.0	22420858	2100	160.0
1606482070.74	160000	27.483364	0.0	19324333	1589	160.0
1606482071.6	160000	27.619957	0.0	20392234	746	160.0
1606482071.75	160000	28.470881	0.0	7671072	91	160.0
1606482072.07	160000	29.154195	0.0	17781906	211	160.0
1606482072.3	160000	29.926105	0.0	12839336	153	160.0
1606482073.11	160000	30.118439	0.0	10779770	743	160.0
1606482074.38	160000	29.844562	0.0	14606687	1187	160.0
1606482078.1	160000	27.126248	0.0	41866951	3458	160.0
1606482081.02	160000	25.210544	0.0	37238410	2682	160.0
1606482082.36	160000	24.872911	0.0	14347759	1253	160.0
1606482083.36	160000	24.867414	0.0	11399187	936	160.0
1606482084.32	160000	24.914773	0.0	10358641	889	160.0
1606482085.53	160000	24.702334	0.0	14315696	1131	160.0
1606482087.34	160000	23.89435	0.0	23283631	1674	160.0
1606482090.41	160000	21.823344	0.0	37521367	2845	160.0
1606482092.36	160000	20.871302	0.0	22241104	1822	160.0
1606482093.78	160000	20.46348	0.0	15813346	1308	160.0
1606482095.21	160000	20.029892	0.0	17116450	1321	160.0
1606482096.79	160000	19.44888	0.0	18867054	1473	160.0
1606482098.45	160000	18.790032	0.0	17393609	1554	160.0
1606482100.54	160000	17.699034	0.0	24759401	1951	160.0
1606482102.77	160000	16.46958	0.0	25782433	2083	160.0
1606482105.04	160000	15.20382	0.0	25885372	2094	160.0
1606482107.25	160000	13.991915	0.0	26242011	2061	160.0
1606482109.11	160000	13.136341	0.0	23865378	1703	160.0
1606482111.14	160000	12.101469	0.0	25470681	1885	160.0
1606482113.59	160000	10.659972	0.0	27258768	2266	160.0
1606482114.94	160000	10.309935	0.0	17853711	1244	160.0
1606482116.17	160000	10.074011	0.0	14829893	1148	160.0
1606482118.46	160000	8.784778	0.0	27779697	2122	160.0
1606482120.7	160000	7.547888	0.0	27714923	2077	160.0
1606482123.21	160000	6.036116	0.0	25946474	2346	160.0
1606482124.79	160000	5.457585	0.0	19596259	1463	160.0
1606482126.57	160000	4.68087	0.0	23774167	1635	160.0
1606482128.32	160000	3.933009	0.0	19373656	1629	160.0
1606482130.28	160000	2.97924	0.0	23977420	1816	160.0
1606482132.47	160000	1.781546	0.0	24493733	2055	160.0
1606482141.52	160000	1.341025	7.605	14528511	8962	-1056.8
1606482142.97	160000	1.446721	0.551	16841176	1358	71.84
1606482144.07	160000	1.498595	0.158	16743604	1019	134.72
1606482144.75	160000	1.82099	0.0	17975224	574	160.0
1606482145.27	160000	2.308678	0.0	22329548	381	160.0
1606482145.65	160000	2.926355	0.0	16001583	275	160.0
1606482146.02	160000	3.559266	0.0	18238584	258	160.0
1606482146.42	160000	4.1557	0.0	21308824	272	160.0
1606482146.76	160000	4.820365	0.0	17749058	227	160.0
1606482147.35	160000	5.225742	0.0	14127787	513	160.0
1606482148.54	160000	5.037966	0.0	17525699	1082	160.0
1606482149.24	160000	5.345009	0.0	14240042	611	160.0
1606482149.93	160000	5.648385	0.0	20324139	574	160.0
1606482150.26	160000	6.32145	0.0	21993033	199	160.0
1606482150.55	160000	7.035718	0.0	18863108	168	160.0
1606482150.79	160000	7.794568	0.0	15964734	143	160.0
1606482150.93	160000	8.652136	0.0	8284939	88	160.0
1606482151.09	160000	9.497352	0.0	9004706	96	160.0
1606482151.21	160000	10.377207	0.0	6955279	74	160.0
1606482151.4	160000	11.191761	0.0	10701639	114	160.0
1606482151.56	160000	12.028455	0.0	9459459	101	160.0
1606482151.63	160000	12.964337	0.0	3212828	34	160.0
1606482151.68	160000	13.912614	0.0	2509989	26	160.0
1606482151.72	160000	14.8692	0.0	2004927	21	160.0
1606482151.75	160000	15.846653	0.0	591360	6	160.0
1606482151.8	160000	17.231089	0.0	2394426	26	160.0
1606482152.14	40000	1.000999	0.018	336477	3	-2.8800000000000026
1606482152.45	160000	1.974653	0.0	14912671	145	40.0
1606482152.91	160000	2.514807	0.0	24265636	240	160.0
1606482153.48	160000	2.946305	0.0	22711544	419	160.0
1606482153.99	160000	3.46829	0.0	19639705	366	160.0
1606482154.62	160000	3.921346	0.0	20946809	500	160.0
1606482155.01	160000	4.533357	0.0	11895609	311	160.0
1606482155.3	160000	5.276096	0.0	7597636	234	160.0
1606482164.13	160000	1.161908	3.645	56067905	8389	-423.20000000000005
1606482166.02	160000	1.43586	1.155	45444680	1665	-24.80000000000001
1606482168.45	160000	1.341174	1.344	54798068	2170	-55.03999999999999
1606482169.59	160000	1.394872	0.216	69464107	678	125.44
1606482170.35	160000	1.648448	0.0	50637608	473	160.0
1606482170.62	160000	2.386376	0.0	19559369	146	160.0
1606482170.93	160000	3.086199	0.0	22224402	167	160.0
1606482171.19	160000	3.849109	0.0	22578365	133	160.0
1606482171.3	160000	4.744113	0.0	8346702	49	160.0
1606482171.49	160000	5.550414	0.0	15775481	93	160.0
1606482171.61	160000	6.438325	0.0	9163235	54	160.0
1606482172.08	160000	6.968141	0.0	41307095	243	160.0
1606482172.44	160000	7.607247	0.0	28763893	184	160.0
1606482172.7	160000	8.346782	0.0	21266416	132	160.0
1606482173.01	160000	9.046166	0.0	23702229	151	160.0
1606482173.38	160000	9.670928	0.0	27580394	211	160.0
1606482173.67	160000	10.383785	0.0	20329780	156	160.0
1606482173.89	160000	11.161243	0.0	16109183	124	160.0
1606482174.76	160000	11.293762	0.0	58830800	526	160.0
