1606453326.65	40000	1.000999	0.048	334476	26	-7.68
1606453328.05	80000	1.3807	0.415	14912671	1201	-26.400000000000006
1606453330.08	80000	1.314607	0.941	22644885	1885	-70.56
1606453331.47	80000	1.406016	0.456	17135714	1297	7.040000000000006
1606453333.06	160000	1.260445	0.42	19639705	1479	12.799999999999997
1606453334.88	160000	1.367741	0.877	20946809	1707	19.680000000000007
1606453335.84	160000	1.495948	0.086	11895609	890	146.24
1606453336.42	160000	1.911538	0.0	7597636	534	160.0
1606453342.2	80000	1.333914	4.197	29583867	5550	-671.52
1606453343.49	80000	1.281362	0.239	15816325	1195	41.76
1606453344.65	80000	1.270842	0.153	15275967	1086	55.519999999999996
1606453345.23	80000	1.699167	0.0	20600381	448	80.0
1606453346.45	160000	1.481054	0.0	50637608	822	80.0
1606453346.85	160000	2.077847	0.0	19559369	285	160.0
1606453347.31	160000	2.61962	0.0	22224402	328	160.0
1606453347.78	160000	3.158586	0.0	22578365	327	160.0
1606453347.95	160000	3.985001	0.0	8346702	115	160.0
1606453348.26	160000	4.673171	0.0	15775481	219	160.0
1606453348.44	160000	5.489989	0.0	9163235	127	160.0
1606453349.27	160000	5.667079	0.0	41307095	607	160.0
1606453349.85	160000	6.085093	0.0	28763893	415	160.0
1606453350.26	160000	6.674972	0.0	21266416	288	160.0
1606453350.72	160000	7.216499	0.0	23702229	315	160.0
1606453351.19	160000	7.749362	0.0	27580394	314	160.0
1606453351.54	160000	8.401213	0.0	20329780	230	160.0
1606453351.82	160000	9.123203	0.0	16109183	175	160.0
1606453352.86	160000	9.082169	0.0	58830800	640	160.0
1606453360.54	160000	2.401665	0.0	66935122	7302	160.0
1606453362.02	160000	1.921432	0.0	15251076	1385	160.0
1606453363.36	160000	1.583276	0.0	16574034	1236	160.0
1606453364.44	160000	1.506316	0.0	13009028	990	160.0
1606453365.22	160000	1.729699	0.0	12791674	700	160.0
1606453365.86	160000	2.089247	0.0	11137898	570	160.0
1606453366.62	160000	2.324174	0.0	11485310	701	160.0
1606453367.89	160000	2.05964	0.0	12428518	1195	160.0
1606453368.78	160000	2.172348	0.0	9963766	830	160.0
1606453369.82	160000	2.125328	0.0	12189364	978	160.0
1606453370.7	160000	2.255963	0.0	10142396	807	160.0
1606453372.33	160000	1.625169	0.0	10185488	1567	160.0
1606453375.18	160000	1.452684	1.675	14061455	2778	-108.0
1606453379.63	160000	1.378579	3.383	20074099	4349	-381.28
1606453381.71	80000	1.261933	0.963	26113743	1948	-154.08
1606453383.95	80000	1.476083	1.448	22860019	2121	-151.68
1606453384.27	160000	2.154747	0.0	7891151	268	80.0
1606453385.15	160000	2.273584	0.0	21012466	770	160.0
1606453386.38	160000	2.04953	0.0	23519424	1087	160.0
1606453387.63	160000	1.802716	0.0	18715420	1127	160.0
1606453388.89	160000	1.535729	0.0	17000816	1168	160.0
1606453390.01	160000	1.422238	0.0	14448126	1029	160.0
1606453390.54	160000	1.887609	0.0	6958676	488	160.0
1606453391.41	160000	2.026514	0.0	9088791	801	160.0
1606453392.09	160000	2.339471	0.0	7211881	641	160.0
1606453392.34	160000	3.091782	0.0	3063586	222	160.0
1606453392.57	160000	3.865383	0.0	2782179	201	160.0
1606453393.33	160000	4.104829	0.0	9958410	696	160.0
1606453394.31	160000	4.125055	0.0	12158708	911	160.0
1606453395.31	160000	4.124822	0.0	12300216	929	160.0
1606453396.49	160000	3.951538	0.0	15815684	1084	160.0
1606453397.01	160000	4.433657	0.0	13526256	442	160.0
1606453397.19	160000	5.246905	0.0	11995130	116	160.0
1606453397.4	160000	6.042531	0.0	13394791	130	160.0
1606453397.63	160000	6.815881	0.0	14135828	137	160.0
1606453397.86	160000	7.580329	0.0	15366126	148	160.0
1606453398.1	160000	8.345505	0.0	14248439	154	160.0
1606453398.33	160000	9.11693	0.0	13843717	149	160.0
1606453398.57	160000	9.872689	0.0	14665119	158	160.0
1606453398.92	160000	10.53068	0.0	21079187	228	160.0
1606453399.27	160000	11.176287	0.0	25480074	219	160.0
1606453399.6	160000	11.849537	0.0	23021754	199	160.0
1606453400.0	160000	12.454704	0.0	27527834	239	160.0
1606453400.38	160000	13.076719	0.0	26155848	217	160.0
1606453400.63	160000	13.821752	0.0	17849379	147	160.0
1606453400.86	160000	14.590609	0.0	16546531	138	160.0
1606453401.13	160000	15.324778	0.0	17718949	158	160.0
1606453401.39	160000	16.068254	0.0	17337137	155	160.0
1606453401.68	160000	16.773445	0.0	20008245	180	160.0
1606453402.55	160000	16.909657	0.0	58430914	536	160.0
1606453402.8	160000	17.662225	0.0	16292703	149	160.0
1606453403.17	160000	18.28654	0.0	25587422	235	160.0
1606453403.53	160000	18.93178	0.0	23982306	222	160.0
1606453403.73	160000	19.72931	0.0	13347845	123	160.0
1606453403.95	160000	20.514259	0.0	14337991	132	160.0
1606453405.8	160000	19.666702	0.0	14584990	1765	160.0
1606453406.91	160000	19.56075	0.0	13962401	1029	160.0
1606453408.01	160000	19.460916	0.0	14393788	1015	160.0
1606453408.21	160000	20.25558	0.0	14649457	122	160.0
1606453408.4	160000	21.067503	0.0	13409715	111	160.0
1606453408.59	160000	21.876162	0.0	13909605	115	160.0
1606453408.78	160000	22.689595	0.0	13301968	111	160.0
1606453409.06	160000	23.415211	0.0	19025846	163	160.0
1606453409.36	160000	24.109995	0.0	19295426	196	160.0
1606453409.65	160000	24.824051	0.0	18261873	185	160.0
1606453409.97	160000	25.501162	0.0	19847604	201	160.0
1606453410.3	160000	26.172437	0.0	18767181	215	160.0
1606453410.69	160000	26.785122	0.0	22420858	257	160.0
1606453411.04	160000	27.438919	0.0	19324333	234	160.0
1606453411.32	160000	28.158251	0.0	20392234	164	160.0
1606453411.43	160000	29.047111	0.0	7671072	62	160.0
1606453411.68	160000	29.797879	0.0	17781906	148	160.0
1606453411.86	160000	30.621367	0.0	12839336	103	160.0
1606453412.02	160000	31.461324	0.0	10779770	94	160.0
1606453412.29	160000	32.197092	0.0	14606687	180	160.0
1606453413.04	160000	32.440378	0.0	41866951	517	160.0
1606453413.78	160000	32.704801	0.0	37238410	516	160.0
1606453414.17	160000	33.31593	0.0	14347759	311	160.0
1606453414.96	160000	33.529618	0.0	11399187	716	160.0
1606453416.07	160000	33.420153	0.0	10358641	1043	160.0
1606453416.44	160000	34.044068	0.0	14315696	299	160.0
1606453417.07	160000	34.424861	0.0	23283631	486	160.0
1606453417.72	160000	34.770896	0.0	37521367	435	160.0
1606453418.13	160000	35.359206	0.0	22241104	285	160.0
1606453420.29	160000	34.199845	0.0	15813346	2064	160.0
1606453421.58	160000	33.909415	0.0	17116450	1195	160.0
1606453423.1	160000	33.395089	0.0	18867054	1407	160.0
1606453424.49	160000	33.005666	0.0	17393609	1288	160.0
1606453426.28	160000	32.21713	0.0	24759401	1648	160.0
1606453426.96	160000	32.540214	0.0	25782433	527	160.0
1606453427.64	160000	32.855714	0.0	25885372	522	160.0
1606453428.35	160000	33.151703	0.0	26242011	551	160.0
1606453429.05	160000	33.447909	0.0	23865378	546	160.0
1606453429.81	160000	33.695165	0.0	25470681	615	160.0
1606453430.74	160000	33.771009	0.0	27258768	757	160.0
1606453431.59	160000	33.918764	0.0	17853711	738	160.0
1606453432.8	160000	33.708979	0.0	14829893	1124	160.0
1606453435.29	160000	32.220812	0.0	27779697	2327	160.0
1606453437.07	160000	31.435062	0.0	27714923	1630	160.0
1606453437.66	160000	31.853264	0.0	25946474	428	160.0
1606453438.09	160000	32.419616	0.0	19596259	319	160.0
1606453438.61	160000	32.89675	0.0	23774167	389	160.0
1606453439.06	160000	33.453246	0.0	19373656	322	160.0
1606453440.77	160000	32.746123	0.0	23977420	1571	160.0
1606453444.06	160000	30.450646	0.0	24493733	3154	160.0
1606453446.62	160000	28.892227	0.0	14528511	2472	160.0
1606453448.22	160000	28.294411	0.0	16841176	1500	160.0
1606453449.5	160000	28.01216	0.0	16743604	1182	160.0
1606453451.39	160000	27.1274	0.0	17975224	1779	160.0
1606453453.42	160000	26.098529	0.0	22329548	1903	160.0
1606453453.98	160000	26.537547	0.0	16001583	462	160.0
1606453454.7	160000	26.816261	0.0	18238584	612	160.0
1606453455.7	160000	26.821496	0.0	21308824	871	160.0
1606453456.65	160000	26.87638	0.0	17749058	839	160.0
1606453457.62	160000	26.89836	0.0	14127787	895	160.0
1606453460.02	160000	25.507981	0.0	17525699	2290	160.0
1606453462.68	160000	23.849512	0.0	14240042	2575	160.0
1606453465.75	160000	21.77521	0.0	20324139	2950	160.0
1606453467.56	160000	20.970118	0.0	21993033	1678	160.0
1606453470.17	160000	19.358163	0.0	18863108	2494	160.0
1606453472.15	160000	18.376448	0.0	15964734	1881	160.0
1606453473.29	160000	18.238807	0.0	8284939	1084	160.0
1606453474.04	160000	18.488406	0.0	9004706	693	160.0
1606453474.64	160000	18.892332	0.0	6955279	548	160.0
1606453475.54	160000	18.992962	0.0	10701639	835	160.0
1606453476.24	160000	19.29546	0.0	9459459	637	160.0
1606453476.48	160000	20.052548	0.0	3212828	214	160.0
1606453476.68	160000	20.860488	0.0	2509989	167	160.0
1606453476.83	160000	21.706782	0.0	2004927	133	160.0
1606453476.88	160000	22.653128	0.0	591360	38	160.0
1606453477.07	160000	23.905004	0.0	2394426	160	160.0
1606453477.41	40000	1.000999	0.035	336477	23	-5.600000000000001
1606453478.6	160000	1.312542	0.226	14912671	1070	3.8400000000000034
1606453480.64	160000	1.453672	1.149	24265636	1849	-23.840000000000003
1606453482.41	160000	1.413088	0.791	22711544	1651	33.44
1606453484.18	160000	1.306482	0.639	19639705	1660	57.760000000000005
1606453485.8	160000	1.307989	0.6	20946809	1509	64.0
1606453486.53	160000	1.585918	0.0	11895609	649	160.0
1606453486.69	160000	2.424256	0.0	7597636	112	160.0
1606453487.95	160000	2.169015	0.0	56067905	786	160.0
1606453488.62	160000	2.492786	0.0	45444680	426	160.0
1606453489.43	160000	2.690737	0.0	54798068	501	160.0
1606453490.65	160000	2.46525	0.0	69464107	754	160.0
1606453491.52	160000	2.610764	0.0	50637608	577	160.0
1606453491.88	160000	3.237406	0.0	19559369	235	160.0
1606453492.29	160000	3.834694	0.0	22224402	268	160.0
1606453492.68	160000	4.436956	0.0	22578365	266	160.0
1606453492.84	160000	5.318631	0.0	8346702	97	160.0
1606453493.12	160000	6.039917	0.0	15775481	184	160.0
1606453493.28	160000	6.903428	0.0	9163235	106	160.0
1606453494.0	160000	7.184752	0.0	41307095	497	160.0
1606453494.52	160000	7.664754	0.0	28763893	345	160.0
1606453494.88	160000	8.30549	0.0	21266416	238	160.0
1606453495.3	160000	8.894491	0.0	23702229	261	160.0
1606453495.78	160000	9.415197	0.0	27580394	314	160.0
1606453496.15	160000	10.044535	0.0	20329780	239	160.0
1606453496.44	160000	10.758531	0.0	16109183	189	160.0
1606453497.43	160000	10.762034	0.0	58830800	665	160.0
1606453498.45	160000	10.74344	0.0	66935122	665	160.0
