1606471129.6	40000	1.000999	0.052	334476	28	-8.32
1606471131.02	80000	1.442765	0.505	14912671	1219	-40.8
1606471132.76	80000	1.442927	0.716	22644885	1607	-34.56
1606471134.48	80000	1.434649	0.677	17135714	1622	-28.319999999999993
1606471135.75	160000	1.258421	0.056	19639705	1148	71.03999999999999
1606471136.43	160000	1.609668	0.0	20946809	551	160.0
1606471136.64	160000	2.403027	0.0	11895609	136	160.0
1606471136.77	160000	3.267326	0.0	7597636	87	160.0
1606471137.94	160000	3.106891	0.0	56067905	664	160.0
1606471140.64	160000	1.493577	0.094	45444680	2454	144.96
1606471145.16	160000	1.358272	3.386	54798068	4258	-381.76
1606471145.88	80000	1.638487	0.0	20600381	585	0.0
1606471147.29	160000	1.332138	0.101	50637608	1124	63.84
1606471147.75	160000	1.872606	0.0	19559369	337	160.0
1606471148.25	160000	2.376039	0.0	22224402	366	160.0
1606471148.74	160000	2.887682	0.0	22578365	357	160.0
1606471148.92	160000	3.704324	0.0	8346702	124	160.0
1606471149.26	160000	4.373692	0.0	15775481	236	160.0
1606471149.45	160000	5.180812	0.0	9163235	137	160.0
1606471150.53	160000	5.106962	0.0	41307095	845	160.0
1606471151.18	160000	5.455273	0.0	28763893	484	160.0
1606471151.72	160000	5.914278	0.0	21266416	419	160.0
1606471152.62	160000	6.014046	0.0	23702229	762	160.0
1606471153.94	160000	5.697106	0.0	27580394	1167	160.0
1606471155.85	160000	4.792306	0.0	20329780	1771	160.0
1606471157.3	160000	4.342768	0.0	16109183	1353	160.0
1606471160.18	80000	2.455193	0.0	34554431	2675	0.0
1606471163.51	80000	1.327855	1.202	37801487	3139	-112.32
1606471163.89	160000	1.949756	0.0	15251076	287	80.0
1606471164.28	160000	2.559482	0.0	16574034	285	160.0
1606471164.58	160000	3.25991	0.0	13009028	225	160.0
1606471164.88	160000	3.964538	0.0	12791674	221	160.0
1606471165.14	160000	4.703748	0.0	11137898	193	160.0
1606471165.41	160000	5.433908	0.0	11485310	198	160.0
1606471165.76	160000	6.091684	0.0	12428518	269	160.0
1606471166.15	160000	6.703152	0.0	9963766	326	160.0
1606471166.62	160000	7.230455	0.0	12189364	401	160.0
1606471167.55	160000	7.305921	0.0	10142396	865	160.0
1606471168.51	160000	7.347708	0.0	10185488	894	160.0
1606471168.94	160000	7.915455	0.0	14061455	352	160.0
1606471169.47	160000	8.385895	0.0	20074099	413	160.0
1606471170.6	160000	8.251758	0.0	46115254	872	160.0
1606471171.69	160000	8.166421	0.0	40906522	860	160.0
1606471171.86	160000	9.002208	0.0	7891151	115	160.0
1606471172.28	160000	9.573538	0.0	21012466	306	160.0
1606471172.77	160000	10.086176	0.0	23519424	356	160.0
1606471173.29	160000	10.5736	0.0	18715420	397	160.0
1606471173.92	160000	10.946514	0.0	17000816	523	160.0
1606471175.38	160000	10.483764	0.0	14448126	1379	160.0
1606471176.23	160000	10.636085	0.0	6958676	797	160.0
1606471177.35	160000	10.519151	0.0	9088791	1061	160.0
1606471179.87	160000	8.996594	0.0	7211881	2461	160.0
1606471180.14	160000	9.73055	0.0	3063586	238	160.0
1606471180.38	160000	10.489883	0.0	2782179	216	160.0
1606471181.24	160000	10.624451	0.0	9958410	807	160.0
1606471181.86	160000	11.010929	0.0	12158708	543	160.0
1606471182.15	160000	11.7221	0.0	12300216	214	160.0
1606471182.52	160000	12.353882	0.0	15815684	275	160.0
1606471182.82	160000	13.055163	0.0	13526256	220	160.0
1606471183.06	160000	13.814625	0.0	11995130	170	160.0
1606471183.33	160000	14.546501	0.0	13394791	190	160.0
1606471183.61	160000	15.266704	0.0	14135828	201	160.0
1606471183.89	160000	15.991874	0.0	15366126	188	160.0
1606471184.14	160000	16.74091	0.0	14248439	162	160.0
1606471184.37	160000	17.504879	0.0	13843717	158	160.0
1606471184.62	160000	18.25543	0.0	14665119	168	160.0
1606471184.99	160000	18.891008	0.0	21079187	239	160.0
1606471185.42	160000	19.459454	0.0	25480074	287	160.0
1606471185.82	160000	20.066466	0.0	23021754	259	160.0
1606471186.22	160000	20.667807	0.0	27527834	249	160.0
1606471186.6	160000	21.287336	0.0	26155848	237	160.0
1606471186.84	160000	22.041868	0.0	17849379	141	160.0
1606471187.05	160000	22.834308	0.0	16546531	104	160.0
1606471187.27	160000	23.617995	0.0	17718949	111	160.0
1606471187.48	160000	24.406234	0.0	17337137	109	160.0
1606471187.73	160000	25.161317	0.0	20008245	125	160.0
1606471188.55	160000	25.342132	0.0	58430914	428	160.0
1606471188.77	160000	26.117441	0.0	16292703	115	160.0
1606471189.1	160000	26.789142	0.0	25587422	186	160.0
1606471189.41	160000	27.479515	0.0	23982306	175	160.0
1606471189.59	160000	28.302863	0.0	13347845	97	160.0
1606471189.78	160000	29.116453	0.0	14337991	104	160.0
1606471189.95	160000	29.947117	0.0	14584990	84	160.0
1606471190.11	160000	30.784364	0.0	13962401	80	160.0
1606471190.28	160000	31.61713	0.0	14393788	83	160.0
1606471190.45	160000	32.451718	0.0	14649457	85	160.0
1606471190.61	160000	33.299913	0.0	13409715	78	160.0
1606471190.77	160000	34.132448	0.0	13909605	79	160.0
1606471190.93	160000	34.976391	0.0	13301968	81	160.0
1606471191.16	160000	35.742414	0.0	19025846	116	160.0
1606471191.4	160000	36.504377	0.0	19295426	124	160.0
1606471191.62	160000	37.285888	0.0	18261873	112	160.0
1606471191.87	160000	38.041185	0.0	19847604	123	160.0
1606471192.1	160000	38.805017	0.0	18767181	126	160.0
1606471192.38	160000	39.526567	0.0	22420858	150	160.0
1606471192.63	160000	40.279099	0.0	19324333	128	160.0
1606471192.89	160000	41.024551	0.0	20392234	136	160.0
1606471192.99	160000	41.925895	0.0	7671072	49	160.0
1606471193.2	160000	42.707611	0.0	17781906	115	160.0
1606471193.37	160000	43.542454	0.0	12839336	88	160.0
1606471193.51	160000	44.406607	0.0	10779770	69	160.0
1606471193.69	160000	45.230027	0.0	14606687	94	160.0
1606471194.2	160000	45.71435	0.0	41866951	269	160.0
1606471194.66	160000	46.254694	0.0	37238410	239	160.0
1606471194.85	160000	47.072937	0.0	14347759	93	160.0
1606471194.99	160000	47.927467	0.0	11399187	75	160.0
1606471195.13	160000	48.792496	0.0	10358641	68	160.0
1606471195.31	160000	49.616209	0.0	14315696	94	160.0
1606471195.6	160000	50.333391	0.0	23283631	153	160.0
1606471196.07	160000	50.857699	0.0	37521367	244	160.0
1606471196.34	160000	51.584462	0.0	22241104	144	160.0
1606471196.54	160000	52.382081	0.0	15813346	102	160.0
1606471196.76	160000	53.166377	0.0	17116450	114	160.0
1606471196.98	160000	53.944179	0.0	18867054	115	160.0
1606471197.19	160000	54.741281	0.0	17393609	106	160.0
1606471197.48	160000	55.450024	0.0	24759401	152	160.0
1606471197.79	160000	56.145072	0.0	25782433	160	160.0
1606471198.12	160000	56.815597	0.0	25885372	156	160.0
1606471198.42	160000	57.512308	0.0	26242011	157	160.0
1606471198.72	160000	58.21012	0.0	23865378	150	160.0
1606471199.02	160000	58.912926	0.0	25470681	152	160.0
1606471199.36	160000	59.580452	0.0	27258768	161	160.0
1606471200.08	160000	59.909686	0.0	17853711	110	160.0
1606471201.25	160000	59.91062	0.0	14829893	85	160.0
1606471202.08	160000	59.91162	0.0	27779697	169	160.0
1606471203.41	160000	59.66265	0.0	27714923	169	160.0
1606471204.21	160000	59.913671	0.0	25946474	156	160.0
1606471205.48	160000	59.664638	0.0	19596259	153	160.0
1606471206.31	160000	59.665658	0.0	23774167	188	160.0
1606471207.08	160000	59.91661	0.0	19373656	153	160.0
1606471208.45	160000	59.667675	0.0	23977420	229	160.0
1606471209.3	160000	59.668671	0.0	24493733	201	160.0
1606471210.47	160000	59.669622	0.0	14528511	87	160.0
1606471211.19	160000	59.920621	0.0	16841176	121	160.0
1606471212.44	160000	59.671601	0.0	16743604	142	160.0
1606471213.85	160000	59.105203	0.0	17975224	1301	160.0
1606471215.94	160000	58.014723	0.0	22329548	1956	160.0
1606471216.29	160000	58.658317	0.0	16001583	259	160.0
1606471216.7	160000	59.25258	0.0	18238584	295	160.0
1606471217.12	160000	59.834103	0.0	21308824	288	160.0
1606471218.42	160000	59.677632	0.0	17749058	193	160.0
1606471219.17	160000	59.928606	0.0	14127787	168	160.0
1606471220.02	160000	59.940266	0.0	17525699	742	160.0
1606471221.36	160000	59.680716	0.0	14240042	263	160.0
1606471222.45	160000	59.681733	0.0	20324139	465	160.0
1606471223.45	160000	59.682648	0.0	21993033	366	160.0
1606471223.98	160000	59.976765	0.0	18863108	429	160.0
1606471225.03	160000	59.934628	0.0	15964734	452	160.0
1606471228.8	160000	57.163416	0.0	8284939	3702	160.0
1606471229.67	160000	57.298846	0.0	9004706	809	160.0
1606471230.24	160000	57.72767	0.0	6955279	520	160.0
1606471231.03	160000	57.933371	0.0	10701639	726	160.0
1606471231.29	160000	58.672624	0.0	9459459	200	160.0
1606471231.39	160000	59.574815	0.0	3212828	68	160.0
1606471232.48	160000	59.691613	0.0	2509989	52	160.0
1606471233.03	160000	59.942611	0.0	2004927	26	160.0
1606471234.05	160000	59.943622	0.0	591360	7	160.0
1606471235.61	160000	59.878447	0.0	2394426	30	160.0
1606471235.95	40000	1.000999	0.031	336477	3	-4.960000000000001
1606471236.26	160000	2.001999	0.0	14912671	151	40.0
1606471236.74	160000	2.565889	0.0	24265636	247	160.0
1606471237.12	160000	3.190738	0.0	22711544	232	160.0
1606471237.47	160000	3.83561	0.0	19639705	235	160.0
1606471237.86	160000	4.473713	0.0	20946809	250	160.0
1606471238.08	160000	5.295037	0.0	11895609	140	160.0
1606471238.19	160000	6.18452	0.0	7597636	59	160.0
1606471239.12	160000	6.3341	0.0	56067905	443	160.0
1606471239.8	160000	6.677596	0.0	45444680	435	160.0
1606471240.64	160000	6.899138	0.0	54798068	517	160.0
1606471241.79	160000	6.748324	0.0	69464107	687	160.0
1606471242.56	160000	6.97561	0.0	50637608	494	160.0
1606471242.85	160000	7.688635	0.0	19559369	176	160.0
1606471243.17	160000	8.36921	0.0	22224402	196	160.0
1606471243.46	160000	9.075862	0.0	22578365	166	160.0
1606471243.58	160000	9.960193	0.0	8346702	61	160.0
1606471243.79	160000	10.749345	0.0	15775481	116	160.0
1606471243.92	160000	11.624301	0.0	9163235	67	160.0
1606471244.43	160000	12.119089	0.0	41307095	279	160.0
1606471244.79	160000	12.754697	0.0	28763893	184	160.0
1606471245.05	160000	13.492222	0.0	21266416	136	160.0
1606471245.39	160000	14.159634	0.0	23702229	180	160.0
1606471245.76	160000	14.787957	0.0	27580394	210	160.0
1606471246.05	160000	15.499406	0.0	20329780	155	160.0
1606471246.24	160000	16.307209	0.0	16109183	95	160.0
1606471246.94	160000	16.614728	0.0	58830800	350	160.0
1606471247.81	160000	16.744576	0.0	66935122	503	160.0
1606471248.03	160000	17.518449	0.0	15251076	122	160.0
