1606455338.24	40000	1.000999	0.032	334476	21	-5.119999999999997
1606455339.48	80000	1.260885	0.103	14912671	1021	23.519999999999996
1606455341.18	80000	1.346692	0.763	22644885	1560	-42.08
1606455342.7	80000	1.436122	0.585	17135714	1431	-13.599999999999994
1606455344.22	160000	1.267213	0.325	19639705	1399	28.0
1606455346.18	160000	1.263918	0.934	20946809	1852	10.560000000000002
1606455347.33	160000	1.449439	0.328	11895609	1078	107.52000000000001
1606455348.11	160000	1.670714	0.0	7597636	729	160.0
1606455350.48	80000	1.22254	0.922	29583867	2147	-147.52
1606455351.84	80000	1.423099	0.565	15816325	1269	-10.400000000000006
1606455352.99	80000	1.274054	0.0	15275967	1070	80.0
1606455357.3	80000	1.270356	3.304	20600381	4196	-448.64
1606455358.72	80000	1.325981	0.469	17710542	1315	4.959999999999994
1606455359.69	160000	1.355641	0.0	19559369	836	80.0
1606455360.48	160000	1.569487	0.0	22224402	647	160.0
1606455361.06	160000	1.989166	0.0	22578365	446	160.0
1606455361.27	160000	2.778343	0.0	8346702	155	160.0
1606455361.64	160000	3.415724	0.0	15775481	260	160.0
1606455361.85	160000	4.202893	0.0	9163235	152	160.0
1606455362.74	160000	4.308547	0.0	41307095	611	160.0
1606455363.28	160000	4.771958	0.0	28763893	375	160.0
1606455363.7	160000	5.357875	0.0	21266416	281	160.0
1606455364.15	160000	5.915125	0.0	23702229	308	160.0
1606455364.61	160000	6.442659	0.0	27580394	303	160.0
1606455364.98	160000	7.077745	0.0	20329780	233	160.0
1606455365.26	160000	7.799786	0.0	16109183	180	160.0
1606455367.12	160000	6.935472	0.0	58830800	1398	160.0
1606455372.98	160000	2.075613	0.0	66935122	5487	160.0
1606455374.27	160000	1.789237	0.0	15251076	1191	160.0
1606455375.52	160000	1.544751	0.0	16574034	1142	160.0
1606455376.65	160000	1.414053	0.0	13009028	1053	160.0
1606455377.71	160000	1.351092	0.0	12791674	988	160.0
1606455378.61	160000	1.449953	0.0	11137898	834	160.0
1606455379.72	160000	1.342044	0.0	11485310	1040	160.0
1606455380.79	160000	1.307873	0.03	12428518	995	155.2
1606455381.53	160000	1.567638	0.0	9963766	679	160.0
1606455382.45	160000	1.644976	0.0	12189364	851	160.0
1606455383.19	160000	1.905655	0.0	10142396	678	160.0
1606455384.02	160000	2.077331	0.0	10185488	764	160.0
1606455385.22	160000	1.878131	0.0	14061455	1115	160.0
1606455386.59	160000	1.51274	0.0	20074099	1247	160.0
1606455387.3	80000	1.804738	0.0	26113743	557	0.0
1606455388.09	160000	2.01439	0.0	40906522	564	80.0
1606455388.25	160000	2.853864	0.0	7891151	107	160.0
1606455388.63	160000	3.478798	0.0	21012466	252	160.0
1606455389.03	160000	4.071716	0.0	23519424	267	160.0
1606455389.36	160000	4.74493	0.0	18715420	213	160.0
1606455389.69	160000	5.421119	0.0	17000816	221	160.0
1606455389.96	160000	6.147933	0.0	14448126	183	160.0
1606455390.1	160000	7.012316	0.0	6958676	88	160.0
1606455390.28	160000	7.835838	0.0	9088791	115	160.0
1606455390.42	160000	8.689642	0.0	7211881	96	160.0
1606455390.5	160000	9.617382	0.0	3063586	45	160.0
1606455390.56	160000	10.553133	0.0	2782179	40	160.0
1606455390.77	160000	11.348378	0.0	9958410	145	160.0
1606455391.01	160000	12.100654	0.0	12158708	178	160.0
1606455391.27	160000	12.848782	0.0	12300216	179	160.0
1606455391.55	160000	13.568805	0.0	15815684	185	160.0
1606455391.77	160000	14.351088	0.0	13526256	136	160.0
1606455391.96	160000	15.159727	0.0	11995130	121	160.0
1606455392.18	160000	15.944231	0.0	13394791	137	160.0
1606455392.41	160000	16.719335	0.0	14135828	142	160.0
1606455392.67	160000	17.45071	0.0	15366126	170	160.0
1606455392.91	160000	18.212575	0.0	14248439	155	160.0
1606455393.15	160000	18.979405	0.0	13843717	151	160.0
1606455393.39	160000	19.733803	0.0	14665119	160	160.0
1606455393.76	160000	20.373014	0.0	21079187	231	160.0
1606455394.18	160000	20.951985	0.0	25480074	279	160.0
1606455394.58	160000	21.544821	0.0	23021754	263	160.0
1606455395.11	160000	22.02171	0.0	27527834	370	160.0
1606455396.03	160000	22.104359	0.0	26155848	758	160.0
1606455397.61	160000	21.517949	0.0	17849379	1482	160.0
1606455399.04	160000	21.090505	0.0	16546531	1328	160.0
1606455400.42	160000	20.715736	0.0	17718949	1269	160.0
1606455401.58	160000	20.559324	0.0	17337137	1055	160.0
1606455402.04	160000	21.092962	0.0	20008245	351	160.0
1606455404.05	160000	20.094112	0.0	58430914	1678	160.0
1606455407.59	160000	17.548315	0.0	16292703	3431	160.0
1606455408.76	160000	17.374619	0.0	25587422	1031	160.0
1606455409.32	160000	17.817156	0.0	23982306	412	160.0
1606455409.64	160000	18.50402	0.0	13347845	234	160.0
1606455409.98	160000	19.165276	0.0	14337991	257	160.0
1606455410.32	160000	19.820367	0.0	14584990	261	160.0
1606455410.65	160000	20.498906	0.0	13962401	235	160.0
1606455410.96	160000	21.189565	0.0	14393788	224	160.0
1606455411.27	160000	21.87851	0.0	14649457	228	160.0
1606455411.55	160000	22.594137	0.0	13409715	208	160.0
1606455411.85	160000	23.295864	0.0	13909605	219	160.0
1606455412.14	160000	24.009327	0.0	13301968	209	160.0
1606455412.55	160000	24.598093	0.0	19025846	300	160.0
1606455412.98	160000	25.171514	0.0	19295426	314	160.0
1606455413.39	160000	25.764735	0.0	18261873	298	160.0
1606455413.83	160000	26.32287	0.0	19847604	316	160.0
1606455414.23	160000	26.926715	0.0	18767181	288	160.0
1606455414.72	160000	27.431969	0.0	22420858	357	160.0
1606455415.19	160000	27.969655	0.0	19324333	341	160.0
1606455415.66	160000	28.493157	0.0	20392234	356	160.0
1606455415.85	160000	29.312124	0.0	7671072	130	160.0
1606455416.25	160000	29.909978	0.0	17781906	296	160.0
1606455416.54	160000	30.617378	0.0	12839336	213	160.0
1606455416.79	160000	31.37459	0.0	10779770	174	160.0
1606455417.11	160000	32.055111	0.0	14606687	235	160.0
1606455418.07	160000	32.093717	0.0	41866951	717	160.0
1606455418.94	160000	32.220042	0.0	37238410	658	160.0
1606455419.26	160000	32.905294	0.0	14347759	230	160.0
1606455419.52	160000	33.649887	0.0	11399187	183	160.0
1606455419.73	160000	34.431545	0.0	10358641	152	160.0
1606455420.03	160000	35.140224	0.0	14315696	209	160.0
1606455420.5	160000	35.664412	0.0	23283631	343	160.0
1606455421.29	160000	35.877606	0.0	37521367	562	160.0
1606455421.75	160000	36.421447	0.0	22241104	328	160.0
1606455422.07	160000	37.099134	0.0	15813346	224	160.0
1606455422.42	160000	37.753045	0.0	17116450	244	160.0
1606455422.8	160000	38.376615	0.0	18867054	269	160.0
1606455423.15	160000	39.022562	0.0	17393609	249	160.0
1606455423.65	160000	39.523027	0.0	24759401	354	160.0
1606455424.17	160000	40.008801	0.0	25782433	371	160.0
1606455424.71	160000	40.469689	0.0	25885372	372	160.0
1606455425.16	160000	41.021244	0.0	26242011	302	160.0
1606455425.58	160000	41.598263	0.0	23865378	274	160.0
1606455425.99	160000	42.195303	0.0	25470681	260	160.0
1606455426.43	160000	42.749767	0.0	27258768	278	160.0
1606455426.72	160000	43.458691	0.0	17853711	174	160.0
1606455426.94	160000	44.243379	0.0	14829893	132	160.0
1606455427.35	160000	44.83925	0.0	27779697	247	160.0
1606455427.74	160000	45.44192	0.0	27714923	244	160.0
1606455428.11	160000	46.079964	0.0	25946474	215	160.0
1606455428.38	160000	46.804921	0.0	19596259	162	160.0
1606455428.72	160000	47.47091	0.0	23774167	196	160.0
1606455428.98	160000	48.207818	0.0	19373656	150	160.0
1606455429.31	160000	48.878319	0.0	23977420	186	160.0
1606455429.64	160000	49.552635	0.0	24493733	190	160.0
1606455429.93	160000	50.259972	0.0	14528511	208	160.0
1606455430.28	160000	50.908938	0.0	16841176	241	160.0
1606455430.62	160000	51.570156	0.0	16743604	239	160.0
1606455430.88	160000	52.320234	0.0	17975224	143	160.0
1606455431.18	160000	53.016575	0.0	22329548	178	160.0
1606455431.4	160000	53.79446	0.0	16001583	129	160.0
1606455431.66	160000	54.541787	0.0	18238584	146	160.0
1606455431.95	160000	55.253483	0.0	21308824	156	160.0
1606455432.18	160000	56.02336	0.0	17749058	130	160.0
1606455432.36	160000	56.837322	0.0	14127787	104	160.0
1606455432.6	160000	57.602229	0.0	17525699	132	160.0
1606455432.78	160000	58.427091	0.0	14240042	92	160.0
1606455433.03	160000	59.179448	0.0	20324139	132	160.0
1606455433.29	160000	59.911729	0.0	21993033	143	160.0
1606455434.53	160000	59.708182	0.0	18863108	123	160.0
1606455435.26	160000	59.959227	0.0	15964734	126	160.0
1606455436.4	160000	59.960224	0.0	8284939	82	160.0
1606455437.55	160000	59.711136	0.0	9004706	87	160.0
1606455442.53	160000	55.685217	0.0	6955279	4915	160.0
1606455443.42	160000	55.788019	0.0	10701639	832	160.0
1606455444.27	160000	55.938151	0.0	9459459	791	160.0
1606455444.58	160000	56.63105	0.0	3212828	278	160.0
1606455444.84	160000	57.377944	0.0	2509989	229	160.0
1606455445.05	160000	58.165288	0.0	2004927	189	160.0
1606455445.12	160000	59.095004	0.0	591360	54	160.0
1606455445.87	160000	59.902953	0.0	2394426	227	160.0
1606455446.78	40000	1.000999	0.416	336477	404	-66.56
1606455448.09	80000	1.439021	0.474	14912671	1175	-35.84
1606455448.72	80000	1.812378	0.0	22644885	451	80.0
1606455449.43	160000	2.173941	0.0	22711544	570	80.0
1606455449.94	160000	2.708916	0.0	19639705	395	160.0
1606455450.38	160000	3.29774	0.0	20946809	310	160.0
1606455450.63	160000	4.050256	0.0	11895609	177	160.0
1606455451.09	160000	4.615513	0.0	7597636	412	160.0
1606455457.38	160000	1.094217	1.733	56067905	5833	-117.27999999999997
1606455458.03	80000	1.484331	0.035	15816325	545	-5.599999999999994
1606455460.11	160000	1.305388	0.895	54798068	1798	-63.19999999999999
1606455472.24	160000	1.417678	11.272	69464107	11723	-1643.52
1606455477.4	80000	1.437201	4.193	17710542	5062	-670.88
1606455477.99	80000	1.855093	0.0	7412644	530	80.0
1606455479.95	160000	1.372969	0.481	22224402	1846	3.0400000000000063
1606455482.84	160000	1.36335	1.876	22578365	2772	-140.16000000000003
1606455483.87	160000	1.489925	0.162	8346702	988	134.07999999999998
1606455485.8	160000	1.402404	0.84	15775481	1846	25.599999999999994
1606455486.76	160000	1.492726	0.052	9163235	906	151.68
1606455488.39	80000	1.295594	0.433	20277060	1524	-69.28
1606455490.79	160000	1.478168	1.583	28763893	2244	-173.28
1606455498.47	160000	1.312944	6.512	21266416	7565	-881.9200000000001
1606455499.58	80000	1.325499	0.122	13274781	1037	-19.519999999999996
1606455501.9	160000	1.448203	1.435	27580394	2172	-149.6
1606455503.32	160000	1.384142	0.362	20329780	1324	102.08
1606455504.35	160000	1.497133	0.137	16109183	940	138.07999999999998
1606455506.68	80000	1.384477	1.221	34554431	2161	-195.36
1606455509.03	80000	1.321056	1.28	37801487	2152	-124.80000000000001
