1606513489.67	40000	1.000999	0.037	334476	25	-5.920000000000002
1606513491.04	80000	1.416826	0.424	14912671	1175	-27.840000000000003
1606513492.91	80000	1.328543	0.751	22644885	1721	-40.16
1606513493.88	80000	1.3976	0.0	17135714	854	80.0
1606513494.6	160000	1.709003	0.0	19639705	577	80.0
1606513494.94	160000	2.372068	0.0	20946809	215	160.0
1606513495.13	160000	3.19783	0.0	11895609	124	160.0
1606513495.27	160000	4.061275	0.0	7597636	77	160.0
1606513496.43	160000	3.930574	0.0	56067905	659	160.0
1606513501.02	160000	1.280885	0.948	45444680	4379	8.319999999999993
1606513503.23	160000	1.47947	1.401	54798068	1942	-64.16
1606513505.66	160000	1.382491	1.333	69464107	2028	-53.28
1606513507.8	160000	1.408961	1.203	50637608	1899	-32.47999999999999
1606513508.44	160000	1.772389	0.0	19559369	523	160.0
1606513509.73	160000	1.477314	0.0	22224402	1167	160.0
1606513512.19	160000	1.388422	1.368	22578365	2344	-58.879999999999995
1606513512.88	160000	1.69831	0.0	8346702	636	160.0
1606513514.26	160000	1.327178	0.0	15775481	1280	160.0
1606513514.96	160000	1.623344	0.0	9163235	645	160.0
1606513518.46	160000	1.266213	2.137	41307095	3289	-181.92000000000002
1606513520.66	160000	1.403139	1.339	28763893	2049	-54.24000000000001
1606513522.49	160000	1.483248	0.907	21266416	1719	14.879999999999995
1606513524.09	160000	1.400878	0.513	23702229	1465	77.92
1606513525.24	160000	1.414717	0.17	27580394	1003	132.8
1606513525.95	160000	1.710549	0.0	20329780	572	160.0
1606513526.42	160000	2.233844	0.0	16109183	377	160.0
1606513529.5	160000	1.320063	1.158	58830800	2763	-25.28
1606513536.35	160000	1.495771	6.031	66935122	6526	-804.96
1606513536.84	160000	2.00265	0.0	15251076	398	160.0
1606513537.25	160000	2.595915	0.0	16574034	302	160.0
1606513537.58	160000	3.277281	0.0	13009028	238	160.0
1606513537.89	160000	3.959519	0.0	12791674	228	160.0
1606513538.15	160000	4.697127	0.0	11137898	194	160.0
1606513538.42	160000	5.428665	0.0	11485310	200	160.0
1606513538.72	160000	6.137728	0.0	12428518	217	160.0
1606513538.96	160000	6.893083	0.0	9963766	172	160.0
1606513539.24	160000	7.610461	0.0	12189364	210	160.0
1606513539.48	160000	8.37264	0.0	10142396	175	160.0
1606513539.72	160000	9.134393	0.0	10185488	176	160.0
1606513540.05	160000	9.812325	0.0	14061455	239	160.0
1606513540.5	160000	10.356276	0.0	20074099	341	160.0
1606513541.56	160000	10.296921	0.0	46115254	804	160.0
1606513542.47	160000	10.391722	0.0	40906522	665	160.0
1606513542.65	160000	11.213803	0.0	7891151	125	160.0
1606513543.09	160000	11.770509	0.0	21012466	310	160.0
1606513543.57	160000	12.298896	0.0	23519424	340	160.0
1606513543.94	160000	12.924578	0.0	18715420	259	160.0
1606513544.26	160000	13.604445	0.0	17000816	217	160.0
1606513544.53	160000	14.333185	0.0	14448126	186	160.0
1606513544.67	160000	15.197297	0.0	6958676	89	160.0
1606513544.85	160000	16.016497	0.0	9088791	113	160.0
1606513544.98	160000	16.886481	0.0	7211881	84	160.0
1606513545.05	160000	17.823245	0.0	3063586	35	160.0
1606513545.11	160000	18.765491	0.0	2782179	32	160.0
1606513545.28	160000	19.591492	0.0	9958410	116	160.0
1606513545.49	160000	20.379683	0.0	12158708	143	160.0
1606513545.71	160000	21.160921	0.0	12300216	145	160.0
1606513546.02	160000	21.850965	0.0	15815684	210	160.0
1606513546.29	160000	22.586638	0.0	13526256	186	160.0
1606513546.53	160000	23.350734	0.0	11995130	165	160.0
1606513546.79	160000	24.087966	0.0	13394791	184	160.0
1606513547.84	160000	24.036367	0.0	14135828	969	160.0
1606513549.16	160000	23.722107	0.0	15366126	1227	160.0
1606513550.02	160000	23.864063	0.0	14248439	778	160.0
1606513550.53	160000	24.349131	0.0	13843717	435	160.0
1606513550.97	160000	24.911816	0.0	14665119	347	160.0
1606513551.42	160000	25.460882	0.0	21079187	327	160.0
1606513551.93	160000	25.958699	0.0	25480074	356	160.0
1606513552.6	160000	26.285119	0.0	23021754	529	160.0
1606513553.33	160000	26.554849	0.0	27527834	580	160.0
1606513554.06	160000	26.830038	0.0	26155848	551	160.0
1606513554.66	160000	27.225502	0.0	17849379	498	160.0
1606513555.52	160000	27.367416	0.0	16546531	758	160.0
1606513556.19	160000	27.6986	0.0	17718949	560	160.0
1606513556.67	160000	28.225053	0.0	17337137	368	160.0
1606513557.23	160000	28.659714	0.0	20008245	450	160.0
1606513559.3	160000	27.593715	0.0	58430914	1743	160.0
1606513561.32	160000	26.581461	0.0	16292703	1912	160.0
1606513563.24	160000	25.671452	0.0	25587422	1767	160.0
1606513564.03	160000	25.870697	0.0	23982306	657	160.0
1606513564.3	160000	26.596169	0.0	13347845	190	160.0
1606513564.59	160000	27.310582	0.0	14337991	204	160.0
1606513564.88	160000	28.020451	0.0	14584990	207	160.0
1606513565.17	160000	28.729179	0.0	13962401	210	160.0
1606513565.47	160000	29.431005	0.0	14393788	216	160.0
1606513565.78	160000	30.128688	0.0	14649457	220	160.0
1606513566.06	160000	30.843252	0.0	13409715	198	160.0
1606513566.34	160000	31.564307	0.0	13909605	197	160.0
1606513566.61	160000	32.29771	0.0	13301968	189	160.0
1606513567.01	160000	32.900234	0.0	19025846	276	160.0
1606513567.38	160000	33.526329	0.0	19295426	264	160.0
1606513567.74	160000	34.170024	0.0	18261873	250	160.0
1606513568.14	160000	34.776116	0.0	19847604	274	160.0
1606513568.51	160000	35.404696	0.0	18767181	262	160.0
1606513568.96	160000	35.956531	0.0	22420858	319	160.0
1606513569.35	160000	36.568784	0.0	19324333	271	160.0
1606513569.75	160000	37.163433	0.0	20392234	286	160.0
1606513569.91	160000	38.004015	0.0	7671072	108	160.0
1606513570.29	160000	38.627734	0.0	17781906	272	160.0
1606513570.56	160000	39.356737	0.0	12839336	196	160.0
1606513570.79	160000	40.12651	0.0	10779770	164	160.0
1606513571.1	160000	40.815437	0.0	14606687	215	160.0
1606513571.95	160000	40.969402	0.0	41866951	596	160.0
1606513573.46	160000	40.458035	0.0	37238410	1292	160.0
1606513574.26	160000	40.66315	0.0	14347759	712	160.0
1606513574.67	160000	41.253642	0.0	11399187	339	160.0
1606513575.02	160000	41.907112	0.0	10358641	279	160.0
1606513575.27	160000	42.659174	0.0	14315696	166	160.0
1606513575.67	160000	43.259231	0.0	23283631	269	160.0
1606513576.33	160000	43.599012	0.0	37521367	438	160.0
1606513576.72	160000	44.214499	0.0	22241104	255	160.0
1606513577.02	160000	44.912087	0.0	15813346	181	160.0
1606513577.28	160000	45.647442	0.0	17116450	162	160.0
1606513577.57	160000	46.360652	0.0	18867054	179	160.0
1606513577.84	160000	47.092145	0.0	17393609	163	160.0
1606513578.25	160000	47.682281	0.0	24759401	269	160.0
1606513578.71	160000	48.22757	0.0	25782433	310	160.0
1606513579.18	160000	48.752546	0.0	25885372	313	160.0
1606513579.66	160000	49.276055	0.0	26242011	330	160.0
1606513580.13	160000	49.812108	0.0	23865378	301	160.0
1606513580.64	160000	50.294426	0.0	25470681	374	160.0
1606513581.21	160000	50.732415	0.0	27258768	400	160.0
1606513581.55	160000	51.389769	0.0	17853711	243	160.0
1606513581.84	160000	52.102826	0.0	14829893	202	160.0
1606513583.5	160000	51.441996	0.0	27779697	1488	160.0
1606513585.86	160000	50.085488	0.0	27714923	2196	160.0
1606513587.88	160000	49.061154	0.0	25946474	1874	160.0
1606513588.62	160000	49.330568	0.0	19596259	619	160.0
1606513589.26	160000	49.683878	0.0	23774167	509	160.0
1606513589.6	160000	50.353128	0.0	19373656	215	160.0
1606513590.01	160000	50.940585	0.0	23977420	269	160.0
1606513590.42	160000	51.525388	0.0	24493733	274	160.0
1606513590.68	160000	52.266661	0.0	14528511	174	160.0
1606513590.97	160000	52.979634	0.0	16841176	189	160.0
1606513591.26	160000	53.691787	0.0	16743604	188	160.0
1606513591.57	160000	54.381312	0.0	17975224	203	160.0
1606513591.97	160000	54.989212	0.0	22329548	261	160.0
1606513592.24	160000	55.714249	0.0	16001583	179	160.0
1606513592.57	160000	56.386963	0.0	18238584	218	160.0
1606513592.93	160000	57.023497	0.0	21308824	239	160.0
1606513593.24	160000	57.720019	0.0	17749058	198	160.0
1606513593.48	160000	58.483103	0.0	14127787	157	160.0
1606513593.78	160000	59.184697	0.0	17525699	196	160.0
1606513594.02	160000	59.941632	0.0	14240042	159	160.0
1606513595.36	160000	59.643953	0.0	20324139	219	160.0
1606513596.23	160000	59.894936	0.0	21993033	250	160.0
1606513597.12	160000	59.895918	0.0	18863108	271	160.0
1606513598.41	160000	59.646972	0.0	15964734	192	160.0
1606513599.19	160000	59.774649	0.0	8284939	733	160.0
1606513600.11	160000	59.898961	0.0	9004706	358	160.0
1606513601.38	160000	59.649949	0.0	6955279	221	160.0
1606513602.3	160000	59.900977	0.0	10701639	355	160.0
1606513603.16	160000	59.901955	0.0	9459459	295	160.0
1606513604.24	160000	59.902928	0.0	3212828	50	160.0
1606513605.32	160000	59.65397	0.0	2509989	58	160.0
1606513606.38	160000	59.654969	0.0	2004927	33	160.0
1606513607.42	160000	59.655962	0.0	591360	17	160.0
1606513609.07	160000	59.340729	0.0	2394426	126	160.0
1606513609.43	40000	1.000999	0.072	336477	47	-11.52
1606513613.34	160000	1.395983	2.976	14912671	3779	-436.16
1606513615.23	80000	1.43581	0.91	22644885	1737	-145.6
1606513616.06	160000	1.656915	0.0	22711544	690	80.0
1606513616.63	160000	2.106961	0.0	19639705	450	160.0
1606513617.22	160000	2.548657	0.0	20946809	461	160.0
1606513617.63	160000	3.163607	0.0	11895609	341	160.0
1606513617.9	160000	3.921772	0.0	7597636	218	160.0
1606513621.38	160000	1.444519	0.0	56067905	2974	160.0
1606513623.75	160000	1.276811	1.202	45444680	2151	-32.31999999999999
1606513625.63	160000	1.478373	1.08	54798068	1614	-12.800000000000011
1606513629.48	160000	1.309537	2.682	69464107	3437	-269.12
1606513630.84	160000	1.436749	0.543	50637608	1123	73.12
1606513631.38	160000	1.8967	0.0	19559369	422	160.0
1606513632.0	160000	2.284543	0.0	22224402	479	160.0
1606513632.6	160000	2.67897	0.0	22578365	479	160.0
1606513632.84	160000	3.451547	0.0	8346702	173	160.0
1606513633.26	160000	4.02196	0.0	15775481	325	160.0
1606513633.52	160000	4.768685	0.0	9163235	190	160.0
1606513634.82	160000	4.464552	0.0	41307095	1077	160.0
1606513637.2	160000	3.083362	0.0	28763893	2201	160.0
1606513639.0	160000	2.291756	0.0	21266416	1668	160.0
1606513640.97	160000	1.489565	0.167	23702229	1823	133.28
1606513643.19	160000	1.407776	1.138	27580394	2085	-22.080000000000013
1606513645.06	160000	1.258335	0.726	20329780	1754	43.84
1606513646.46	160000	1.274268	0.41	16109183	1308	94.4
1606513647.62	80000	1.434775	0.321	34554431	981	-51.36
1606513648.47	80000	1.587868	0.0	37801487	638	80.0
