1606477467.33	40000	1.000999	0.04	334476	27	-6.399999999999999
1606477468.71	80000	1.434471	0.455	14912671	1174	-32.8
1606477470.53	80000	1.346234	0.703	22644885	1673	-32.480000000000004
1606477471.74	80000	1.436695	0.272	17135714	1115	36.48
1606477473.57	160000	1.265476	0.634	19639705	1721	-21.439999999999998
1606477475.32	160000	1.248435	0.711	20946809	1637	46.239999999999995
1606477475.88	160000	1.696481	0.0	11895609	478	160.0
1606477476.25	160000	2.323515	0.0	7597636	314	160.0
1606477477.11	80000	2.466579	0.0	29583867	615	0.0
1606477478.2	160000	2.377776	0.0	45444680	724	80.0
1606477479.3	160000	2.27273	0.0	54798068	799	160.0
1606477483.14	160000	1.352974	1.911	69464107	3423	-145.76
1606477486.65	160000	1.332267	2.551	50637608	3274	-248.16000000000003
1606477488.43	160000	1.384289	0.832	19559369	1679	26.879999999999995
1606477490.54	160000	1.467271	1.187	22224402	1993	-29.919999999999987
1606477492.42	160000	1.405207	0.819	22578365	1760	28.960000000000008
1606477492.59	160000	2.230313	0.0	8346702	120	160.0
1606477492.92	160000	2.90798	0.0	15775481	227	160.0
1606477493.11	160000	3.713825	0.0	9163235	128	160.0
1606477493.93	160000	3.89201	0.0	41307095	600	160.0
1606477494.53	160000	4.302036	0.0	28763893	419	160.0
1606477494.95	160000	4.883869	0.0	21266416	300	160.0
1606477495.44	160000	5.392682	0.0	23702229	331	160.0
1606477496.39	160000	5.444377	0.0	27580394	795	160.0
1606477500.22	160000	2.607439	0.0	20329780	3697	160.0
1606477504.68	160000	1.483985	2.33	16109183	4368	-212.8
1606477507.48	80000	1.315178	1.634	34554431	2609	-261.44
1606477510.75	80000	1.449981	2.4	37801487	3075	-304.0
1606477512.09	160000	1.351411	0.242	15251076	1258	41.28
1606477513.55	160000	1.34444	0.447	16574034	1366	88.48
1606477514.56	160000	1.363216	0.032	13009028	936	154.88
1606477515.7	160000	1.324911	0.098	12791674	1072	144.32
1606477516.71	160000	1.424098	0.113	11137898	957	141.92000000000002
1606477517.65	160000	1.485844	0.0	11485310	864	160.0
1606477518.67	160000	1.471969	0.0	12428518	938	160.0
1606477519.5	160000	1.639012	0.0	9963766	770	160.0
1606477520.71	160000	1.428653	0.0	12189364	1138	160.0
1606477521.52	160000	1.622822	0.0	10142396	743	160.0
1606477522.33	160000	1.815326	0.0	10185488	745	160.0
1606477523.61	160000	1.53767	0.0	14061455	1195	160.0
1606477525.42	160000	1.295595	0.57	20074099	1707	68.8
1606477527.39	80000	1.366842	1.044	26113743	1842	-167.04
1606477529.23	80000	1.39307	0.861	22860019	1721	-57.75999999999999
1606477529.89	160000	1.731411	0.0	7891151	608	80.0
1606477531.61	160000	1.26509	0.251	21012466	1604	119.84
1606477533.67	160000	1.276784	1.069	23519424	1942	-11.039999999999992
1606477535.08	160000	1.346659	0.479	18715420	1314	83.36
1606477536.34	160000	1.326542	0.245	17000816	1168	120.8
1606477537.42	160000	1.322304	0.067	14448126	1001	149.28
1606477538.0	160000	1.743749	0.0	6958676	534	160.0
1606477538.76	160000	1.979355	0.0	9088791	708	160.0
1606477539.3	160000	2.437308	0.0	7211881	497	160.0
1606477539.54	160000	3.200176	0.0	3063586	211	160.0
1606477539.78	160000	3.962154	0.0	2782179	213	160.0
1606477540.62	160000	4.120474	0.0	9958410	785	160.0
1606477541.65	160000	4.09902	0.0	12158708	948	160.0
1606477542.9	160000	3.842735	0.0	12300216	1184	160.0
1606477544.2	160000	3.547449	0.0	15815684	1200	160.0
1606477545.03	160000	3.71505	0.0	13526256	757	160.0
1606477545.68	160000	4.068447	0.0	11995130	569	160.0
1606477546.28	160000	4.466604	0.0	13394791	521	160.0
1606477546.86	160000	4.889346	0.0	14135828	496	160.0
1606477547.41	160000	5.339903	0.0	15366126	460	160.0
1606477547.86	160000	5.892117	0.0	14248439	364	160.0
1606477548.24	160000	6.514985	0.0	13843717	293	160.0
1606477548.64	160000	7.113788	0.0	14665119	315	160.0
1606477549.17	160000	7.58225	0.0	21079187	407	160.0
1606477549.82	160000	7.934202	0.0	25480074	489	160.0
1606477550.4	160000	8.359508	0.0	23021754	440	160.0
1606477551.08	160000	8.675885	0.0	27527834	515	160.0
1606477551.72	160000	9.041744	0.0	26155848	480	160.0
1606477552.16	160000	9.601914	0.0	17849379	319	160.0
1606477552.55	160000	10.20993	0.0	16546531	291	160.0
1606477552.93	160000	10.831248	0.0	17718949	276	160.0
1606477553.29	160000	11.473608	0.0	17337137	253	160.0
1606477553.71	160000	12.055702	0.0	20008245	292	160.0
1606477554.8	160000	11.962713	0.0	58430914	782	160.0
1606477555.1	160000	12.663659	0.0	16292703	194	160.0
1606477555.55	160000	13.218717	0.0	25587422	303	160.0
1606477555.98	160000	13.791238	0.0	23982306	297	160.0
1606477556.22	160000	14.550492	0.0	13347845	160	160.0
1606477556.47	160000	15.296086	0.0	14337991	172	160.0
1606477556.74	160000	16.03932	0.0	14584990	175	160.0
1606477556.99	160000	16.784838	0.0	13962401	162	160.0
1606477557.24	160000	17.529865	0.0	14393788	170	160.0
1606477557.5	160000	18.274309	0.0	14649457	173	160.0
1606477557.74	160000	19.036431	0.0	13409715	157	160.0
1606477557.98	160000	19.799674	0.0	13909605	153	160.0
1606477558.2	160000	20.57531	0.0	13301968	147	160.0
1606477558.53	160000	21.246683	0.0	19025846	209	160.0
1606477558.85	160000	21.931741	0.0	19295426	204	160.0
1606477559.12	160000	22.659633	0.0	18261873	167	160.0
1606477559.43	160000	23.355494	0.0	19847604	182	160.0
1606477559.72	160000	24.065933	0.0	18767181	173	160.0
1606477560.02	160000	24.764915	0.0	22420858	174	160.0
1606477560.29	160000	25.497428	0.0	19324333	150	160.0
1606477560.57	160000	26.220502	0.0	20392234	158	160.0
1606477560.68	160000	27.110025	0.0	7671072	59	160.0
1606477560.91	160000	27.873311	0.0	17781906	133	160.0
1606477561.09	160000	28.701058	0.0	12839336	95	160.0
1606477561.23	160000	29.554766	0.0	10779770	80	160.0
1606477561.43	160000	30.361931	0.0	14606687	108	160.0
1606477561.99	160000	30.801009	0.0	41866951	311	160.0
1606477562.52	160000	31.272629	0.0	37238410	302	160.0
1606477562.72	160000	32.073575	0.0	14347759	118	160.0
1606477562.87	160000	32.919863	0.0	11399187	85	160.0
1606477563.02	160000	33.775502	0.0	10358641	77	160.0
1606477563.21	160000	34.583878	0.0	14315696	107	160.0
1606477563.52	160000	35.278392	0.0	23283631	171	160.0
1606477564.02	160000	35.778234	0.0	37521367	278	160.0
1606477564.32	160000	36.479507	0.0	22241104	170	160.0
1606477564.54	160000	37.260807	0.0	15813346	117	160.0
1606477564.78	160000	38.027522	0.0	17116450	132	160.0
1606477565.05	160000	38.757554	0.0	18867054	159	160.0
1606477565.28	160000	39.521343	0.0	17393609	132	160.0
1606477565.62	160000	40.182486	0.0	24759401	191	160.0
1606477565.98	160000	40.827004	0.0	25782433	204	160.0
1606477566.37	160000	41.432665	0.0	25885372	231	160.0
1606477566.74	160000	42.067069	0.0	26242011	220	160.0
1606477567.08	160000	42.724885	0.0	23865378	190	160.0
1606477567.43	160000	43.381085	0.0	25470681	203	160.0
1606477567.81	160000	43.997165	0.0	27258768	217	160.0
1606477568.08	160000	44.733454	0.0	17853711	149	160.0
1606477568.29	160000	45.524253	0.0	14829893	124	160.0
1606477568.68	160000	46.138482	0.0	27779697	233	160.0
1606477569.06	160000	46.756249	0.0	27714923	233	160.0
1606477569.43	160000	47.38261	0.0	25946474	219	160.0
1606477569.73	160000	48.08407	0.0	19596259	180	160.0
1606477570.07	160000	48.751549	0.0	23774167	197	160.0
1606477570.34	160000	49.478731	0.0	19373656	160	160.0
1606477570.67	160000	50.151014	0.0	23977420	198	160.0
1606477571.01	160000	50.81313	0.0	24493733	201	160.0
1606477571.21	160000	51.609359	0.0	14528511	118	160.0
1606477571.45	160000	52.376851	0.0	16841176	136	160.0
1606477571.68	160000	53.146069	0.0	16743604	136	160.0
1606477571.93	160000	53.897155	0.0	17975224	148	160.0
1606477572.25	160000	54.576901	0.0	22329548	190	160.0
1606477572.48	160000	55.343723	0.0	16001583	137	160.0
1606477572.75	160000	56.081676	0.0	18238584	155	160.0
1606477573.05	160000	56.776381	0.0	21308824	176	160.0
1606477573.3	160000	57.528036	0.0	17749058	146	160.0
1606477573.5	160000	58.331983	0.0	14127787	116	160.0
1606477573.75	160000	59.07704	0.0	17525699	144	160.0
1606477573.95	160000	59.880532	0.0	14240042	115	160.0
1606477575.24	160000	59.735908	0.0	20324139	164	160.0
1606477576.04	160000	59.986923	0.0	21993033	174	160.0
1606477577.3	160000	59.73795	0.0	18863108	142	160.0
1606477578.02	160000	59.978471	0.0	15964734	125	160.0
1606477579.16	160000	59.73997	0.0	8284939	79	160.0
1606477580.3	160000	59.740866	0.0	9004706	75	160.0
1606477580.9	160000	59.991882	0.0	6955279	58	160.0
1606477582.06	160000	59.992895	0.0	10701639	83	160.0
1606477583.2	160000	59.743882	0.0	9459459	77	160.0
1606477584.25	160000	59.744877	0.0	3212828	27	160.0
1606477585.3	160000	59.745954	0.0	2509989	21	160.0
1606477586.34	160000	59.746919	0.0	2004927	16	160.0
1606477586.87	160000	59.997959	0.0	591360	4	160.0
1606477588.41	160000	59.932633	0.0	2394426	19	160.0
1606477588.74	40000	1.000999	0.036	336477	2	-5.759999999999998
1606477589.01	160000	2.001999	0.0	14912671	119	40.0
1606477589.46	160000	2.627601	0.0	24265636	223	160.0
1606477589.82	160000	3.274539	0.0	22711544	208	160.0
1606477590.1	160000	3.995556	0.0	19639705	160	160.0
1606477590.39	160000	4.708826	0.0	20946809	159	160.0
1606477590.55	160000	5.546056	0.0	11895609	91	160.0
1606477590.66	160000	6.467488	0.0	7597636	57	160.0
1606477591.52	160000	6.686715	0.0	56067905	391	160.0
1606477592.06	160000	7.17825	0.0	45444680	280	160.0
1606477592.68	160000	7.587309	0.0	54798068	310	160.0
1606477593.56	160000	7.783195	0.0	69464107	406	160.0
1606477594.15	160000	8.19206	0.0	50637608	312	160.0
1606477594.45	160000	8.89276	0.0	19559369	181	160.0
1606477594.78	160000	9.559944	0.0	22224402	205	160.0
1606477595.14	160000	10.200856	0.0	22578365	231	160.0
1606477595.3	160000	11.045371	0.0	8346702	101	160.0
1606477595.59	160000	11.757892	0.0	15775481	189	160.0
1606477595.76	160000	12.586497	0.0	9163235	110	160.0
1606477596.37	160000	12.975923	0.0	41307095	380	160.0
1606477596.77	160000	13.580383	0.0	28763893	217	160.0
1606477597.05	160000	14.297217	0.0	21266416	160	160.0
1606477597.39	160000	14.961492	0.0	23702229	174	160.0
1606477597.75	160000	15.598325	0.0	27580394	202	160.0
1606477598.04	160000	16.310886	0.0	20329780	150	160.0
1606477598.31	160000	17.044591	0.0	16109183	164	160.0
1606477599.26	160000	17.094967	0.0	58830800	608	160.0
1606477600.41	160000	16.948028	0.0	66935122	780	160.0
