1606457350.75	40000	1.000999	0.045	334476	32	-7.200000000000003
1606457352.36	80000	1.293526	0.531	14912671	1425	-44.959999999999994
1606457354.45	80000	1.338028	1.096	22644885	1938	-95.36000000000001
1606457356.04	80000	1.435183	0.666	17135714	1499	-26.560000000000002
1606457358.03	160000	1.266076	0.792	19639705	1868	-46.72
1606457360.19	160000	1.268041	1.14	20946809	2042	-22.400000000000006
1606457361.12	160000	1.389253	0.051	11895609	860	151.84
1606457362.61	160000	1.460877	0.559	7597636	1445	70.56
1606457365.88	80000	1.271471	2.083	29583867	3050	-333.28
1606457366.96	80000	1.355243	0.157	15816325	984	54.879999999999995
1606457367.83	80000	1.480264	0.0	15275967	781	80.0
1606457368.82	80000	1.50192	0.0	20600381	855	80.0
1606457370.98	160000	1.185875	0.851	50637608	1791	-56.16
1606457371.68	160000	1.482588	0.0	19559369	577	160.0
1606457372.43	160000	1.736641	0.0	22224402	619	160.0
1606457378.87	160000	1.368131	5.074	22578365	6321	-651.84
1606457379.52	160000	1.720165	0.0	8346702	596	160.0
1606457380.85	160000	1.432389	0.034	15775481	1227	154.56
1606457381.85	160000	1.457404	0.025	9163235	934	156.0
1606457384.36	80000	1.258405	1.315	20277060	2395	-210.4
1606457385.14	80000	1.488221	0.0	14877694	687	80.0
1606457385.87	160000	1.754315	0.0	21266416	610	80.0
1606457386.43	160000	2.198019	0.0	23702229	423	160.0
1606457388.31	160000	1.31341	0.0	27580394	1730	160.0
1606457389.17	160000	1.461197	0.0	20329780	730	160.0
1606457389.63	160000	1.998193	0.0	16109183	367	160.0
1606457391.1	160000	1.52808	0.0	58830800	1069	160.0
1606457392.38	160000	1.248405	0.027	66935122	888	155.68
1606457392.67	160000	1.963474	0.0	15251076	194	160.0
1606457392.99	160000	2.643756	0.0	16574034	217	160.0
1606457393.24	160000	3.393758	0.0	13009028	167	160.0
1606457393.48	160000	4.15627	0.0	12791674	161	160.0
1606457393.69	160000	4.947302	0.0	11137898	141	160.0
1606457393.88	160000	5.751877	0.0	11485310	126	160.0
1606457394.1	160000	6.539027	0.0	12428518	126	160.0
1606457394.27	160000	7.369677	0.0	9963766	106	160.0
1606457394.47	160000	8.172339	0.0	12189364	124	160.0
1606457394.64	160000	9.003086	0.0	10142396	103	160.0
1606457394.82	160000	9.82323	0.0	10185488	99	160.0
1606457395.05	160000	10.588844	0.0	14061455	150	160.0
1606457395.38	160000	11.258071	0.0	20074099	217	160.0
1606457396.19	160000	11.458096	0.0	46115254	501	160.0
1606457396.86	160000	11.789826	0.0	40906522	429	160.0
1606457396.98	160000	12.662065	0.0	7891151	76	160.0
1606457397.36	160000	13.290757	0.0	21012466	203	160.0
1606457397.72	160000	13.930806	0.0	23519424	229	160.0
1606457398.02	160000	14.631151	0.0	18715420	182	160.0
1606457398.29	160000	15.364412	0.0	17000816	166	160.0
1606457398.54	160000	16.114837	0.0	14448126	141	160.0
1606457398.65	160000	16.997489	0.0	6958676	67	160.0
1606457398.8	160000	17.850297	0.0	9088791	88	160.0
1606457398.94	160000	18.713389	0.0	7211881	89	160.0
1606457399.01	160000	19.647362	0.0	3063586	38	160.0
1606457399.07	160000	20.588046	0.0	2782179	34	160.0
1606457399.25	160000	21.404584	0.0	9958410	123	160.0
1606457399.47	160000	22.184189	0.0	12158708	150	160.0
1606457399.7	160000	22.958826	0.0	12300216	152	160.0
1606457399.98	160000	23.681214	0.0	15815684	179	160.0
1606457400.2	160000	24.462751	0.0	13526256	135	160.0
1606457400.39	160000	25.273207	0.0	11995130	120	160.0
1606457400.6	160000	26.063641	0.0	13394791	134	160.0
1606457400.83	160000	26.838212	0.0	14135828	145	160.0
1606457401.08	160000	27.586573	0.0	15366126	160	160.0
1606457401.31	160000	28.353133	0.0	14248439	146	160.0
1606457401.54	160000	29.12994	0.0	13843717	144	160.0
1606457401.78	160000	29.89011	0.0	14665119	151	160.0
1606457402.13	160000	30.536232	0.0	21079187	234	160.0
1606457402.6	160000	31.065526	0.0	25480074	303	160.0
1606457403.0	160000	31.667756	0.0	23021754	259	160.0
1606457403.46	160000	32.210754	0.0	27527834	303	160.0
1606457403.92	160000	32.750325	0.0	26155848	289	160.0
1606457404.2	160000	33.470429	0.0	17849379	172	160.0
1606457404.46	160000	34.212198	0.0	16546531	160	160.0
1606457404.75	160000	34.930693	0.0	17718949	171	160.0
1606457405.02	160000	35.660342	0.0	17337137	164	160.0
1606457405.33	160000	36.349719	0.0	20008245	175	160.0
1606457406.2	160000	36.48151	0.0	58430914	550	160.0
1606457406.48	160000	37.20502	0.0	16292703	169	160.0
1606457406.87	160000	37.812253	0.0	25587422	246	160.0
1606457407.23	160000	38.454417	0.0	23982306	222	160.0
1606457407.43	160000	39.249792	0.0	13347845	123	160.0
1606457407.68	160000	40.005521	0.0	14337991	132	160.0
1606457407.91	160000	40.774827	0.0	14584990	135	160.0
1606457408.11	160000	41.576339	0.0	13962401	117	160.0
1606457408.32	160000	42.370675	0.0	14393788	120	160.0
1606457408.52	160000	43.165819	0.0	14649457	123	160.0
1606457408.71	160000	43.976538	0.0	13409715	113	160.0
1606457408.92	160000	44.776809	0.0	13909605	116	160.0
1606457409.13	160000	45.565965	0.0	13301968	115	160.0
1606457409.41	160000	46.283899	0.0	19025846	165	160.0
1606457409.69	160000	47.006456	0.0	19295426	168	160.0
1606457409.96	160000	47.742104	0.0	18261873	159	160.0
1606457410.51	160000	48.184077	0.0	19847604	425	160.0
1606457413.0	160000	46.69474	0.0	18767181	2381	160.0
1606457414.95	160000	45.750401	0.0	22420858	1817	160.0
1606457415.54	160000	46.155655	0.0	19324333	475	160.0
1606457416.12	160000	46.581757	0.0	20392234	455	160.0
1606457416.3	160000	47.395262	0.0	7671072	136	160.0
1606457416.76	160000	47.940603	0.0	17781906	318	160.0
1606457417.1	160000	48.601666	0.0	12839336	256	160.0
1606457417.41	160000	49.29597	0.0	10779770	238	160.0
1606457417.82	160000	49.886586	0.0	14606687	324	160.0
1606457418.97	160000	49.736571	0.0	41866951	900	160.0
1606457421.43	160000	48.276511	0.0	37238410	2242	160.0
1606457421.92	160000	48.788442	0.0	14347759	406	160.0
1606457422.25	160000	49.460554	0.0	11399187	245	160.0
1606457422.54	160000	50.169789	0.0	10358641	224	160.0
1606457422.93	160000	50.778062	0.0	14315696	308	160.0
1606457423.58	160000	51.136054	0.0	23283631	511	160.0
1606457424.66	160000	51.051111	0.0	37521367	867	160.0
1606457425.29	160000	51.418728	0.0	22241104	508	160.0
1606457425.74	160000	51.977218	0.0	15813346	345	160.0
1606457426.23	160000	52.48777	0.0	17116450	388	160.0
1606457426.79	160000	52.924306	0.0	18867054	455	160.0
1606457427.27	160000	53.451318	0.0	17393609	368	160.0
1606457427.89	160000	53.828307	0.0	24759401	485	160.0
1606457428.58	160000	54.14076	0.0	25782433	539	160.0
1606457429.26	160000	54.463224	0.0	25885372	517	160.0
1606457429.87	160000	54.852739	0.0	26242011	463	160.0
1606457430.43	160000	55.297173	0.0	23865378	410	160.0
1606457431.05	160000	55.674066	0.0	25470681	436	160.0
1606457431.66	160000	56.068597	0.0	27258768	431	160.0
1606457432.05	160000	56.687923	0.0	17853711	281	160.0
1606457432.4	160000	57.328622	0.0	14829893	265	160.0
1606457433.06	160000	57.670905	0.0	27779697	497	160.0
1606457433.56	160000	58.169592	0.0	27714923	333	160.0
1606457434.04	160000	58.690148	0.0	25946474	318	160.0
1606457434.4	160000	59.33686	0.0	19596259	240	160.0
1606457434.84	160000	59.893794	0.0	23774167	290	160.0
1606457436.19	160000	59.684867	0.0	19373656	216	160.0
1606457437.05	160000	59.685885	0.0	23977420	215	160.0
1606457437.94	160000	59.936882	0.0	24493733	253	160.0
1606457439.18	160000	59.687898	0.0	14528511	149	160.0
1606457439.92	160000	59.938936	0.0	16841176	143	160.0
1606457441.17	160000	59.689906	0.0	16743604	146	160.0
1606457441.96	160000	59.94089	0.0	17975224	177	160.0
1606457443.29	160000	59.691933	0.0	22329548	199	160.0
1606457444.02	160000	59.942941	0.0	16001583	139	160.0
1606457445.28	160000	59.693901	0.0	18238584	151	160.0
1606457446.1	160000	59.694921	0.0	21308824	195	160.0
1606457446.97	160000	59.945901	0.0	17749058	258	160.0
1606457448.14	160000	59.696909	0.0	14127787	587	160.0
1606457449.24	160000	59.506913	0.0	17525699	990	160.0
1606457449.98	160000	59.948934	0.0	14240042	154	160.0
1606457451.28	160000	59.699946	0.0	20324139	181	160.0
1606457452.18	160000	59.70095	0.0	21993033	271	160.0
1606457453.35	160000	59.39795	0.0	18863108	1053	160.0
1606457454.64	160000	59.110131	0.0	15964734	1192	160.0
1606457455.22	160000	59.526861	0.0	8284939	530	160.0
1606457455.9	160000	59.954974	0.0	9004706	104	160.0
1606457457.03	160000	59.95591	0.0	6955279	80	160.0
1606457458.19	160000	59.706939	0.0	10701639	94	160.0
1606457459.09	160000	59.660717	0.0	9459459	839	160.0
1606457460.24	160000	59.708915	0.0	3212828	109	160.0
1606457460.81	160000	59.959943	0.0	2509989	51	160.0
1606457461.88	160000	59.960914	0.0	2004927	40	160.0
1606457462.98	160000	59.961862	0.0	591360	82	160.0
1606457464.57	160000	59.62138	0.0	2394426	1559	160.0
1606457465.27	40000	1.000999	0.174	336477	162	-27.84
1606457467.39	80000	1.448259	1.296	14912671	2000	-167.36
1606457468.56	80000	1.342803	0.0	22644885	989	80.0
1606457469.0	160000	1.932141	0.0	22711544	288	80.0
1606457469.36	160000	2.567639	0.0	19639705	246	160.0
1606457469.73	160000	3.246554	0.0	20946809	233	160.0
1606457469.93	160000	4.04586	0.0	11895609	130	160.0
1606457470.07	160000	4.963454	0.0	7597636	84	160.0
1606457471.16	160000	4.938875	0.0	56067905	580	160.0
1606457471.79	160000	5.330842	0.0	45444680	385	160.0
1606457472.54	160000	5.581777	0.0	54798068	455	160.0
1606457473.49	160000	5.635116	0.0	69464107	494	160.0
1606457474.13	160000	5.998032	0.0	50637608	358	160.0
1606457474.38	160000	6.742082	0.0	19559369	140	160.0
1606457474.63	160000	7.492094	0.0	22224402	121	160.0
1606457474.92	160000	8.206937	0.0	22578365	147	160.0
1606457475.03	160000	9.098077	0.0	8346702	41	160.0
1606457475.22	160000	9.912108	0.0	15775481	86	160.0
1606457475.33	160000	10.799774	0.0	9163235	50	160.0
1606457475.77	160000	11.363688	0.0	41307095	217	160.0
1606457476.16	160000	11.97664	0.0	28763893	154	160.0
1606457476.4	160000	12.738003	0.0	21266416	113	160.0
1606457476.7	160000	13.43332	0.0	23702229	149	160.0
1606457477.03	160000	14.106082	0.0	27580394	172	160.0
1606457477.3	160000	14.838016	0.0	20329780	127	160.0
1606457477.5	160000	15.637917	0.0	16109183	94	160.0
1606457478.15	160000	15.98647	0.0	58830800	300	160.0
1606457478.88	160000	16.390223	0.0	66935122	344	160.0
1606457479.05	160000	17.219012	0.0	15251076	78	160.0
