1606493859.27	40000	1.000999	0.045	334476	32	-7.200000000000003
1606493860.69	80000	1.301128	0.365	14912671	1230	-18.4
1606493862.65	80000	1.336022	0.957	22644885	1801	-73.12
1606493864.08	80000	1.428132	0.501	17135714	1339	-0.1599999999999966
1606493865.79	160000	1.241831	0.503	19639705	1602	-0.480000000000004
1606493868.41	160000	1.356007	1.676	20946809	2510	-108.16000000000003
1606493869.43	160000	1.34117	0.0	11895609	942	160.0
1606493870.02	160000	1.747479	0.0	7597636	542	160.0
1606493872.6	80000	1.285421	1.118	29583867	2360	-178.88
1606493874.55	80000	1.372293	1.037	15816325	1855	-85.91999999999999
1606493877.27	80000	1.443017	1.791	15275967	2644	-206.56
1606493879.9	80000	1.485435	1.662	20600381	2513	-185.92000000000002
1606493881.48	80000	1.397981	0.493	17710542	1478	1.1200000000000045
1606493882.93	160000	1.381998	0.438	19559369	1343	9.920000000000002
1606493884.37	160000	1.2866	0.337	22224402	1306	106.08
1606493884.86	160000	1.796377	0.0	22578365	349	160.0
1606493885.04	160000	2.612165	0.0	8346702	129	160.0
1606493885.39	160000	3.267575	0.0	15775481	247	160.0
1606493885.6	160000	4.053265	0.0	9163235	144	160.0
1606493887.87	160000	2.782403	0.0	41307095	1992	160.0
1606493890.36	160000	1.363444	0.07	28763893	2316	148.8
1606493892.09	160000	1.495046	0.858	21266416	1608	22.72
1606493894.03	160000	1.354567	0.798	23702229	1820	32.31999999999999
1606493896.25	160000	1.376474	1.237	27580394	2070	-37.91999999999999
1606493897.91	160000	1.391529	0.675	20329780	1548	52.0
1606493899.21	160000	1.317895	0.23	16109183	1217	123.2
1606493900.71	80000	1.29932	0.473	34554431	1304	-75.68
1606493901.46	80000	1.548365	0.0	37801487	540	80.0
1606493901.77	160000	2.236568	0.0	15251076	216	80.0
1606493902.11	160000	2.899997	0.0	16574034	235	160.0
1606493902.37	160000	3.638007	0.0	13009028	187	160.0
1606493902.65	160000	4.358318	0.0	12791674	198	160.0
1606493902.89	160000	5.121958	0.0	11137898	171	160.0
1606493903.14	160000	5.876747	0.0	11485310	177	160.0
1606493903.39	160000	6.624781	0.0	12428518	172	160.0
1606493903.58	160000	7.440763	0.0	9963766	119	160.0
1606493903.79	160000	8.229058	0.0	12189364	137	160.0
1606493903.97	160000	9.050146	0.0	10142396	116	160.0
1606493904.15	160000	9.872144	0.0	10185488	116	160.0
1606493904.4	160000	10.622378	0.0	14061455	168	160.0
1606493904.76	160000	11.262968	0.0	20074099	243	160.0
1606493905.83	160000	11.186678	0.0	46115254	769	160.0
1606493906.96	160000	11.0656	0.0	40906522	891	160.0
1606493907.12	160000	11.9063	0.0	7891151	105	160.0
1606493909.2	160000	10.819659	0.0	21012466	1961	160.0
1606493911.79	160000	9.242459	0.0	23519424	2450	160.0
1606493912.51	160000	9.51954	0.0	18715420	605	160.0
1606493912.88	160000	10.142534	0.0	17000816	277	160.0
1606493913.21	160000	10.825353	0.0	14448126	236	160.0
1606493913.4	160000	11.623985	0.0	6958676	140	160.0
1606493914.08	160000	11.952807	0.0	9088791	612	160.0
1606493914.61	160000	12.425271	0.0	7211881	481	160.0
1606493914.84	160000	13.195852	0.0	3063586	202	160.0
1606493915.04	160000	13.987385	0.0	2782179	183	160.0
1606493915.58	160000	14.450443	0.0	9958410	479	160.0
1606493916.1	160000	14.939103	0.0	12158708	435	160.0
1606493916.5	160000	15.534026	0.0	12300216	326	160.0
1606493916.86	160000	16.173608	0.0	15815684	264	160.0
1606493917.18	160000	16.866375	0.0	13526256	225	160.0
1606493917.45	160000	17.58504	0.0	11995130	199	160.0
1606493917.77	160000	18.270981	0.0	13394791	230	160.0
1606493918.09	160000	18.949065	0.0	14135828	243	160.0
1606493918.44	160000	19.599115	0.0	15366126	266	160.0
1606493918.84	160000	20.206294	0.0	14248439	301	160.0
1606493919.21	160000	20.836004	0.0	13843717	293	160.0
1606493919.6	160000	21.445427	0.0	14665119	309	160.0
1606493920.18	160000	21.867972	0.0	21079187	450	160.0
1606493921.44	160000	21.612926	0.0	25480074	1109	160.0
1606493924.31	160000	19.742357	0.0	23021754	2737	160.0
1606493926.73	160000	18.314537	0.0	27527834	2275	160.0
1606493928.64	160000	17.407863	0.0	26155848	1751	160.0
1606493929.0	160000	18.048723	0.0	17849379	255	160.0
1606493929.35	160000	18.698182	0.0	16546531	237	160.0
1606493929.68	160000	19.37054	0.0	17718949	224	160.0
1606493930.0	160000	20.056855	0.0	17337137	211	160.0
1606493930.35	160000	20.702443	0.0	20008245	243	160.0
1606493932.23	160000	19.826306	0.0	58430914	1505	160.0
1606493932.53	160000	20.530943	0.0	16292703	184	160.0
1606493932.96	160000	21.09515	0.0	25587422	293	160.0
1606493933.38	160000	21.686309	0.0	23982306	274	160.0
1606493933.6	160000	22.454977	0.0	13347845	138	160.0
1606493933.83	160000	23.232661	0.0	14337991	141	160.0
1606493934.05	160000	24.006649	0.0	14584990	143	160.0
1606493934.28	160000	24.783275	0.0	13962401	143	160.0
1606493934.51	160000	25.557991	0.0	14393788	142	160.0
1606493934.73	160000	26.335536	0.0	14649457	140	160.0
1606493934.95	160000	27.119573	0.0	13409715	133	160.0
1606493935.16	160000	27.903198	0.0	13909605	137	160.0
1606493935.37	160000	28.700508	0.0	13301968	127	160.0
1606493935.68	160000	29.384839	0.0	19025846	202	160.0
1606493936.02	160000	30.053216	0.0	19295426	221	160.0
1606493936.33	160000	30.735929	0.0	18261873	209	160.0
1606493936.68	160000	31.392066	0.0	19847604	219	160.0
1606493936.99	160000	32.078422	0.0	18767181	199	160.0
1606493937.36	160000	32.710651	0.0	22420858	237	160.0
1606493937.68	160000	33.399623	0.0	19324333	187	160.0
1606493937.97	160000	34.103092	0.0	20392234	182	160.0
1606493938.09	160000	34.986019	0.0	7671072	69	160.0
1606493938.36	160000	35.724814	0.0	17781906	159	160.0
1606493938.63	160000	36.447484	0.0	12839336	190	160.0
1606493939.57	160000	36.50616	0.0	10779770	876	160.0
1606493940.58	160000	36.501538	0.0	14606687	925	160.0
1606493941.21	160000	36.87511	0.0	41866951	376	160.0
1606493941.77	160000	37.314945	0.0	37238410	337	160.0
1606493942.0	160000	38.084886	0.0	14347759	147	160.0
1606493942.17	160000	38.910785	0.0	11399187	107	160.0
1606493942.34	160000	39.749591	0.0	10358641	97	160.0
1606493942.55	160000	40.53616	0.0	14315696	135	160.0
1606493942.85	160000	41.236836	0.0	23283631	168	160.0
1606493943.36	160000	41.734195	0.0	37521367	283	160.0
1606493943.64	160000	42.446042	0.0	22241104	161	160.0
1606493943.86	160000	43.228991	0.0	15813346	118	160.0
1606493944.09	160000	44.001631	0.0	17116450	127	160.0
1606493944.34	160000	44.752094	0.0	18867054	139	160.0
1606493944.57	160000	45.521137	0.0	17393609	128	160.0
1606493945.06	160000	46.038123	0.0	24759401	340	160.0
1606493945.56	160000	46.536865	0.0	25782433	353	160.0
1606493947.12	160000	45.977	0.0	25885372	1409	160.0
1606493947.82	160000	46.273749	0.0	26242011	559	160.0
1606493948.21	160000	46.888891	0.0	23865378	243	160.0
1606493948.6	160000	47.495641	0.0	25470681	259	160.0
1606493949.02	160000	48.078563	0.0	27258768	249	160.0
1606493949.29	160000	48.814307	0.0	17853711	163	160.0
1606493949.51	160000	49.59615	0.0	14829893	135	160.0
1606493949.93	160000	50.169187	0.0	27779697	268	160.0
1606493950.35	160000	50.759294	0.0	27714923	254	160.0
1606493950.74	160000	51.367887	0.0	25946474	246	160.0
1606493951.07	160000	52.040634	0.0	19596259	213	160.0
1606493951.48	160000	52.624797	0.0	23774167	275	160.0
1606493951.84	160000	53.27132	0.0	19373656	231	160.0
1606493952.27	160000	53.842769	0.0	23977420	295	160.0
1606493952.7	160000	54.411115	0.0	24493733	301	160.0
1606493952.96	160000	55.147041	0.0	14528511	182	160.0
1606493953.26	160000	55.848763	0.0	16841176	204	160.0
1606493953.57	160000	56.544032	0.0	16743604	207	160.0
1606493953.93	160000	57.181899	0.0	17975224	262	160.0
1606493954.38	160000	57.735676	0.0	22329548	326	160.0
1606493954.77	160000	58.351329	0.0	16001583	287	160.0
1606493955.39	160000	58.728829	0.0	18238584	518	160.0
1606493955.98	160000	59.142314	0.0	21308824	466	160.0
1606493956.42	160000	59.694337	0.0	17749058	341	160.0
1606493957.45	160000	59.679445	0.0	14127787	938	160.0
1606493958.85	160000	59.27174	0.0	17525699	1297	160.0
1606493959.89	160000	59.232515	0.0	14240042	959	160.0
1606493961.32	160000	58.800706	0.0	20324139	1309	160.0
1606493963.12	160000	58.004531	0.0	21993033	1672	160.0
1606493963.86	160000	58.267107	0.0	18863108	623	160.0
1606493964.11	160000	59.013148	0.0	15964734	158	160.0
1606493964.25	160000	59.87585	0.0	8284939	82	160.0
1606493965.4	160000	59.89581	0.0	9004706	89	160.0
1606493966.52	160000	59.646797	0.0	6955279	71	160.0
1606493967.31	160000	59.89778	0.0	10701639	232	160.0
1606493968.59	160000	59.648809	0.0	9459459	219	160.0
1606493969.42	160000	59.899821	0.0	3212828	303	160.0
1606493970.68	160000	59.650734	0.0	2509989	235	160.0
1606493971.28	160000	59.901778	0.0	2004927	65	160.0
1606493972.32	160000	59.902756	0.0	591360	19	160.0
1606493973.89	160000	59.837544	0.0	2394426	53	160.0
1606493974.28	40000	1.000999	0.059	336477	24	-9.439999999999998
1606493975.52	160000	1.309149	0.258	14912671	1104	-1.2800000000000011
1606493977.57	160000	1.327248	1.035	24265636	1848	-5.599999999999994
1606493979.28	160000	1.404109	0.832	22711544	1592	26.879999999999995
1606493981.41	160000	1.483251	1.181	19639705	2027	-28.960000000000008
1606493982.52	160000	1.395954	0.0	20946809	981	160.0
1606493982.9	160000	2.017827	0.0	11895609	302	160.0
1606493983.08	160000	2.84044	0.0	7597636	127	160.0
1606493984.42	160000	2.502512	0.0	56067905	882	160.0
1606493987.83	160000	1.334077	1.24	45444680	3195	-38.400000000000006
1606493990.94	160000	1.326611	2.1	54798068	2853	-176.0
1606493992.43	160000	1.370369	0.541	69464107	1081	73.44
1606493993.44	160000	1.402383	0.09	50637608	726	145.6
1606493993.83	160000	2.017219	0.0	19559369	264	160.0
1606493994.27	160000	2.579579	0.0	22224402	300	160.0
1606493994.7	160000	3.147936	0.0	22578365	296	160.0
1606493994.87	160000	3.979884	0.0	8346702	109	160.0
1606493995.15	160000	4.695302	0.0	15775481	191	160.0
1606493995.32	160000	5.52685	0.0	9163235	110	160.0
1606493996.14	160000	5.710789	0.0	41307095	590	160.0
1606493998.4	160000	4.450977	0.0	28763893	2082	160.0
1606493999.14	160000	4.71788	0.0	21266416	610	160.0
1606493999.56	160000	5.295479	0.0	23702229	274	160.0
1606494000.03	160000	5.821361	0.0	27580394	320	160.0
1606494000.41	160000	6.449078	0.0	20329780	238	160.0
1606494000.7	160000	7.160986	0.0	16109183	189	160.0
1606494001.71	160000	7.153348	0.0	58830800	670	160.0
1606494002.85	160000	7.009476	0.0	66935122	782	160.0
