1606531792.93	40000	1.000999	0.036	334476	25	-5.759999999999998
1606531794.32	80000	1.377513	0.412	14912671	1206	-25.92
1606531796.19	80000	1.341967	0.798	22644885	1714	-47.68000000000001
1606531797.74	80000	1.424064	0.616	17135714	1464	-18.560000000000002
1606531799.33	160000	1.270744	0.41	19639705	1477	14.400000000000006
1606531800.87	160000	1.280546	0.515	20946809	1430	77.6
1606531801.9	160000	1.289604	0.03	11895609	954	155.2
1606531802.49	160000	1.693535	0.0	7597636	535	160.0
1606531806.14	80000	1.323033	2.283	29583867	3426	-365.28
1606531808.12	80000	1.361736	1.011	15816325	1883	-81.75999999999999
1606531811.36	80000	1.373411	2.248	15275967	3157	-279.68
1606531813.14	80000	1.372045	0.779	20600381	1662	-44.64
1606531815.15	80000	1.401358	1.038	17710542	1912	-86.08000000000001
1606531817.39	160000	1.403	1.235	19559369	2120	-117.6
1606531819.44	160000	1.425369	1.086	22224402	1930	-13.759999999999991
1606531821.1	160000	1.263035	0.493	22578365	1532	81.12
1606531821.58	160000	1.782364	0.0	8346702	423	160.0
1606531822.43	160000	1.932487	0.0	15775481	750	160.0
1606531822.91	160000	2.45827	0.0	9163235	414	160.0
1606531830.12	160000	1.264368	5.021	41307095	6947	-643.36
1606531832.76	160000	1.264652	1.641	28763893	2488	-102.56
1606531834.51	160000	1.397895	0.889	21266416	1619	17.75999999999999
1606531836.33	160000	1.302106	0.726	23702229	1702	43.84
1606531838.71	160000	1.264465	1.34	27580394	2227	-54.400000000000006
1606531840.42	160000	1.36924	0.82	20329780	1598	28.80000000000001
1606531841.63	160000	1.420367	0.252	16109183	1114	119.68
1606531844.3	80000	1.44061	1.692	34554431	2495	-270.72
1606531845.41	80000	1.330629	0.0	37801487	895	80.0
1606531845.9	160000	1.847632	0.0	15251076	380	80.0
1606531846.38	160000	2.362854	0.0	16574034	374	160.0
1606531846.73	160000	3.01674	0.0	13009028	269	160.0
1606531847.07	160000	3.676551	0.0	12791674	265	160.0
1606531847.39	160000	4.356245	0.0	11137898	250	160.0
1606531847.72	160000	5.02873	0.0	11485310	259	160.0
1606531848.07	160000	5.672224	0.0	12428518	281	160.0
1606531848.34	160000	6.403501	0.0	9963766	207	160.0
1606531848.67	160000	7.07906	0.0	12189364	253	160.0
1606531848.94	160000	7.80938	0.0	10142396	210	160.0
1606531849.23	160000	8.527459	0.0	10185488	213	160.0
1606531849.61	160000	9.137109	0.0	14061455	305	160.0
1606531850.17	160000	9.582473	0.0	20074099	437	160.0
1606531851.36	160000	9.3946	0.0	46115254	873	160.0
1606531852.32	160000	9.430079	0.0	40906522	739	160.0
1606531852.61	160000	10.148113	0.0	7891151	229	160.0
1606531853.35	160000	10.406004	0.0	21012466	617	160.0
1606531854.21	160000	10.545715	0.0	23519424	728	160.0
1606531855.58	160000	10.179648	0.0	18715420	1253	160.0
1606531856.69	160000	10.072304	0.0	17000816	1006	160.0
1606531857.58	160000	10.182316	0.0	14448126	806	160.0
1606531858.0	160000	10.762821	0.0	6958676	368	160.0
1606531858.73	160000	11.031523	0.0	9088791	672	160.0
1606531859.35	160000	11.414045	0.0	7211881	566	160.0
1606531859.58	160000	12.180627	0.0	3063586	204	160.0
1606531859.8	160000	12.968282	0.0	2782179	185	160.0
1606531860.56	160000	13.210456	0.0	9958410	694	160.0
1606531861.5	160000	13.271781	0.0	12158708	868	160.0
1606531862.44	160000	13.32861	0.0	12300216	869	160.0
1606531863.53	160000	13.249785	0.0	15815684	984	160.0
1606531864.07	160000	13.698187	0.0	13526256	465	160.0
1606531864.44	160000	14.332697	0.0	11995130	293	160.0
1606531864.8	160000	14.974547	0.0	13394791	278	160.0
1606531865.18	160000	15.593995	0.0	14135828	299	160.0
1606531865.56	160000	16.21688	0.0	15366126	287	160.0
1606531865.91	160000	16.863632	0.0	14248439	268	160.0
1606531866.25	160000	17.523715	0.0	13843717	259	160.0
1606531866.61	160000	18.168583	0.0	14665119	269	160.0
1606531867.13	160000	18.65242	0.0	21079187	387	160.0
1606531867.71	160000	19.06559	0.0	25480074	444	160.0
1606531868.25	160000	19.533174	0.0	23021754	398	160.0
1606531868.92	160000	19.859131	0.0	27527834	515	160.0
1606531869.56	160000	20.219149	0.0	26155848	488	160.0
1606531870.01	160000	20.770025	0.0	17849379	343	160.0
1606531870.42	160000	21.36092	0.0	16546531	305	160.0
1606531870.85	160000	21.94443	0.0	17718949	315	160.0
1606531871.26	160000	22.522507	0.0	17337137	307	160.0
1606531872.94	160000	21.848658	0.0	20008245	1555	160.0
1606531877.69	160000	18.100866	0.0	58430914	4347	160.0
1606531878.95	160000	17.836607	0.0	16292703	1148	160.0
1606531881.23	160000	16.56372	0.0	25587422	2131	160.0
1606531883.1	160000	15.690414	0.0	23982306	1738	160.0
1606531884.23	160000	15.564476	0.0	13347845	1043	160.0
1606531885.35	160000	15.44684	0.0	14337991	1033	160.0
1606531886.44	160000	15.351164	0.0	14584990	1009	160.0
1606531887.56	160000	15.241172	0.0	13962401	1029	160.0
1606531888.49	160000	15.307538	0.0	14393788	847	160.0
1606531888.8	160000	15.993159	0.0	14649457	229	160.0
1606531889.1	160000	16.697467	0.0	13409715	216	160.0
1606531889.41	160000	17.39439	0.0	13909605	217	160.0
1606531889.65	160000	18.149796	0.0	13301968	164	160.0
1606531890.0	160000	18.800921	0.0	19025846	234	160.0
1606531890.35	160000	19.452319	0.0	19295426	239	160.0
1606531890.64	160000	20.163935	0.0	18261873	179	160.0
1606531890.96	160000	20.851193	0.0	19847604	194	160.0
1606531891.26	160000	21.543563	0.0	18767181	182	160.0
1606531891.63	160000	22.172774	0.0	22420858	239	160.0
1606531891.97	160000	22.83848	0.0	19324333	217	160.0
1606531892.32	160000	23.492204	0.0	20392234	229	160.0
1606531892.45	160000	24.358582	0.0	7671072	84	160.0
1606531892.76	160000	25.054974	0.0	17781906	190	160.0
1606531892.97	160000	25.839924	0.0	12839336	137	160.0
1606531893.16	160000	26.657104	0.0	10779770	115	160.0
1606531893.4	160000	27.418021	0.0	14606687	156	160.0
1606531894.04	160000	27.775163	0.0	41866951	396	160.0
1606531894.79	160000	28.029851	0.0	37238410	516	160.0
1606531895.96	160000	27.860303	0.0	14347759	1091	160.0
1606531896.52	160000	28.293314	0.0	11399187	501	160.0
1606531896.73	160000	29.092365	0.0	10358641	135	160.0
1606531896.99	160000	29.825774	0.0	14315696	187	160.0
1606531897.44	160000	30.378429	0.0	23283631	317	160.0
1606531898.07	160000	30.75536	0.0	37521367	404	160.0
1606531898.44	160000	31.381532	0.0	22241104	239	160.0
1606531898.72	160000	32.101193	0.0	15813346	183	160.0
1606531899.02	160000	32.801002	0.0	17116450	197	160.0
1606531899.35	160000	33.47496	0.0	18867054	218	160.0
1606531899.65	160000	34.180916	0.0	17393609	192	160.0
1606531900.05	160000	34.77276	0.0	24759401	268	160.0
1606531900.48	160000	35.350161	0.0	25782433	281	160.0
1606531901.28	160000	35.553756	0.0	25885372	629	160.0
1606531901.81	160000	36.016995	0.0	26242011	392	160.0
1606531902.27	160000	36.562291	0.0	23865378	297	160.0
1606531902.81	160000	37.02499	0.0	25470681	390	160.0
1606531903.47	160000	37.368044	0.0	27258768	487	160.0
1606531903.85	160000	37.989028	0.0	17853711	274	160.0
1606531904.16	160000	38.672625	0.0	14829893	227	160.0
1606531904.79	160000	39.043332	0.0	27779697	469	160.0
1606531905.49	160000	39.344199	0.0	27714923	542	160.0
1606531907.63	160000	38.205352	0.0	25946474	1987	160.0
1606531909.25	160000	37.589605	0.0	19596259	1498	160.0
1606531911.38	160000	36.462894	0.0	23774167	1988	160.0
1606531913.12	160000	35.72209	0.0	19373656	1626	160.0
1606531914.14	160000	35.705178	0.0	23977420	882	160.0
1606531914.8	160000	36.042792	0.0	24493733	521	160.0
1606531915.08	160000	36.765655	0.0	14528511	190	160.0
1606531915.41	160000	37.439432	0.0	16841176	220	160.0
1606531915.99	160000	37.856518	0.0	16743604	481	160.0
1606531917.59	160000	37.256732	0.0	17975224	1491	160.0
1606531922.32	160000	33.531032	0.0	22329548	4583	160.0
1606531923.18	160000	33.671868	0.0	16001583	762	160.0
1606531924.19	160000	33.6632	0.0	18238584	899	160.0
1606531926.67	160000	32.178891	0.0	21308824	2348	160.0
1606531929.44	160000	30.410549	0.0	17749058	2659	160.0
1606531935.74	160000	25.11549	0.0	14127787	6207	160.0
1606531937.15	160000	24.701165	0.0	17525699	1307	160.0
1606531938.19	160000	24.666541	0.0	14240042	951	160.0
1606531939.19	160000	24.665409	0.0	20324139	879	160.0
1606531939.99	160000	24.864871	0.0	21993033	672	160.0
1606531940.65	160000	25.207817	0.0	18863108	536	160.0
1606531941.17	160000	25.699336	0.0	15964734	405	160.0
1606531941.43	160000	26.42612	0.0	8284939	205	160.0
1606531941.72	160000	27.139758	0.0	9004706	229	160.0
1606531941.92	160000	27.941889	0.0	6955279	151	160.0
1606531942.22	160000	28.643664	0.0	10701639	233	160.0
1606531942.49	160000	29.377127	0.0	9459459	206	160.0
1606531942.59	160000	30.279327	0.0	3212828	70	160.0
1606531942.67	160000	31.193721	0.0	2509989	49	160.0
1606531942.73	160000	32.134047	0.0	2004927	37	160.0
1606531942.76	160000	33.10485	0.0	591360	12	160.0
1606531942.85	160000	34.455291	0.0	2394426	59	160.0
1606531943.18	40000	1.000999	0.027	336477	6	-4.32
1606531943.64	160000	1.897877	0.0	14912671	276	40.0
1606531944.26	160000	2.277566	0.0	24265636	390	160.0
1606531944.78	160000	2.760264	0.0	22711544	380	160.0
1606531945.25	160000	3.322338	0.0	19639705	344	160.0
1606531945.75	160000	3.844617	0.0	20946809	367	160.0
1606531946.73	160000	3.960805	0.0	11895609	872	160.0
1606531947.23	160000	4.46057	0.0	7597636	447	160.0
1606531949.32	160000	3.419713	0.0	56067905	1610	160.0
1606531950.53	160000	3.20457	0.0	45444680	961	160.0
1606531952.04	160000	2.695021	0.0	54798068	1193	160.0
1606531962.05	160000	1.250433	7.561	69464107	9580	-1049.76
1606531966.74	160000	1.340428	3.781	50637608	4425	-444.96000000000004
1606531968.16	160000	1.372461	0.452	19559369	1319	87.68
1606531969.83	160000	1.325462	0.628	22224402	1562	59.519999999999996
1606531971.54	160000	1.454864	0.833	22578365	1588	26.72
1606531972.28	160000	1.713978	0.0	8346702	682	160.0
1606531973.59	160000	1.407628	0.0	15775481	1208	160.0
1606531974.27	160000	1.729515	0.0	9163235	618	160.0
1606531977.3	160000	1.292038	1.594	41307095	2835	-95.03999999999999
1606531979.64	160000	1.387257	1.433	28763893	2182	-69.28
1606531980.56	160000	1.463998	0.0	21266416	802	160.0
1606531981.31	160000	1.714622	0.0	23702229	599	160.0
1606531982.06	160000	1.964967	0.0	27580394	591	160.0
1606531982.67	160000	2.353092	0.0	20329780	476	160.0
1606531983.17	160000	2.858626	0.0	16109183	389	160.0
1606531987.75	160000	1.325724	2.045	58830800	4286	-167.2
