1606533709.72	40000	1.000999	0.041	334476	27	-6.560000000000002
1606533711.14	80000	1.483044	0.542	14912671	1229	-46.72
1606533712.25	80000	1.403406	0.0	22644885	936	80.0
1606533712.75	160000	1.933932	0.0	22711544	341	80.0
1606533713.19	160000	2.497849	0.0	19639705	317	160.0
1606533713.66	160000	3.050197	0.0	20946809	350	160.0
1606533713.94	160000	3.807193	0.0	11895609	198	160.0
1606533714.12	160000	4.623211	0.0	7597636	122	160.0
1606533716.3	160000	3.490099	0.0	56067905	1667	160.0
1606533720.1	160000	1.292974	0.597	45444680	3569	64.48
1606533724.67	160000	1.39138	3.669	54798068	4297	-427.03999999999996
1606533730.08	160000	1.171902	4.191	69464107	4981	-510.55999999999995
1606533731.56	160000	1.25953	0.555	50637608	1198	71.2
1606533731.99	160000	1.819196	0.0	19559369	315	160.0
1606533732.4	160000	2.414888	0.0	22224402	267	160.0
1606533732.81	160000	3.00969	0.0	22578365	271	160.0
1606533732.96	160000	3.848514	0.0	8346702	99	160.0
1606533733.27	160000	4.538558	0.0	15775481	216	160.0
1606533733.46	160000	5.357004	0.0	9163235	122	160.0
1606533734.26	160000	5.554751	0.0	41307095	566	160.0
1606533734.83	160000	5.983846	0.0	28763893	390	160.0
1606533741.78	160000	1.316447	1.29	21266416	6844	-46.400000000000006
1606533742.26	160000	1.841937	0.0	23702229	325	160.0
1606533742.72	160000	2.381043	0.0	27580394	306	160.0
1606533743.08	160000	3.030576	0.0	20329780	216	160.0
1606533743.3	160000	3.805821	0.0	16109183	112	160.0
1606533744.07	160000	4.036376	0.0	58830800	425	160.0
1606533744.85	160000	4.263637	0.0	66935122	404	160.0
1606533745.03	160000	5.073915	0.0	15251076	88	160.0
1606533745.33	160000	5.782301	0.0	16574034	188	160.0
1606533745.56	160000	6.558527	0.0	13009028	148	160.0
1606533745.78	160000	7.333842	0.0	12791674	141	160.0
1606533745.97	160000	8.142386	0.0	11137898	127	160.0
1606533746.16	160000	8.952905	0.0	11485310	121	160.0
1606533746.36	160000	9.756106	0.0	12428518	123	160.0
1606533746.52	160000	10.594178	0.0	9963766	97	160.0
1606533746.71	160000	11.402318	0.0	12189364	119	160.0
1606533746.88	160000	12.240738	0.0	10142396	98	160.0
1606533747.04	160000	13.076915	0.0	10185488	98	160.0
1606533747.33	160000	13.790908	0.0	14061455	199	160.0
1606533747.74	160000	14.382385	0.0	20074099	284	160.0
1606533748.88	160000	14.243751	0.0	46115254	868	160.0
1606533750.18	160000	13.945249	0.0	40906522	1059	160.0
1606533751.12	160000	14.003037	0.0	7891151	891	160.0
1606533755.45	160000	10.677563	0.0	21012466	4198	160.0
1606533757.23	160000	9.893045	0.0	23519424	1651	160.0
1606533758.88	160000	9.243747	0.0	18715420	1539	160.0
1606533760.14	160000	8.982724	0.0	17000816	1158	160.0
1606533761.56	160000	8.564207	0.0	14448126	1325	160.0
1606533762.14	160000	8.990451	0.0	6958676	522	160.0
1606533762.84	160000	9.290662	0.0	9088791	643	160.0
1606533763.49	160000	9.643956	0.0	7211881	597	160.0
1606533763.82	160000	10.309674	0.0	3063586	307	160.0
1606533764.13	160000	11.004358	0.0	2782179	278	160.0
1606533765.09	160000	11.039123	0.0	9958410	905	160.0
1606533765.74	160000	11.401395	0.0	12158708	566	160.0
1606533766.29	160000	11.849853	0.0	12300216	467	160.0
1606533766.66	160000	12.478642	0.0	15815684	277	160.0
1606533766.98	160000	13.161431	0.0	13526256	236	160.0
1606533767.25	160000	13.884854	0.0	11995130	206	160.0
1606533767.52	160000	14.616512	0.0	13394791	182	160.0
1606533767.8	160000	15.337039	0.0	14135828	196	160.0
1606533768.11	160000	16.030336	0.0	15366126	218	160.0
1606533768.38	160000	16.758734	0.0	14248439	187	160.0
1606533768.64	160000	17.501618	0.0	13843717	177	160.0
1606533768.92	160000	18.223056	0.0	14665119	190	160.0
1606533769.32	160000	18.823616	0.0	21079187	278	160.0
1606533770.01	160000	19.137555	0.0	25480074	540	160.0
1606533770.78	160000	19.369683	0.0	23021754	634	160.0
1606533774.02	160000	17.131499	0.0	27527834	3078	160.0
1606533777.82	160000	14.333909	0.0	26155848	3629	160.0
1606533779.42	160000	13.729876	0.0	17849379	1497	160.0
1606533780.22	160000	13.930878	0.0	16546531	700	160.0
1606533780.8	160000	14.349581	0.0	17718949	472	160.0
1606533781.33	160000	14.823904	0.0	17337137	422	160.0
1606533781.95	160000	15.20235	0.0	20008245	503	160.0
1606533783.67	160000	14.485522	0.0	58430914	1395	160.0
1606533784.12	160000	15.033666	0.0	16292703	349	160.0
1606533784.79	160000	15.364595	0.0	25587422	525	160.0
1606533785.41	160000	15.743378	0.0	23982306	486	160.0
1606533785.76	160000	16.398218	0.0	13347845	264	160.0
1606533786.13	160000	17.03114	0.0	14337991	284	160.0
1606533786.48	160000	17.678628	0.0	14584990	268	160.0
1606533786.8	160000	18.360453	0.0	13962401	235	160.0
1606533787.13	160000	19.034495	0.0	14393788	243	160.0
1606533787.45	160000	19.717825	0.0	14649457	230	160.0
1606533787.71	160000	20.453416	0.0	13409715	184	160.0
1606533787.99	160000	21.18028	0.0	13909605	191	160.0
1606533788.25	160000	21.914956	0.0	13301968	182	160.0
1606533788.61	160000	22.556814	0.0	19025846	238	160.0
1606533788.96	160000	23.205976	0.0	19295426	237	160.0
1606533789.3	160000	23.8674	0.0	18261873	231	160.0
1606533789.68	160000	24.489564	0.0	19847604	253	160.0
1606533790.05	160000	25.129823	0.0	18767181	238	160.0
1606533790.56	160000	25.614549	0.0	22420858	380	160.0
1606533792.08	160000	25.089296	0.0	19324333	1404	160.0
1606533794.09	160000	24.081119	0.0	20392234	1887	160.0
1606533794.51	160000	24.66204	0.0	7671072	371	160.0
1606533795.07	160000	25.11065	0.0	17781906	437	160.0
1606533795.44	160000	25.735537	0.0	12839336	297	160.0
1606533795.68	160000	26.501429	0.0	10779770	168	160.0
1606533795.97	160000	27.210809	0.0	14606687	208	160.0
1606533796.78	160000	27.399585	0.0	41866951	562	160.0
1606533797.48	160000	27.704687	0.0	37238410	463	160.0
1606533797.75	160000	28.430677	0.0	14347759	190	160.0
1606533797.97	160000	29.213209	0.0	11399187	146	160.0
1606533798.17	160000	30.01602	0.0	10358641	133	160.0
1606533798.44	160000	30.750566	0.0	14315696	183	160.0
1606533798.92	160000	31.265891	0.0	23283631	351	160.0
1606533799.99	160000	31.198127	0.0	37521367	843	160.0
1606533801.97	160000	30.218942	0.0	22241104	1855	160.0
1606533804.54	160000	28.653697	0.0	15813346	2464	160.0
1606533805.93	160000	28.265839	0.0	17116450	1275	160.0
1606533806.79	160000	28.400238	0.0	18867054	755	160.0
1606533807.24	160000	28.95286	0.0	17393609	345	160.0
1606533807.8	160000	29.400841	0.0	24759401	410	160.0
1606533808.32	160000	29.877669	0.0	25782433	369	160.0
1606533808.83	160000	30.361331	0.0	25885372	360	160.0
1606533809.34	160000	30.852983	0.0	26242011	362	160.0
1606533810.06	160000	31.136145	0.0	23865378	566	160.0
1606533811.6	160000	30.599194	0.0	25470681	1390	160.0
1606533812.29	160000	30.908925	0.0	27258768	517	160.0
1606533812.65	160000	31.555558	0.0	17853711	245	160.0
1606533812.87	160000	32.331721	0.0	14829893	141	160.0
1606533813.3	160000	32.905698	0.0	27779697	262	160.0
1606533813.74	160000	33.465217	0.0	27714923	283	160.0
1606533814.19	160000	34.018911	0.0	25946474	294	160.0
1606533814.53	160000	34.675952	0.0	19596259	227	160.0
1606533814.85	160000	35.358153	0.0	23774167	184	160.0
1606533815.12	160000	36.086485	0.0	19373656	148	160.0
1606533815.44	160000	36.767502	0.0	23977420	186	160.0
1606533816.16	160000	37.045184	0.0	24493733	582	160.0
1606533816.75	160000	37.460361	0.0	14528511	499	160.0
1606533818.14	160000	37.067686	0.0	16841176	1295	160.0
1606533819.72	160000	36.4904	0.0	16743604	1478	160.0
1606533821.2	160000	36.016628	0.0	17975224	1368	160.0
1606533823.0	160000	35.21919	0.0	22329548	1670	160.0
1606533824.4	160000	34.812168	0.0	16001583	1304	160.0
1606533825.86	160000	34.352204	0.0	18238584	1353	160.0
1606533835.06	160000	26.157562	0.0	21308824	9063	160.0
1606533835.72	160000	26.494628	0.0	17749058	554	160.0
1606533836.14	160000	27.090076	0.0	14127787	321	160.0
1606533836.64	160000	27.578313	0.0	17525699	397	160.0
1606533837.06	160000	28.166097	0.0	14240042	327	160.0
1606533837.64	160000	28.578982	0.0	20324139	467	160.0
1606533838.3	160000	28.925911	0.0	21993033	514	160.0
1606533838.87	160000	29.354958	0.0	18863108	435	160.0
1606533839.33	160000	29.897057	0.0	15964734	359	160.0
1606533839.57	160000	30.658013	0.0	8284939	185	160.0
1606533844.92	160000	26.308413	0.0	9004706	5283	160.0
1606533845.15	160000	27.076949	0.0	6955279	183	160.0
1606533845.5	160000	27.733475	0.0	10701639	276	160.0
1606533845.8	160000	28.435025	0.0	9459459	235	160.0
1606533845.9	160000	29.333959	0.0	3212828	72	160.0
1606533845.98	160000	30.25155	0.0	2509989	56	160.0
1606533846.05	160000	31.183961	0.0	2004927	45	160.0
1606533846.08	160000	32.153864	0.0	591360	8	160.0
1606533846.16	160000	33.508297	0.0	2394426	54	160.0
1606533846.47	40000	1.000999	0.033	336477	5	-5.280000000000001
1606533846.97	160000	1.854436	0.0	14912671	323	40.0
1606533847.69	160000	2.139723	0.0	24265636	501	160.0
1606533848.37	160000	2.488419	0.0	22711544	535	160.0
1606533849.04	160000	2.890611	0.0	19639705	542	160.0
1606533850.09	160000	2.887054	0.0	20946809	914	160.0
1606533851.84	160000	2.183588	0.0	11895609	1674	160.0
1606533852.72	160000	2.310975	0.0	7597636	823	160.0
1606533856.1	80000	1.273403	1.347	29583867	3179	-215.52
1606533857.47	80000	1.370804	0.465	15816325	1277	5.599999999999994
1606533858.64	80000	1.309914	0.106	15275967	1087	63.04
1606533859.67	80000	1.435106	0.154	20600381	921	55.36
1606533862.22	160000	1.241617	1.362	50637608	2177	-137.92
1606533863.33	160000	1.462974	0.33	19559369	999	107.2
1606533865.17	160000	1.293552	0.659	22224402	1714	54.56
1606533866.29	160000	1.421026	0.255	22578365	990	119.2
1606533866.68	160000	2.035338	0.0	8346702	330	160.0
1606533867.4	160000	2.313384	0.0	15775481	627	160.0
1606533867.82	160000	2.891435	0.0	9163235	365	160.0
1606533873.08	160000	1.462059	2.826	41307095	5053	-292.16
1606533874.09	160000	1.448416	0.0	28763893	841	160.0
1606533875.11	160000	1.480816	0.047	21266416	888	152.48
1606533875.87	160000	1.719504	0.0	23702229	622	160.0
1606533877.0	160000	1.588666	0.0	27580394	975	160.0
1606533877.48	160000	2.123048	0.0	20329780	344	160.0
1606533877.85	160000	2.741455	0.0	16109183	272	160.0
1606533882.24	160000	1.156142	1.804	58830800	4013	-128.64
1606533883.6	160000	1.397816	0.593	66935122	1031	65.12
