1606509568.39	40000	1.000999	0.037	334476	26	-5.920000000000002
1606509569.73	80000	1.448828	0.42	14912671	1142	-27.200000000000003
1606509571.54	80000	1.458149	0.795	22644885	1664	-47.2
1606509573.0	80000	1.428245	0.404	17135714	1374	15.36
1606509574.76	160000	1.265976	0.566	19639705	1644	-10.560000000000002
1606509576.64	160000	1.371319	0.947	20946809	1778	8.47999999999999
1606509577.66	160000	1.360538	0.0	11895609	939	160.0
1606509578.27	160000	1.751715	0.0	7597636	556	160.0
1606509580.6	80000	1.269835	0.851	29583867	2111	-136.16
1606509581.57	80000	1.423315	0.123	15816325	866	60.32
1606509582.38	80000	1.609635	0.0	15275967	728	80.0
1606509583.25	80000	1.745309	0.0	20600381	745	80.0
1606509588.81	160000	1.086198	3.899	50637608	5178	-543.84
1606509589.45	160000	1.47472	0.0	19559369	519	160.0
1606509589.99	160000	1.944182	0.0	22224402	408	160.0
1606509590.54	160000	2.393276	0.0	22578365	409	160.0
1606509590.74	160000	3.186726	0.0	8346702	151	160.0
1606509591.13	160000	3.805696	0.0	15775481	284	160.0
1606509591.35	160000	4.580399	0.0	9163235	166	160.0
1606509592.44	160000	4.497101	0.0	41307095	857	160.0
1606509593.07	160000	4.86636	0.0	28763893	464	160.0
1606509593.66	160000	5.276479	0.0	21266416	467	160.0
1606509598.38	160000	1.559295	0.0	23702229	4561	160.0
1606509600.39	160000	1.35012	0.806	27580394	1881	31.039999999999992
1606509601.99	160000	1.407259	0.65	20329780	1488	56.0
1606509603.31	160000	1.290449	0.21	16109183	1240	126.4
1606509606.01	80000	1.269302	1.674	34554431	2509	-267.84
1606509609.04	80000	1.444608	2.199	37801487	2831	-271.84
1606509610.2	160000	1.395101	0.108	15251076	1074	62.72
1606509611.73	160000	1.254737	0.389	16574034	1429	97.75999999999999
1606509612.65	160000	1.365255	0.031	13009028	841	155.04
1606509613.08	160000	1.936249	0.0	12791674	353	160.0
1606509613.45	160000	2.561087	0.0	11137898	307	160.0
1606509613.68	160000	3.335344	0.0	11485310	154	160.0
1606509613.92	160000	4.095545	0.0	12428518	168	160.0
1606509614.12	160000	4.899856	0.0	9963766	135	160.0
1606509614.36	160000	5.658085	0.0	12189364	164	160.0
1606509614.56	160000	6.462829	0.0	10142396	133	160.0
1606509614.75	160000	7.268482	0.0	10185488	129	160.0
1606509615.01	160000	8.009743	0.0	14061455	179	160.0
1606509615.38	160000	8.639085	0.0	20074099	254	160.0
1606509616.41	160000	8.610948	0.0	46115254	780	160.0
1606509618.22	160000	7.808116	0.0	40906522	1580	160.0
1606509618.58	160000	8.44769	0.0	7891151	309	160.0
1606509619.49	160000	8.535493	0.0	21012466	778	160.0
1606509621.07	160000	7.958701	0.0	23519424	1443	160.0
1606509622.57	160000	7.458118	0.0	18715420	1377	160.0
1606509624.37	160000	6.662476	0.0	17000816	1688	160.0
1606509624.87	160000	7.157443	0.0	14448126	420	160.0
1606509625.07	160000	7.958872	0.0	6958676	148	160.0
1606509625.33	160000	8.700795	0.0	9088791	200	160.0
1606509625.53	160000	9.498521	0.0	7211881	150	160.0
1606509625.59	160000	10.444522	0.0	3063586	26	160.0
1606509625.64	160000	11.395271	0.0	2782179	24	160.0
1606509625.79	160000	12.250861	0.0	9958410	84	160.0
1606509625.96	160000	13.081102	0.0	12158708	100	160.0
1606509626.13	160000	13.907649	0.0	12300216	102	160.0
1606509626.35	160000	14.684608	0.0	15815684	131	160.0
1606509626.55	160000	15.492532	0.0	13526256	112	160.0
1606509626.74	160000	16.305268	0.0	11995130	118	160.0
1606509626.94	160000	17.097189	0.0	13394791	132	160.0
1606509627.16	160000	17.87912	0.0	14135828	140	160.0
1606509627.4	160000	18.64117	0.0	15366126	151	160.0
1606509627.63	160000	19.412296	0.0	14248439	140	160.0
1606509627.85	160000	20.199192	0.0	13843717	130	160.0
1606509628.07	160000	20.978058	0.0	14665119	137	160.0
1606509628.4	160000	21.652021	0.0	21079187	198	160.0
1606509628.78	160000	22.274077	0.0	25480074	233	160.0
1606509629.11	160000	22.93703	0.0	23021754	202	160.0
1606509629.51	160000	23.543197	0.0	27527834	241	160.0
1606509629.89	160000	24.158551	0.0	26155848	233	160.0
1606509630.17	160000	24.882368	0.0	17849379	158	160.0
1606509630.43	160000	25.627378	0.0	16546531	149	160.0
1606509630.7	160000	26.355153	0.0	17718949	165	160.0
1606509630.99	160000	27.070279	0.0	17337137	179	160.0
1606509631.32	160000	27.739029	0.0	20008245	207	160.0
1606509632.56	160000	27.498226	0.0	58430914	848	160.0
1606509632.84	160000	28.221615	0.0	16292703	171	160.0
1606509633.25	160000	28.813432	0.0	25587422	267	160.0
1606509633.63	160000	29.430622	0.0	23982306	249	160.0
1606509633.83	160000	30.235627	0.0	13347845	116	160.0
1606509634.03	160000	31.029064	0.0	14337991	124	160.0
1606509634.25	160000	31.816653	0.0	14584990	129	160.0
1606509634.45	160000	32.618557	0.0	13962401	120	160.0
1606509634.66	160000	33.410687	0.0	14393788	125	160.0
1606509634.87	160000	34.196277	0.0	14649457	132	160.0
1606509635.07	160000	34.997682	0.0	13409715	121	160.0
1606509635.28	160000	35.793223	0.0	13909605	125	160.0
1606509635.47	160000	36.597733	0.0	13301968	120	160.0
1606509635.76	160000	37.31108	0.0	19025846	161	160.0
1606509636.02	160000	38.049651	0.0	19295426	154	160.0
1606509636.27	160000	38.801291	0.0	18261873	147	160.0
1606509636.55	160000	39.523423	0.0	19847604	158	160.0
1606509636.82	160000	40.255797	0.0	18767181	152	160.0
1606509637.13	160000	40.948305	0.0	22420858	182	160.0
1606509637.4	160000	41.675305	0.0	19324333	157	160.0
1606509637.69	160000	42.390679	0.0	20392234	166	160.0
1606509637.8	160000	43.276223	0.0	7671072	62	160.0
1606509638.05	160000	44.028291	0.0	17781906	144	160.0
1606509638.24	160000	44.845667	0.0	12839336	104	160.0
1606509638.39	160000	45.691539	0.0	10779770	87	160.0
1606509638.59	160000	46.491464	0.0	14606687	119	160.0
1606509639.17	160000	46.91166	0.0	41866951	340	160.0
1606509639.69	160000	47.393065	0.0	37238410	302	160.0
1606509639.9	160000	48.189491	0.0	14347759	124	160.0
1606509640.06	160000	49.023229	0.0	11399187	99	160.0
1606509640.22	160000	49.86992	0.0	10358641	89	160.0
1606509640.42	160000	50.667368	0.0	14315696	122	160.0
1606509640.75	160000	51.340135	0.0	23283631	200	160.0
1606509641.3	160000	51.793462	0.0	37521367	328	160.0
1606509641.62	160000	52.473984	0.0	22241104	193	160.0
1606509642.27	160000	52.81818	0.0	15813346	557	160.0
1606509643.88	160000	52.215763	0.0	17116450	1500	160.0
1606509645.54	160000	51.559996	0.0	18867054	1546	160.0
1606509646.36	160000	51.733313	0.0	17393609	724	160.0
1606509647.06	160000	52.04088	0.0	24759401	549	160.0
1606509647.6	160000	52.493814	0.0	25782433	407	160.0
1606509651.14	160000	49.963248	0.0	25885372	3358	160.0
1606509652.96	160000	49.141542	0.0	26242011	1671	160.0
1606509653.41	160000	49.697563	0.0	23865378	288	160.0
1606509653.86	160000	50.245337	0.0	25470681	302	160.0
1606509654.28	160000	50.818881	0.0	27258768	254	160.0
1606509654.57	160000	51.542588	0.0	17853711	166	160.0
1606509654.8	160000	52.30356	0.0	14829893	138	160.0
1606509655.22	160000	52.889843	0.0	27779697	255	160.0
1606509655.63	160000	53.478415	0.0	27714923	259	160.0
1606509656.01	160000	54.094807	0.0	25946474	233	160.0
1606509656.3	160000	54.807819	0.0	19596259	174	160.0
1606509656.65	160000	55.465616	0.0	23774167	214	160.0
1606509656.95	160000	56.16402	0.0	19373656	175	160.0
1606509657.3	160000	56.807951	0.0	23977420	217	160.0
1606509657.68	160000	57.438123	0.0	24493733	222	160.0
1606509657.89	160000	58.222255	0.0	14528511	128	160.0
1606509658.14	160000	58.978905	0.0	16841176	147	160.0
1606509658.38	160000	59.73317	0.0	16743604	146	160.0
1606509659.65	160000	59.530679	0.0	17975224	156	160.0
1606509660.46	160000	59.781687	0.0	22329548	189	160.0
1606509661.69	160000	59.532671	0.0	16001583	133	160.0
1606509662.45	160000	59.783678	0.0	18238584	154	160.0
1606509663.76	160000	59.534688	0.0	21308824	179	160.0
1606509664.52	160000	59.785684	0.0	17749058	151	160.0
1606509665.72	160000	59.536678	0.0	14127787	118	160.0
1606509666.48	160000	59.787683	0.0	17525699	157	160.0
1606509667.69	160000	59.538682	0.0	14240042	126	160.0
1606509668.48	160000	59.789683	0.0	20324139	178	160.0
1606509669.78	160000	59.540678	0.0	21993033	173	160.0
1606509670.53	160000	59.791681	0.0	18863108	137	160.0
1606509671.74	160000	59.542681	0.0	15964734	114	160.0
1606509672.36	160000	59.79368	0.0	8284939	69	160.0
1606509673.5	160000	59.794683	0.0	9004706	77	160.0
1606509674.59	160000	59.545683	0.0	6955279	43	160.0
1606509675.71	160000	59.54668	0.0	10701639	59	160.0
1606509676.82	160000	59.547682	0.0	9459459	55	160.0
1606509677.38	160000	59.798688	0.0	3212828	21	160.0
1606509678.42	160000	59.799685	0.0	2509989	15	160.0
1606509679.48	160000	59.800633	0.0	2004927	40	160.0
1606509680.56	160000	59.801683	0.0	591360	55	160.0
1606509681.72	160000	59.986441	0.0	2394426	136	160.0
1606509682.08	40000	1.000999	0.047	336477	24	-7.519999999999996
1606509683.07	160000	1.315211	0.0	14912671	844	40.0
1606509683.66	160000	1.726824	0.0	24265636	353	160.0
1606509684.15	160000	2.312626	0.0	22711544	340	160.0
1606509684.59	160000	2.900236	0.0	19639705	310	160.0
1606509685.08	160000	3.410682	0.0	20946809	361	160.0
1606509685.49	160000	4.028701	0.0	11895609	334	160.0
1606509685.75	160000	4.796335	0.0	7597636	213	160.0
1606509687.24	160000	4.35276	0.0	56067905	1015	160.0
1606509688.65	160000	3.946613	0.0	45444680	1162	160.0
1606509690.81	160000	2.790882	0.0	54798068	1843	160.0
1606509695.73	160000	1.25288	2.381	69464107	4517	-220.95999999999998
1606509697.0	160000	1.423423	0.442	50637608	1038	89.28
1606509697.53	160000	1.897557	0.0	19559369	413	160.0
1606509698.13	160000	2.296465	0.0	22224402	468	160.0
1606509698.7	160000	2.722414	0.0	22578365	447	160.0
1606509698.92	160000	3.502212	0.0	8346702	165	160.0
1606509699.33	160000	4.093564	0.0	15775481	314	160.0
1606509699.59	160000	4.845517	0.0	9163235	183	160.0
1606509700.63	160000	4.803239	0.0	41307095	810	160.0
1606509701.37	160000	5.063625	0.0	28763893	562	160.0
1606509701.92	160000	5.516682	0.0	21266416	428	160.0
1606509702.63	160000	5.801726	0.0	23702229	568	160.0
1606509703.41	160000	6.024253	0.0	27580394	620	160.0
1606509703.95	160000	6.482151	0.0	20329780	405	160.0
1606509704.33	160000	7.106626	0.0	16109183	283	160.0
1606509705.66	160000	6.777326	0.0	58830800	998	160.0
1606509706.98	160000	6.462595	0.0	66935122	954	160.0
1606509707.23	160000	7.207092	0.0	15251076	166	160.0
