1606451314.99	40000	1.000999	0.047	334476	33	-7.519999999999996
1606451316.56	80000	1.297559	0.481	14912671	1381	-36.959999999999994
1606451318.61	80000	1.356745	1.088	22644885	1911	-94.08000000000001
1606451319.98	80000	1.42952	0.42	17135714	1277	12.799999999999997
1606451321.85	160000	1.244778	0.66	19639705	1756	-25.599999999999994
1606451323.52	160000	1.258881	0.645	20946809	1563	56.8
1606451324.54	160000	1.404284	0.157	11895609	949	134.88
1606451325.16	160000	1.776527	0.0	7597636	577	160.0
1606451327.58	80000	1.313	0.95	29583867	2193	-152.0
1606451328.37	80000	1.53452	0.0	15816325	676	80.0
1606451332.92	160000	1.264352	3.289	54798068	4166	-446.24
1606451335.16	80000	1.27231	1.253	20600381	2127	-200.48
1606451336.17	80000	1.303799	0.043	17710542	908	73.12
1606451337.39	160000	1.3451	0.254	19559369	1096	39.36
1606451338.68	160000	1.354954	0.299	22224402	1178	112.16
1606451343.2	160000	1.388844	3.552	22578365	4392	-408.32000000000005
1606451343.83	160000	1.755648	0.0	8346702	581	160.0
1606451345.21	160000	1.458434	0.084	15775481	1298	146.56
1606451346.11	160000	1.565612	0.0	9163235	835	160.0
1606451347.88	80000	1.293264	0.499	20277060	1663	-79.84
1606451350.21	160000	1.268682	1.303	28763893	2180	-128.48
1606451351.92	160000	1.347703	0.796	21266416	1608	32.64
1606451353.87	160000	1.394899	0.995	23702229	1833	0.8000000000000114
1606451355.98	160000	1.390851	1.098	27580394	1965	-15.680000000000007
1606451357.46	160000	1.489636	0.581	20329780	1381	67.04
1606451358.67	160000	1.316112	0.038	16109183	1120	153.92
1606451361.43	80000	1.32248	1.753	34554431	2575	-280.48
1606451364.7	80000	1.365112	2.324	37801487	3089	-291.84
1606451366.0	160000	1.440319	0.368	15251076	1217	21.120000000000005
1606451367.31	160000	1.309532	0.186	16574034	1227	130.24
1606451368.39	160000	1.484168	0.251	13009028	1008	119.84
1606451369.47	160000	1.497647	0.094	12791674	1016	144.96
1606451370.34	160000	1.625961	0.0	11137898	806	160.0
1606451371.26	160000	1.707309	0.0	11485310	847	160.0
1606451372.26	160000	1.716425	0.0	12428518	916	160.0
1606451373.32	160000	1.652879	0.0	9963766	1001	160.0
1606451374.41	160000	1.559538	0.0	12189364	1022	160.0
1606451375.18	160000	1.796081	0.0	10142396	701	160.0
1606451376.05	160000	1.929839	0.0	10185488	802	160.0
1606451377.25	160000	1.729714	0.0	14061455	1121	160.0
1606451378.94	160000	1.349877	0.307	20074099	1585	110.88
1606451381.0	80000	1.385579	1.104	26113743	1930	-176.64
1606451382.81	80000	1.262667	0.683	22860019	1692	-29.28
1606451383.43	160000	1.648762	0.0	7891151	556	80.0
1606451385.24	160000	1.447003	0.617	21012466	1714	61.28
1606451387.14	160000	1.314584	0.762	23519424	1778	38.08
1606451388.76	160000	1.327813	0.63	18715420	1518	59.2
1606451390.07	160000	1.451791	0.431	17000816	1225	91.04
1606451391.14	160000	1.377965	0.0	14448126	990	160.0
1606451391.71	160000	1.8139	0.0	6958676	516	160.0
1606451392.45	160000	2.066295	0.0	9088791	691	160.0
1606451393.08	160000	2.445332	0.0	7211881	573	160.0
1606451393.35	160000	3.176336	0.0	3063586	242	160.0
1606451393.59	160000	3.930811	0.0	2782179	220	160.0
1606451394.49	160000	4.03097	0.0	9958410	839	160.0
1606451395.61	160000	3.912379	0.0	12158708	1048	160.0
1606451396.56	160000	3.970728	0.0	12300216	868	160.0
1606451397.77	160000	3.757676	0.0	15815684	1119	160.0
1606451398.78	160000	3.749941	0.0	13526256	931	160.0
1606451399.69	160000	3.841852	0.0	11995130	838	160.0
1606451400.68	160000	3.848714	0.0	13394791	916	160.0
1606451401.88	160000	3.655746	0.0	14135828	1114	160.0
1606451403.21	160000	3.32615	0.0	15366126	1246	160.0
1606451404.46	160000	3.073844	0.0	14248439	1165	160.0
1606451405.68	160000	2.852618	0.0	13843717	1145	160.0
1606451406.84	160000	2.698091	0.0	14665119	1071	160.0
1606451408.43	160000	2.104494	0.0	21079187	1469	160.0
1606451409.98	160000	1.561336	0.0	25480074	1403	160.0
1606451411.21	160000	1.388345	0.054	23021754	1092	151.36
1606451412.33	160000	1.458257	0.205	27527834	986	127.2
1606451413.26	160000	1.534866	0.0	26155848	767	160.0
1606451413.93	160000	1.865103	0.0	17849379	564	160.0
1606451414.57	160000	2.222627	0.0	16546531	537	160.0
1606451415.28	160000	2.517624	0.0	17718949	603	160.0
1606451415.85	160000	2.942356	0.0	17337137	469	160.0
1606451416.49	160000	3.30774	0.0	20008245	518	160.0
1606451418.02	160000	2.779895	0.0	58430914	1136	160.0
1606451418.41	160000	3.389878	0.0	16292703	278	160.0
1606451418.94	160000	3.856894	0.0	25587422	394	160.0
1606451419.45	160000	4.348551	0.0	23982306	369	160.0
1606451419.69	160000	5.107728	0.0	13347845	156	160.0
1606451419.95	160000	5.85289	0.0	14337991	167	160.0
1606451420.21	160000	6.595086	0.0	14584990	170	160.0
1606451420.45	160000	7.354674	0.0	13962401	159	160.0
1606451420.68	160000	8.122541	0.0	14393788	149	160.0
1606451420.92	160000	8.885571	0.0	14649457	151	160.0
1606451421.14	160000	9.669106	0.0	13409715	139	160.0
1606451421.37	160000	10.445984	0.0	13909605	144	160.0
1606451421.58	160000	11.232813	0.0	13301968	126	160.0
1606451421.88	160000	11.935159	0.0	19025846	182	160.0
1606451422.17	160000	12.639586	0.0	19295426	185	160.0
1606451422.46	160000	13.358094	0.0	18261873	175	160.0
1606451422.78	160000	14.03549	0.0	19847604	205	160.0
1606451423.08	160000	14.733648	0.0	18767181	193	160.0
1606451423.45	160000	15.364884	0.0	22420858	235	160.0
1606451423.9	160000	15.914839	0.0	19324333	333	160.0
1606451424.37	160000	16.444904	0.0	20392234	352	160.0
1606451424.54	160000	17.283111	0.0	7671072	112	160.0
1606451424.9	160000	17.918151	0.0	17781906	261	160.0
1606451425.18	160000	18.640905	0.0	12839336	199	160.0
1606451425.41	160000	19.410711	0.0	10779770	157	160.0
1606451425.68	160000	20.145398	0.0	14606687	180	160.0
1606451426.46	160000	20.368504	0.0	41866951	529	160.0
1606451427.75	160000	20.080302	0.0	37238410	1066	160.0
1606451428.27	160000	20.557477	0.0	14347759	439	160.0
1606451428.59	160000	21.233592	0.0	11399187	255	160.0
1606451428.85	160000	21.979279	0.0	10358641	189	160.0
1606451429.19	160000	22.637021	0.0	14315696	260	160.0
1606451429.75	160000	23.085001	0.0	23283631	419	160.0
1606451430.64	160000	23.187219	0.0	37521367	676	160.0
1606451431.27	160000	23.564464	0.0	22241104	497	160.0
1606451435.8	160000	20.029508	0.0	15813346	4428	160.0
1606451440.41	160000	16.428508	0.0	17116450	4493	160.0
1606451441.96	160000	15.877764	0.0	18867054	1439	160.0
1606451443.39	160000	15.447773	0.0	17393609	1325	160.0
1606451445.58	160000	14.2607	0.0	24759401	2047	160.0
1606451447.78	160000	13.053909	0.0	25782433	2060	160.0
1606451449.87	160000	11.973516	0.0	25885372	1926	160.0
1606451452.2	160000	10.639693	0.0	26242011	2185	160.0
1606451455.26	160000	8.579058	0.0	23865378	2902	160.0
1606451457.63	160000	7.21258	0.0	25470681	2222	160.0
1606451460.68	160000	5.164196	0.0	27258768	2874	160.0
1606451465.97	160000	1.459095	0.588	17853711	5192	65.92
1606451467.2	160000	1.297734	0.074	14829893	1158	148.16
1606451473.88	160000	1.371352	5.756	27779697	6535	-760.96
1606451476.05	160000	1.378922	1.17	27714923	2031	-27.19999999999999
1606451477.6	160000	1.28213	0.454	25946474	1414	87.36
1606451478.37	160000	1.51039	0.0	19596259	656	160.0
1606451479.28	160000	1.602044	0.0	23774167	769	160.0
1606451480.07	160000	1.817752	0.0	19373656	669	160.0
1606451481.11	160000	1.777765	0.0	23977420	904	160.0
1606451482.39	160000	1.496633	0.0	24493733	1137	160.0
1606451483.36	160000	1.52961	0.0	14528511	883	160.0
1606451484.96	160000	1.260322	0.33	16841176	1511	107.2
1606451487.1	160000	1.341057	1.222	16743604	2052	-35.52000000000001
1606451487.91	160000	1.53177	0.0	17975224	696	160.0
1606451488.54	160000	1.903222	0.0	22329548	499	160.0
1606451489.26	160000	2.188402	0.0	16001583	618	160.0
1606451490.86	160000	1.589876	0.0	18238584	1493	160.0
1606451498.01	160000	1.317643	5.881	21308824	7039	-780.96
1606451499.52	160000	1.448963	0.645	17749058	1422	56.8
1606451500.79	160000	1.344786	0.164	14127787	1197	133.76
1606451502.1	160000	1.24552	0.204	17525699	1209	127.36
1606451503.24	160000	1.463633	0.357	14240042	1067	102.88
1606451504.81	160000	1.321633	0.43	20324139	1475	91.2
1606451506.87	160000	1.252797	0.989	21993033	1947	1.759999999999991
1606451508.42	160000	1.454266	0.752	18863108	1448	39.68000000000001
1606451509.73	160000	1.495621	0.355	15964734	1231	103.2
1606451510.3	160000	1.928923	0.0	8284939	513	160.0
1606451510.89	160000	2.344501	0.0	9004706	526	160.0
1606451511.37	160000	2.863178	0.0	6955279	434	160.0
1606451512.11	160000	3.118954	0.0	10701639	678	160.0
1606451512.81	160000	3.425116	0.0	9459459	632	160.0
1606451513.04	160000	4.199191	0.0	3212828	196	160.0
1606451513.2	160000	5.031306	0.0	2509989	143	160.0
1606451513.34	160000	5.895078	0.0	2004927	114	160.0
1606451513.39	160000	6.846752	0.0	591360	33	160.0
1606451513.55	160000	8.121057	0.0	2394426	136	160.0
1606451513.88	40000	1.000999	0.03	336477	16	-4.799999999999997
1606451514.53	160000	1.632372	0.0	14912671	513	40.0
1606451515.56	160000	1.608487	0.0	24265636	808	160.0
1606451516.67	160000	1.614275	0.0	22711544	969	160.0
1606451518.41	160000	1.273951	0.346	19639705	1621	104.64
1606451520.14	160000	1.259233	0.693	20946809	1617	49.120000000000005
1606451521.01	160000	1.474031	0.081	11895609	794	147.04
1606451522.48	160000	1.305809	0.304	7597636	1426	111.36
1606451524.48	80000	1.360128	1.053	29583867	1807	-168.48
1606451526.24	160000	1.413808	0.813	45444680	1484	-50.08000000000001
1606451528.96	160000	1.38684	1.694	54798068	2396	-111.04000000000002
1606451534.61	160000	1.279585	4.543	69464107	5217	-566.88
1606451538.6	160000	1.4343	3.176	50637608	3758	-348.16
1606451540.28	160000	1.361008	0.6	19559369	1572	64.0
1606451541.94	160000	1.462021	0.761	22224402	1547	38.239999999999995
1606451543.8	160000	1.473687	0.872	22578365	1747	20.47999999999999
1606451544.53	160000	1.742932	0.0	8346702	679	160.0
