1606491847.83	40000	1.000999	0.054	334476	42	-8.64
1606491849.49	80000	1.273781	0.595	14912671	1462	-55.2
1606491851.39	80000	1.332764	0.924	22644885	1750	-67.84
1606491852.92	80000	1.435746	0.608	17135714	1438	-17.28
1606491854.71	160000	1.27708	0.612	19639705	1686	-17.92
1606491856.41	160000	1.271871	0.665	20946809	1587	53.599999999999994
1606491857.51	160000	1.42263	0.251	11895609	1036	119.84
1606491859.07	160000	1.440177	0.576	7597636	1515	67.84
1606491862.54	80000	1.169406	2.19	29583867	3235	-350.4
1606491863.73	80000	1.459289	0.488	15816325	1105	1.9200000000000017
1606491864.86	80000	1.448896	0.118	15275967	1053	61.120000000000005
1606491866.25	80000	1.314623	0.25	20600381	1275	40.0
1606491867.42	80000	1.319522	0.177	17710542	1069	51.68
1606491868.58	160000	1.497505	0.338	19559369	1055	25.92
1606491869.78	160000	1.300706	0.0	22224402	1059	160.0
1606491871.23	160000	1.296019	0.441	22578365	1321	89.44
1606491871.81	160000	1.711658	0.0	8346702	524	160.0
1606491877.53	160000	1.281664	4.282	15775481	5618	-525.12
1606491878.46	160000	1.346203	0.0	9163235	882	160.0
1606491880.26	80000	1.315588	0.768	20277060	1689	-122.88
1606491882.18	160000	1.335043	0.934	28763893	1752	-69.44
1606491883.1	160000	1.45295	0.038	21266416	792	153.92
1606491884.04	160000	1.511374	0.0	23702229	800	160.0
1606491884.93	160000	1.626492	0.0	27580394	723	160.0
1606491885.76	160000	1.794979	0.0	20329780	708	160.0
1606491886.98	160000	1.576772	0.0	16109183	1108	160.0
1606491888.37	80000	1.23952	0.056	34554431	1199	-8.960000000000008
1606491890.14	160000	1.327788	0.855	66935122	1256	-56.80000000000001
1606491890.64	160000	1.831821	0.0	15251076	401	160.0
1606491891.8	160000	1.667417	0.0	16574034	1064	160.0
1606491893.37	160000	1.477926	0.38	13009028	1504	99.2
1606491895.54	160000	1.359353	1.048	12791674	2102	-7.680000000000007
1606491896.7	160000	1.408934	0.207	11137898	1102	126.88
1606491897.73	160000	1.380225	0.0	11485310	960	160.0
1606491898.25	160000	1.864512	0.0	12428518	444	160.0
1606491898.56	160000	2.550477	0.0	9963766	246	160.0
1606491898.94	160000	3.177687	0.0	12189364	302	160.0
1606491899.24	160000	3.875638	0.0	10142396	242	160.0
1606491899.55	160000	4.571854	0.0	10185488	242	160.0
1606491899.96	160000	5.154333	0.0	14061455	334	160.0
1606491900.59	160000	5.527327	0.0	20074099	510	160.0
1606491902.02	160000	5.097984	0.0	46115254	1176	160.0
1606491903.15	160000	4.972705	0.0	40906522	886	160.0
1606491903.41	160000	5.709849	0.0	7891151	210	160.0
1606491904.09	160000	6.029568	0.0	21012466	559	160.0
1606491904.79	160000	6.33059	0.0	23519424	566	160.0
1606491905.32	160000	6.809969	0.0	18715420	410	160.0
1606491905.78	160000	7.352062	0.0	17000816	350	160.0
1606491906.17	160000	7.957309	0.0	14448126	298	160.0
1606491906.36	160000	8.763599	0.0	6958676	144	160.0
1606491906.62	160000	9.514004	0.0	9088791	188	160.0
1606491906.82	160000	10.315179	0.0	7211881	149	160.0
1606491906.91	160000	11.222861	0.0	3063586	64	160.0
1606491906.99	160000	12.138108	0.0	2782179	57	160.0
1606491907.22	160000	12.917642	0.0	9958410	159	160.0
1606491907.48	160000	13.651844	0.0	12158708	192	160.0
1606491907.76	160000	14.371807	0.0	12300216	194	160.0
1606491908.11	160000	15.025734	0.0	15815684	251	160.0
1606491908.4	160000	15.733839	0.0	13526256	213	160.0
1606491908.66	160000	16.4739	0.0	11995130	190	160.0
1606491908.95	160000	17.189568	0.0	13394791	211	160.0
1606491909.26	160000	17.880362	0.0	14135828	221	160.0
1606491909.59	160000	18.552119	0.0	15366126	240	160.0
1606491909.89	160000	19.249981	0.0	14248439	222	160.0
1606491910.2	160000	19.946531	0.0	13843717	222	160.0
1606491910.51	160000	20.632206	0.0	14665119	226	160.0
1606491910.96	160000	21.189164	0.0	21079187	325	160.0
1606491911.48	160000	21.66772	0.0	25480074	381	160.0
1606491911.96	160000	22.190591	0.0	23021754	344	160.0
1606491912.47	160000	22.677991	0.0	27527834	367	160.0
1606491912.97	160000	23.175753	0.0	26155848	342	160.0
1606491913.3	160000	23.854365	0.0	17849379	218	160.0
1606491913.59	160000	24.556393	0.0	16546531	199	160.0
1606491913.93	160000	25.227103	0.0	17718949	219	160.0
1606491914.31	160000	25.845425	0.0	17337137	278	160.0
1606491914.8	160000	26.349142	0.0	20008245	383	160.0
1606491916.04	160000	26.11854	0.0	58430914	928	160.0
1606491916.32	160000	26.838301	0.0	16292703	179	160.0
1606491916.74	160000	27.418795	0.0	25587422	281	160.0
1606491917.13	160000	28.025477	0.0	23982306	263	160.0
1606491917.34	160000	28.818459	0.0	13347845	125	160.0
1606491917.55	160000	29.604494	0.0	14337991	135	160.0
1606491917.77	160000	30.388916	0.0	14584990	136	160.0
1606491917.98	160000	31.182328	0.0	13962401	130	160.0
1606491918.2	160000	31.960659	0.0	14393788	137	160.0
1606491918.42	160000	32.740082	0.0	14649457	141	160.0
1606491918.63	160000	33.537282	0.0	13409715	129	160.0
1606491918.84	160000	34.324261	0.0	13909605	134	160.0
1606491919.05	160000	35.118592	0.0	13301968	131	160.0
1606491919.35	160000	35.818382	0.0	19025846	193	160.0
1606491919.65	160000	36.518451	0.0	19295426	195	160.0
1606491919.95	160000	37.224825	0.0	18261873	185	160.0
1606491920.27	160000	37.901146	0.0	19847604	200	160.0
1606491920.57	160000	38.604559	0.0	18767181	189	160.0
1606491920.92	160000	39.253843	0.0	22420858	226	160.0
1606491921.24	160000	39.943612	0.0	19324333	199	160.0
1606491921.58	160000	40.597633	0.0	20392234	222	160.0
1606491921.71	160000	41.464853	0.0	7671072	85	160.0
1606491922.01	160000	42.163545	0.0	17781906	196	160.0
1606491922.22	160000	42.958822	0.0	12839336	123	160.0
1606491922.38	160000	43.794425	0.0	10779770	94	160.0
1606491922.6	160000	44.585161	0.0	14606687	129	160.0
1606491923.22	160000	44.964973	0.0	41866951	369	160.0
1606491923.75	160000	45.428062	0.0	37238410	313	160.0
1606491923.96	160000	46.225882	0.0	14347759	121	160.0
1606491924.12	160000	47.059641	0.0	11399187	99	160.0
1606491924.29	160000	47.894073	0.0	10358641	99	160.0
1606491924.51	160000	48.677637	0.0	14315696	136	160.0
1606491924.86	160000	49.329146	0.0	23283631	220	160.0
1606491925.43	160000	49.762188	0.0	37521367	349	160.0
1606491925.75	160000	50.437218	0.0	22241104	200	160.0
1606491925.99	160000	51.196464	0.0	15813346	143	160.0
1606491926.26	160000	51.933761	0.0	17116450	157	160.0
1606491926.55	160000	52.64498	0.0	18867054	180	160.0
1606491926.81	160000	53.380781	0.0	17393609	165	160.0
1606491927.19	160000	54.005265	0.0	24759401	237	160.0
1606491927.99	160000	54.206663	0.0	25782433	659	160.0
1606491929.83	160000	53.365144	0.0	25885372	1682	160.0
1606491931.3	160000	52.892525	0.0	26242011	1334	160.0
1606491932.66	160000	52.540012	0.0	23865378	1209	160.0
1606491933.42	160000	52.783098	0.0	25470681	617	160.0
1606491934.08	160000	53.124593	0.0	27258768	481	160.0
1606491934.51	160000	53.690704	0.0	17853711	327	160.0
1606491934.87	160000	54.332175	0.0	14829893	274	160.0
1606491935.52	160000	54.679106	0.0	27779697	497	160.0
1606491936.17	160000	55.035681	0.0	27714923	485	160.0
1606491939.86	160000	52.34841	0.0	25946474	3536	160.0
1606491941.49	160000	51.719788	0.0	19596259	1504	160.0
1606491942.48	160000	51.723443	0.0	23774167	861	160.0
1606491942.84	160000	52.369485	0.0	19373656	248	160.0
1606491943.27	160000	52.934087	0.0	23977420	307	160.0
1606491943.66	160000	53.556729	0.0	24493733	239	160.0
1606491943.89	160000	54.323499	0.0	14528511	142	160.0
1606491944.16	160000	55.055098	0.0	16841176	165	160.0
1606491944.41	160000	55.803222	0.0	16743604	153	160.0
1606491944.67	160000	56.539346	0.0	17975224	159	160.0
1606491945.01	160000	57.208214	0.0	22329548	198	160.0
1606491945.25	160000	57.970164	0.0	16001583	142	160.0
1606491945.48	160000	58.734682	0.0	18238584	136	160.0
1606491945.76	160000	59.454024	0.0	21308824	159	160.0
1606491946.5	160000	59.725284	0.0	17749058	133	160.0
1606491947.68	160000	59.726414	0.0	14127787	101	160.0
1606491948.4	160000	59.977375	0.0	17525699	112	160.0
1606491949.57	160000	59.728403	0.0	14240042	83	160.0
1606491950.29	160000	59.979407	0.0	20324139	109	160.0
1606491951.54	160000	59.730323	0.0	21993033	119	160.0
1606491952.27	160000	59.981363	0.0	18863108	114	160.0
1606491953.45	160000	59.982405	0.0	15964734	84	160.0
1606491954.55	160000	59.73338	0.0	8284939	43	160.0
1606491955.66	160000	59.73435	0.0	9004706	47	160.0
1606491956.25	160000	59.985404	0.0	6955279	39	160.0
1606491957.37	160000	59.986317	0.0	10701639	60	160.0
1606491958.5	160000	59.737405	0.0	9459459	62	160.0
1606491959.55	160000	59.738388	0.0	3212828	18	160.0
1606491960.59	160000	59.739332	0.0	2509989	15	160.0
1606491961.63	160000	59.740409	0.0	2004927	11	160.0
1606491962.65	160000	59.741341	0.0	591360	3	160.0
1606491964.2	160000	59.676142	0.0	2394426	18	160.0
1606491964.53	40000	1.000999	0.044	336477	3	-7.039999999999999
1606491964.82	160000	2.001999	0.0	14912671	128	40.0
1606491965.25	160000	2.615419	0.0	24265636	204	160.0
1606491965.58	160000	3.294284	0.0	22711544	175	160.0
1606491965.85	160000	4.022969	0.0	19639705	142	160.0
1606491966.12	160000	4.74971	0.0	20946809	151	160.0
1606491966.28	160000	5.59397	0.0	11895609	86	160.0
1606491966.39	160000	6.516602	0.0	7597636	55	160.0
1606491967.35	160000	6.696497	0.0	56067905	472	160.0
1606491967.98	160000	7.095079	0.0	45444680	385	160.0
1606491968.7	160000	7.402479	0.0	54798068	436	160.0
1606491969.64	160000	7.53994	0.0	69464107	472	160.0
1606491970.26	160000	7.92172	0.0	50637608	345	160.0
1606491970.54	160000	8.642747	0.0	19559369	160	160.0
1606491970.98	160000	9.210373	0.0	22224402	300	160.0
1606491971.42	160000	9.75956	0.0	22578365	312	160.0
1606491972.1	160000	10.082773	0.0	8346702	624	160.0
1606491973.19	160000	9.994667	0.0	15775481	989	160.0
1606491973.51	160000	10.677764	0.0	9163235	249	160.0
1606491974.22	160000	10.971243	0.0	41307095	475	160.0
1606491974.71	160000	11.478424	0.0	28763893	306	160.0
1606491975.05	160000	12.144081	0.0	21266416	210	160.0
1606491975.43	160000	12.76069	0.0	23702229	234	160.0
1606491975.88	160000	13.31535	0.0	27580394	275	160.0
1606491976.22	160000	13.970429	0.0	20329780	204	160.0
1606491976.48	160000	14.711668	0.0	16109183	162	160.0
1606491977.54	160000	14.761347	0.0	58830800	692	160.0
1606491978.67	160000	14.628537	0.0	66935122	783	160.0
1606491978.96	160000	15.339988	0.0	15251076	187	160.0
