1606483921.18	40000	1.000999	0.034	334476	22	-5.439999999999998
1606483922.46	80000	1.248966	0.127	14912671	1047	19.68
1606483923.36	80000	1.385859	0.0	22644885	726	80.0
1606483923.82	160000	1.948005	0.0	22711544	314	80.0
1606483924.3	160000	2.46809	0.0	19639705	366	160.0
1606483924.99	160000	2.830855	0.0	20946809	556	160.0
1606483925.89	160000	2.979576	0.0	11895609	821	160.0
1606483926.53	160000	3.340622	0.0	7597636	587	160.0
1606483929.08	80000	1.791865	0.0	29583867	2302	0.0
1606483929.43	80000	2.451265	0.0	15816325	236	80.0
1606483930.66	160000	2.218742	0.0	54798068	805	80.0
1606483932.05	160000	1.827174	0.0	69464107	934	160.0
1606483936.24	160000	1.273751	2.635	50637608	3945	-261.6
1606483936.73	160000	1.779505	0.0	19559369	374	160.0
1606483937.26	160000	2.25377	0.0	22224402	394	160.0
1606483937.74	160000	2.772504	0.0	22578365	349	160.0
1606483937.93	160000	3.588483	0.0	8346702	129	160.0
1606483938.28	160000	4.238963	0.0	15775481	246	160.0
1606483938.48	160000	5.041154	0.0	9163235	136	160.0
1606483939.32	160000	5.2024	0.0	41307095	614	160.0
1606483939.91	160000	5.611641	0.0	28763893	406	160.0
1606483940.33	160000	6.187498	0.0	21266416	299	160.0
1606483940.8	160000	6.71626	0.0	23702229	319	160.0
1606483941.34	160000	7.191619	0.0	27580394	372	160.0
1606483941.75	160000	7.774291	0.0	20329780	274	160.0
1606483942.07	160000	8.453873	0.0	16109183	217	160.0
1606483943.19	160000	8.338551	0.0	58830800	787	160.0
1606483944.45	160000	8.074703	0.0	66935122	902	160.0
1606483944.77	160000	8.761476	0.0	15251076	224	160.0
1606483945.11	160000	9.416763	0.0	16574034	243	160.0
1606483945.36	160000	10.171186	0.0	13009028	169	160.0
1606483945.61	160000	10.917393	0.0	12791674	166	160.0
1606483945.82	160000	11.706905	0.0	11137898	146	160.0
1606483946.05	160000	12.480658	0.0	11485310	156	160.0
1606483946.29	160000	13.243707	0.0	12428518	167	160.0
1606483946.49	160000	14.046901	0.0	9963766	136	160.0
1606483946.73	160000	14.80952	0.0	12189364	167	160.0
1606483946.94	160000	15.600386	0.0	10142396	139	160.0
1606483947.14	160000	16.395461	0.0	10185488	139	160.0
1606483947.41	160000	17.127242	0.0	14061455	186	160.0
1606483947.8	160000	17.743021	0.0	20074099	266	160.0
1606483948.75	160000	17.792275	0.0	46115254	688	160.0
1606483949.58	160000	17.963307	0.0	40906522	584	160.0
1606483949.72	160000	18.823393	0.0	7891151	86	160.0
1606483950.07	160000	19.472119	0.0	21012466	232	160.0
1606483950.44	160000	20.109638	0.0	23519424	234	160.0
1606483950.74	160000	20.8035	0.0	18715420	178	160.0
1606483951.01	160000	21.536958	0.0	17000816	162	160.0
1606483951.23	160000	22.312193	0.0	14448126	138	160.0
1606483951.34	160000	23.207784	0.0	6958676	57	160.0
1606483951.49	160000	24.0592	0.0	9088791	74	160.0
1606483951.6	160000	24.950839	0.0	7211881	59	160.0
1606483951.65	160000	25.897251	0.0	3063586	26	160.0
1606483951.7	160000	26.847923	0.0	2782179	23	160.0
1606483951.86	160000	27.688158	0.0	9958410	96	160.0
1606483952.04	160000	28.512476	0.0	12158708	99	160.0
1606483952.22	160000	29.336276	0.0	12300216	101	160.0
1606483961.01	160000	21.548147	0.0	15815684	8687	160.0
1606483962.17	160000	21.389078	0.0	13526256	1082	160.0
1606483963.11	160000	21.446963	0.0	11995130	867	160.0
1606483964.1	160000	21.461451	0.0	13394791	906	160.0
1606483965.54	160000	21.017839	0.0	14135828	1349	160.0
1606483966.11	80000	21.450173	0.0	7258180	509	0.0
1606483967.26	160000	21.300412	0.0	14248439	1064	80.0
1606483968.32	160000	21.241712	0.0	13843717	980	160.0
1606483969.57	160000	20.989304	0.0	14665119	1171	160.0
1606483971.61	160000	19.958322	0.0	21079187	1907	160.0
1606483973.69	160000	18.879864	0.0	25480074	1938	160.0
1606483975.64	160000	17.922108	0.0	23021754	1827	160.0
1606483977.76	160000	16.810441	0.0	27527834	1959	160.0
1606483979.79	160000	15.776092	0.0	26155848	1891	160.0
1606483981.21	160000	15.359223	0.0	17849379	1299	160.0
1606483982.45	160000	15.123333	0.0	16546531	1138	160.0
1606483984.11	160000	14.458635	0.0	17718949	1562	160.0
1606483985.58	160000	13.992567	0.0	17337137	1362	160.0
1606483987.29	160000	13.28045	0.0	20008245	1594	160.0
1606483992.2	160000	9.369985	0.0	58430914	4581	160.0
1606483993.57	160000	9.010076	0.0	16292703	1244	160.0
1606483995.62	160000	7.95843	0.0	25587422	1908	160.0
1606483997.82	160000	6.755445	0.0	23982306	2065	160.0
1606483998.93	160000	6.653716	0.0	13347845	1012	160.0
1606483999.72	160000	6.856944	0.0	14337991	715	160.0
1606484000.2	160000	7.384719	0.0	14584990	389	160.0
1606484000.59	160000	7.993672	0.0	13962401	303	160.0
1606484000.88	160000	8.713137	0.0	14393788	194	160.0
1606484001.16	160000	9.420522	0.0	14649457	196	160.0
1606484001.42	160000	10.16036	0.0	13409715	181	160.0
1606484001.66	160000	10.921842	0.0	13909605	158	160.0
1606484001.89	160000	11.694999	0.0	13301968	150	160.0
1606484002.22	160000	12.366317	0.0	19025846	214	160.0
1606484002.55	160000	13.039682	0.0	19295426	216	160.0
1606484002.85	160000	13.742234	0.0	18261873	191	160.0
1606484003.18	160000	14.414754	0.0	19847604	207	160.0
1606484003.48	160000	15.108935	0.0	18767181	195	160.0
1606484005.5	160000	14.090148	0.0	22420858	1891	160.0
1606484013.4	160000	7.1916	0.0	19324333	7775	160.0
1606484014.96	160000	6.634259	0.0	20392234	1441	160.0
1606484015.54	160000	7.054964	0.0	7671072	524	160.0
1606484020.83	160000	2.766552	0.0	17781906	5176	160.0
1606484021.3	80000	3.296831	0.0	6255843	420	0.0
1606484022.3	160000	3.302292	0.0	10779770	926	80.0
1606484023.45	160000	3.154165	0.0	14606687	1060	160.0
1606484026.57	160000	1.497814	0.471	41866951	2923	84.64
1606484028.41	160000	1.469534	0.804	37238410	1640	31.360000000000014
1606484028.75	160000	2.129635	0.0	14347759	257	160.0
1606484028.93	160000	2.942499	0.0	11399187	118	160.0
1606484029.11	160000	3.767939	0.0	10358641	107	160.0
1606484029.35	160000	4.530201	0.0	14315696	153	160.0
1606484029.73	160000	5.154236	0.0	23283631	241	160.0
1606484030.27	160000	5.608565	0.0	37521367	319	160.0
1606484030.59	160000	6.293302	0.0	22241104	189	160.0
1606484030.82	160000	7.058987	0.0	15813346	133	160.0
1606484031.07	160000	7.817931	0.0	17116450	144	160.0
1606484031.34	160000	8.546809	0.0	18867054	159	160.0
1606484031.6	160000	9.29136	0.0	17393609	146	160.0
1606484031.96	160000	9.929024	0.0	24759401	217	160.0
1606484032.32	160000	10.565561	0.0	25782433	228	160.0
1606484032.72	160000	11.171031	0.0	25885372	228	160.0
1606484033.08	160000	11.80973	0.0	26242011	225	160.0
1606484033.44	160000	12.452544	0.0	23865378	204	160.0
1606484033.79	160000	13.105462	0.0	25470681	214	160.0
1606484034.15	160000	13.742539	0.0	27258768	196	160.0
1606484034.39	160000	14.504962	0.0	17853711	128	160.0
1606484034.58	160000	15.313811	0.0	14829893	106	160.0
1606484034.96	160000	15.936849	0.0	27779697	217	160.0
1606484035.34	160000	16.557683	0.0	27714923	222	160.0
1606484035.71	160000	17.189604	0.0	25946474	208	160.0
1606484035.96	160000	17.942907	0.0	19596259	130	160.0
1606484036.25	160000	18.649035	0.0	23774167	157	160.0
1606484036.49	160000	19.410417	0.0	19373656	129	160.0
1606484036.79	160000	20.112189	0.0	23977420	160	160.0
1606484037.12	160000	20.78628	0.0	24493733	183	160.0
1606484037.31	160000	21.590882	0.0	14528511	108	160.0
1606484037.54	160000	22.368784	0.0	16841176	126	160.0
1606484037.77	160000	23.134841	0.0	16743604	129	160.0
1606484038.06	160000	23.844666	0.0	17975224	188	160.0
1606484038.44	160000	24.467363	0.0	22329548	241	160.0
1606484038.71	160000	25.195723	0.0	16001583	168	160.0
1606484043.64	160000	21.27421	0.0	18238584	4807	160.0
1606484044.47	160000	21.436302	0.0	21308824	704	160.0
1606484045.09	160000	21.822432	0.0	17749058	504	160.0
1606484045.55	160000	22.365666	0.0	14127787	372	160.0
1606484046.1	160000	22.814227	0.0	17525699	447	160.0
1606484046.54	160000	23.373721	0.0	14240042	357	160.0
1606484047.15	160000	23.766132	0.0	20324139	486	160.0
1606484047.8	160000	24.116471	0.0	21993033	516	160.0
1606484049.33	160000	23.5844	0.0	18863108	1416	160.0
1606484054.51	160000	19.405103	0.0	15964734	5074	160.0
1606484055.24	160000	19.684055	0.0	8284939	666	160.0
1606484056.87	160000	19.04795	0.0	9004706	1578	160.0
1606484057.17	160000	19.753456	0.0	6955279	247	160.0
1606484057.62	160000	20.307548	0.0	10701639	378	160.0
1606484057.9	160000	21.029201	0.0	9459459	219	160.0
1606484057.97	160000	21.954827	0.0	3212828	46	160.0
1606484058.03	160000	22.899442	0.0	2509989	30	160.0
1606484058.07	160000	23.853448	0.0	2004927	24	160.0
1606484058.1	160000	24.83125	0.0	591360	7	160.0
1606484058.15	160000	26.214188	0.0	2394426	28	160.0
1606484058.51	40000	1.000999	0.041	336477	4	-6.560000000000002
1606484058.87	160000	1.941845	0.0	14912671	180	40.0
1606484059.28	160000	2.530059	0.0	24265636	183	160.0
1606484059.59	160000	3.218135	0.0	22711544	171	160.0
1606484059.86	160000	3.949403	0.0	19639705	148	160.0
1606484060.19	160000	4.623189	0.0	20946809	202	160.0
1606484060.38	160000	5.461137	0.0	11895609	115	160.0
1606484060.51	160000	6.375178	0.0	7597636	75	160.0
1606484066.09	160000	1.915428	0.0	56067905	5099	160.0
1606484067.0	160000	2.003575	0.0	45444680	654	160.0
1606484068.17	160000	1.835839	0.0	54798068	855	160.0
1606484069.57	160000	1.442917	0.0	69464107	912	160.0
1606484070.58	160000	1.430599	0.0	50637608	719	160.0
1606484070.96	160000	2.087889	0.0	19559369	266	160.0
1606484074.53	160000	1.393478	1.792	22224402	3456	-126.72000000000003
1606484075.22	160000	1.709419	0.0	22578365	557	160.0
1606484075.37	160000	2.557256	0.0	8346702	100	160.0
1606484075.66	160000	3.270992	0.0	15775481	188	160.0
1606484075.83	160000	4.100195	0.0	9163235	110	160.0
1606484076.75	160000	4.181078	0.0	41307095	690	160.0
1606484078.3	160000	3.629391	0.0	28763893	1374	160.0
1606484079.0	160000	3.937579	0.0	21266416	568	160.0
1606484079.42	160000	4.515378	0.0	23702229	270	160.0
1606484079.9	160000	5.037285	0.0	27580394	316	160.0
1606484080.28	160000	5.656137	0.0	20329780	242	160.0
1606484080.59	160000	6.347462	0.0	16109183	209	160.0
1606484081.59	160000	6.347392	0.0	58830800	667	160.0
1606484082.68	160000	6.256865	0.0	66935122	723	160.0
