1606544849.84	40000	1.000999	0.159	334476	146	-25.44
1606544856.26	80000	1.294126	5.344	14912671	6233	-815.04
1606544864.15	80000	1.352236	6.919	22644885	7732	-1027.04
1606544865.59	80000	1.438172	0.501	17135714	1342	-0.1599999999999966
1606544866.64	80000	1.410123	0.0	13114792	972	80.0
1606544867.66	80000	1.431142	0.0	11497228	949	80.0
1606544869.62	160000	1.284737	0.809	11895609	1879	-49.44
1606544870.63	160000	1.345017	0.073	7597636	970	148.32
1606544875.48	80000	1.419154	3.919	29583867	4607	-627.04
1606544876.7	80000	1.340109	0.139	15816325	1126	57.760000000000005
1606544878.04	80000	1.480129	0.479	15275967	1264	3.3599999999999994
1606544880.28	80000	1.460044	1.212	20600381	2123	-113.91999999999999
1606544882.19	80000	1.423525	0.879	17710542	1817	-60.639999999999986
1606544884.52	160000	1.310315	1.216	19559369	2219	-114.56
1606544887.49	160000	1.277689	1.937	22224402	2843	-149.92000000000002
1606544891.15	160000	1.465676	2.841	22578365	3536	-294.56
1606544892.18	160000	1.437607	0.0	8346702	975	160.0
1606544893.55	160000	1.309051	0.237	15775481	1279	122.08
1606544894.36	160000	1.488997	0.0	9163235	754	160.0
1606544896.18	80000	1.298335	0.623	20277060	1706	-99.68
1606544898.69	160000	1.363979	1.578	28763893	2358	-172.48
1606544900.31	160000	1.251381	0.501	21266416	1501	79.84
1606544902.05	160000	1.25484	0.742	23702229	1614	41.28
1606544904.14	160000	1.498366	1.329	27580394	1949	-52.639999999999986
1606544905.64	160000	1.322602	0.329	20329780	1398	107.36
1606544906.82	160000	1.408176	0.259	16109183	1079	118.56
1606544909.73	80000	1.419418	1.918	34554431	2724	-306.88
1606544913.11	80000	1.33869	2.302	37801487	3154	-288.32
1606544914.32	160000	1.376823	0.251	15251076	1124	39.84
1606544915.84	160000	1.394916	0.533	16574034	1429	74.72
1606544916.82	160000	1.418797	0.0	13009028	898	160.0
1606544918.01	160000	1.43068	0.207	12791674	1130	126.88
1606544918.97	160000	1.478165	0.0	11137898	886	160.0
1606544919.9	160000	1.551819	0.0	11485310	857	160.0
1606544920.98	160000	1.46857	0.0	12428518	1005	160.0
1606544921.92	160000	1.531146	0.0	9963766	876	160.0
1606544923.07	160000	1.374838	0.0	12189364	1085	160.0
1606544924.02	160000	1.434163	0.0	10142396	877	160.0
1606544925.02	160000	1.432158	0.0	10185488	929	160.0
1606544926.07	160000	1.386593	0.0	14061455	964	160.0
1606544927.89	160000	1.396059	0.828	20074099	1717	27.52000000000001
1606544929.92	80000	1.475213	1.115	26113743	1904	-178.4
1606544931.7	80000	1.341517	0.644	22860019	1652	-23.040000000000006
1606544932.42	160000	1.62501	0.0	7891151	662	80.0
1606544934.11	160000	1.488003	0.555	21012466	1582	71.2
1606544936.04	160000	1.294378	0.73	23519424	1809	43.2
1606544937.66	160000	1.275582	0.6	18715420	1520	64.0
1606544939.36	160000	1.377156	0.803	17000816	1611	31.52000000000001
1606544941.2	160000	1.431011	0.891	14448126	1763	17.439999999999998
1606544941.9	160000	1.733441	0.0	6958676	644	160.0
1606544942.58	160000	2.046785	0.0	9088791	630	160.0
1606544943.11	160000	2.521402	0.0	7211881	476	160.0
1606544943.32	160000	3.314627	0.0	3063586	177	160.0
1606544943.51	160000	4.12672	0.0	2782179	160	160.0
1606544944.21	160000	4.428332	0.0	9958410	635	160.0
1606544945.5	160000	4.14062	0.0	12158708	1209	160.0
1606544946.81	160000	3.82731	0.0	12300216	1235	160.0
1606544950.06	160000	1.57738	0.0	15815684	3148	160.0
1606544954.17	160000	1.33231	2.859	13526256	4033	-297.44
1606544955.19	160000	1.443089	0.132	11995130	959	138.88
1606544956.86	160000	1.326032	0.557	13394791	1604	70.88
1606544959.31	160000	1.37741	1.498	14135828	2376	-79.68
1606544961.5	160000	1.382997	1.193	15366126	2113	-30.879999999999995
1606544963.12	160000	1.327397	0.56	14248439	1535	70.4
1606544964.19	160000	1.389071	0.134	13843717	1003	138.56
1606544965.14	160000	1.445326	0.0	14665119	858	160.0
1606544966.7	160000	1.275744	0.397	21079187	1460	96.47999999999999
1606544968.21	160000	1.424165	0.652	25480074	1373	55.68000000000001
1606544972.28	160000	1.327805	2.975	23021754	3934	-316.0
1606544974.55	160000	1.30436	1.241	27527834	2116	-38.56
1606544976.86	160000	1.297144	1.298	26155848	2165	-47.68000000000001
1606544978.17	160000	1.346946	0.363	17849379	1219	101.92
1606544979.53	160000	1.460768	0.477	16546531	1275	83.68
1606544985.91	160000	1.439135	5.355	17718949	6281	-696.8
1606544988.1	160000	1.295444	1.047	17337137	2098	-7.52000000000001
1606544988.66	160000	1.736381	0.0	20008245	442	160.0
1606544990.02	160000	1.383542	0.0	58430914	889	160.0
1606544990.34	160000	2.066732	0.0	16292703	198	160.0
1606544990.78	160000	2.620925	0.0	25587422	291	160.0
1606544991.19	160000	3.210969	0.0	23982306	272	160.0
1606544991.47	160000	3.936848	0.0	13347845	196	160.0
1606544991.78	160000	4.630419	0.0	14337991	225	160.0
1606544992.09	160000	5.316846	0.0	14584990	229	160.0
1606544992.39	160000	6.021348	0.0	13962401	214	160.0
1606544992.68	160000	6.733201	0.0	14393788	210	160.0
1606544992.97	160000	7.437127	0.0	14649457	213	160.0
1606544993.25	160000	8.164965	0.0	13409715	196	160.0
1606544993.62	160000	8.791823	0.0	13909605	294	160.0
1606544993.98	160000	9.432048	0.0	13301968	281	160.0
1606544994.62	160000	9.798551	0.0	19025846	518	160.0
1606544995.49	160000	9.92913	0.0	19295426	760	160.0
1606544996.35	160000	10.064401	0.0	18261873	759	160.0
1606544998.31	160000	9.111102	0.0	19847604	1835	160.0
1606545004.78	160000	3.633158	0.0	18767181	6358	160.0
1606545009.27	160000	1.331903	1.178	22420858	4362	-28.47999999999999
1606545010.82	160000	1.292167	0.512	19324333	1450	78.08
1606545014.42	160000	1.30538	2.61	20392234	3490	-257.6
1606545018.83	160000	1.417256	3.519	7671072	4359	-403.03999999999996
1606545020.57	160000	1.437921	0.766	17781906	1657	37.44
1606545021.74	160000	1.455549	0.178	12839336	1097	131.52
1606545022.71	160000	1.484458	0.0	10779770	908	160.0
1606545023.99	160000	1.386395	0.184	14606687	1212	130.56
1606545026.54	160000	1.321937	1.481	41866951	2331	-76.96000000000001
1606545028.51	160000	1.282734	0.932	37238410	1774	10.879999999999995
1606545028.89	160000	1.904236	0.0	14347759	294	160.0
1606545029.19	160000	2.602634	0.0	11399187	228	160.0
1606545029.47	160000	3.32754	0.0	10358641	207	160.0
1606545036.05	160000	1.490362	3.738	14315696	6500	-438.08000000000004
1606545037.8	160000	1.479546	0.739	23283631	1634	41.760000000000005
1606545044.62	160000	1.43682	5.778	37521367	6615	-764.48
1606545047.89	160000	1.499482	2.335	22241104	3161	-213.60000000000002
1606545049.0	160000	1.401385	0.0	15813346	988	160.0
1606545049.59	160000	1.804331	0.0	17116450	481	160.0
1606545049.96	160000	2.432648	0.0	18867054	260	160.0
1606545050.31	160000	3.086604	0.0	17393609	239	160.0
1606545050.77	160000	3.623944	0.0	24759401	324	160.0
1606545051.21	160000	4.187636	0.0	25782433	289	160.0
1606545051.67	160000	4.724123	0.0	25885372	290	160.0
1606545052.07	160000	5.32526	0.0	26242011	250	160.0
1606545052.46	160000	5.940077	0.0	23865378	231	160.0
1606545052.86	160000	6.539152	0.0	25470681	257	160.0
1606545053.33	160000	7.075314	0.0	27258768	289	160.0
1606545053.64	160000	7.770737	0.0	17853711	189	160.0
1606545053.88	160000	8.521095	0.0	14829893	158	160.0
1606545054.35	160000	9.059039	0.0	27779697	294	160.0
1606545054.83	160000	9.580304	0.0	27714923	317	160.0
1606545055.36	160000	10.043532	0.0	25946474	379	160.0
1606545056.41	160000	10.000766	0.0	19596259	925	160.0
1606545062.33	160000	5.074875	0.0	23774167	5783	160.0
1606545064.36	160000	4.047479	0.0	19373656	1907	160.0
1606545066.12	160000	3.287148	0.0	23977420	1626	160.0
1606545067.07	160000	3.33852	0.0	24493733	810	160.0
1606545067.64	160000	3.773095	0.0	14528511	480	160.0
1606545068.34	160000	4.078595	0.0	16841176	594	160.0
1606545069.0	160000	4.41255	0.0	16743604	565	160.0
1606545069.7	160000	4.713196	0.0	17975224	594	160.0
1606545070.58	160000	4.840048	0.0	22329548	743	160.0
1606545071.2	160000	5.218046	0.0	16001583	528	160.0
1606545071.91	160000	5.50676	0.0	18238584	603	160.0
1606545072.75	160000	5.67467	0.0	21308824	705	160.0
1606545073.44	160000	5.983907	0.0	17749058	586	160.0
1606545073.99	160000	6.436132	0.0	14127787	467	160.0
1606545074.67	160000	6.754946	0.0	17525699	579	160.0
1606545075.24	160000	7.18894	0.0	14240042	471	160.0
1606545076.02	160000	7.403706	0.0	20324139	672	160.0
1606545076.88	160000	7.542811	0.0	21993033	726	160.0
1606545077.63	160000	7.798568	0.0	18863108	628	160.0
1606545078.27	160000	8.162759	0.0	15964734	540	160.0
1606545078.59	160000	8.835139	0.0	8284939	273	160.0
1606545078.95	160000	9.484459	0.0	9004706	297	160.0
1606545079.22	160000	10.210222	0.0	6955279	230	160.0
1606545079.64	160000	10.794345	0.0	10701639	353	160.0
