1606485912.84	40000	1.000999	0.034	334476	22	-5.439999999999998
1606485915.0	80000	1.284976	1.043	14912671	1959	-126.88
1606485916.03	80000	1.36474	0.082	22644885	863	66.88
1606485916.66	160000	1.771413	0.0	22711544	474	80.0
1606485917.45	160000	1.998141	0.0	19639705	681	160.0
1606485918.18	160000	2.309911	0.0	20946809	601	160.0
1606485918.58	160000	2.954463	0.0	11895609	307	160.0
1606485919.07	160000	3.457977	0.0	7597636	442	160.0
1606485922.86	160000	1.283202	0.61	56067905	3335	62.400000000000006
1606485924.18	160000	1.394173	0.431	45444680	1112	91.04
1606485925.87	160000	1.325961	0.615	54798068	1422	61.599999999999994
1606485927.77	160000	1.41451	1.022	69464107	1503	-3.5200000000000102
1606485929.8	160000	1.430382	1.047	50637608	1792	-7.52000000000001
1606485930.23	160000	1.999147	0.0	19559369	315	160.0
1606485930.73	160000	2.498287	0.0	22224402	372	160.0
1606485931.18	160000	3.059456	0.0	22578365	301	160.0
1606485931.34	160000	3.888771	0.0	8346702	110	160.0
1606485931.65	160000	4.582932	0.0	15775481	210	160.0
1606485931.83	160000	5.406764	0.0	9163235	116	160.0
1606485932.51	160000	5.729811	0.0	41307095	451	160.0
1606485933.01	160000	6.226117	0.0	28763893	325	160.0
1606485933.4	160000	6.833368	0.0	21266416	270	160.0
1606485933.86	160000	7.375305	0.0	23702229	306	160.0
1606485936.8	160000	5.440684	0.0	27580394	2779	160.0
1606485938.14	160000	5.10449	0.0	20329780	1198	160.0
1606485938.71	160000	5.527683	0.0	16109183	478	160.0
1606485940.24	160000	4.998726	0.0	58830800	1199	160.0
1606485941.54	160000	4.697922	0.0	66935122	933	160.0
1606485941.8	160000	5.440466	0.0	15251076	167	160.0
1606485942.08	160000	6.16578	0.0	16574034	176	160.0
1606485942.29	160000	6.95208	0.0	13009028	137	160.0
1606485942.5	160000	7.741809	0.0	12791674	135	160.0
1606485942.69	160000	8.556368	0.0	11137898	117	160.0
1606485942.89	160000	9.362189	0.0	11485310	121	160.0
1606485943.1	160000	10.148668	0.0	12428518	142	160.0
1606485943.28	160000	10.971414	0.0	9963766	113	160.0
1606485943.49	160000	11.762853	0.0	12189364	138	160.0
1606485943.67	160000	12.586	0.0	10142396	115	160.0
1606485943.85	160000	13.406905	0.0	10185488	116	160.0
1606485944.1	160000	14.154604	0.0	14061455	170	160.0
1606485944.46	160000	14.791361	0.0	20074099	242	160.0
1606485945.27	160000	14.985946	0.0	46115254	535	160.0
1606485945.96	160000	15.302232	0.0	40906522	439	160.0
1606485946.09	160000	16.171248	0.0	7891151	79	160.0
1606485946.42	160000	16.838146	0.0	21012466	205	160.0
1606485946.79	160000	17.46636	0.0	23519424	234	160.0
1606485947.11	160000	18.152757	0.0	18715420	201	160.0
1606485947.4	160000	18.857836	0.0	17000816	185	160.0
1606485947.65	160000	19.61111	0.0	14448126	159	160.0
1606485947.78	160000	20.483922	0.0	6958676	77	160.0
1606485948.04	160000	21.229995	0.0	9088791	195	160.0
1606485948.41	160000	21.857371	0.0	7211881	324	160.0
1606485948.58	160000	22.687414	0.0	3063586	137	160.0
1606485948.73	160000	23.537447	0.0	2782179	124	160.0
1606485949.69	160000	23.583337	0.0	9958410	893	160.0
1606485950.86	160000	23.412081	0.0	12158708	1100	160.0
1606485952.01	160000	23.260302	0.0	12300216	1076	160.0
1606485953.38	160000	22.895096	0.0	15815684	1271	160.0
1606485954.63	160000	22.643012	0.0	13526256	1176	160.0
1606485955.67	160000	22.606136	0.0	11995130	965	160.0
1606485956.79	160000	22.488787	0.0	13394791	1038	160.0
1606485958.11	160000	22.169796	0.0	14135828	1235	160.0
1606485959.27	160000	22.00719	0.0	15366126	1066	160.0
1606485960.44	160000	21.840023	0.0	14248439	1082	160.0
1606485961.53	160000	21.748994	0.0	13843717	1011	160.0
1606485962.73	160000	21.547839	0.0	14665119	1109	160.0
1606485964.43	160000	20.853607	0.0	21079187	1566	160.0
1606485966.49	160000	19.789744	0.0	25480074	1918	160.0
1606485968.34	160000	18.946772	0.0	23021754	1710	160.0
1606485970.91	160000	17.373689	0.0	27527834	2412	160.0
1606485973.04	160000	16.246074	0.0	26155848	1965	160.0
1606485974.59	160000	15.701348	0.0	17849379	1440	160.0
1606485975.93	160000	15.356016	0.0	16546531	1245	160.0
1606485977.07	160000	15.219689	0.0	17718949	1023	160.0
1606485977.77	160000	15.515183	0.0	17337137	600	160.0
1606485978.48	160000	15.807124	0.0	20008245	596	160.0
1606485980.11	160000	15.184234	0.0	58430914	1312	160.0
1606485980.56	160000	15.733174	0.0	16292703	344	160.0
1606485981.23	160000	16.062935	0.0	25587422	523	160.0
1606485981.93	160000	16.361798	0.0	23982306	564	160.0
1606485982.29	160000	17.009261	0.0	13347845	273	160.0
1606485982.63	160000	17.663219	0.0	14337991	266	160.0
1606485982.99	160000	18.310057	0.0	14584990	270	160.0
1606485983.31	160000	18.987446	0.0	13962401	242	160.0
1606485983.64	160000	19.661385	0.0	14393788	244	160.0
1606485983.98	160000	20.3248	0.0	14649457	254	160.0
1606485984.29	160000	21.015889	0.0	13409715	232	160.0
1606485984.61	160000	21.69418	0.0	13909605	245	160.0
1606485984.92	160000	22.380189	0.0	13301968	234	160.0
1606485985.36	160000	22.948455	0.0	19025846	317	160.0
1606485985.78	160000	23.529279	0.0	19295426	308	160.0
1606485986.18	160000	24.130531	0.0	18261873	292	160.0
1606485986.62	160000	24.68463	0.0	19847604	323	160.0
1606485987.04	160000	25.272161	0.0	18767181	304	160.0
1606485987.48	160000	25.825631	0.0	22420858	320	160.0
1606485987.87	160000	26.438693	0.0	19324333	270	160.0
1606485988.27	160000	27.043222	0.0	20392234	281	160.0
1606485988.42	160000	27.893453	0.0	7671072	101	160.0
1606485988.76	160000	28.550555	0.0	17781906	239	160.0
1606485989.01	160000	29.303589	0.0	12839336	169	160.0
1606485989.23	160000	30.083523	0.0	10779770	151	160.0
1606485989.53	160000	30.785556	0.0	14606687	216	160.0
1606485990.39	160000	30.925746	0.0	41866951	613	160.0
1606485991.06	160000	31.263271	0.0	37238410	438	160.0
1606485991.3	160000	32.020083	0.0	14347759	161	160.0
1606485991.49	160000	32.825206	0.0	11399187	126	160.0
1606485991.68	160000	33.644179	0.0	10358641	114	160.0
1606485991.93	160000	34.395582	0.0	14315696	164	160.0
1606485992.32	160000	35.001986	0.0	23283631	257	160.0
1606485992.96	160000	35.365088	0.0	37521367	415	160.0
1606485993.34	160000	35.983255	0.0	22241104	253	160.0
1606485993.62	160000	36.705212	0.0	15813346	180	160.0
1606485993.91	160000	37.41277	0.0	17116450	195	160.0
1606485994.24	160000	38.083852	0.0	18867054	214	160.0
1606485994.57	160000	38.758837	0.0	17393609	222	160.0
1606485995.03	160000	39.303958	0.0	24759401	316	160.0
1606485995.47	160000	39.865385	0.0	25782433	298	160.0
1606485995.89	160000	40.442266	0.0	25885372	266	160.0
1606485996.3	160000	41.029891	0.0	26242011	268	160.0
1606485996.7	160000	41.638063	0.0	23865378	246	160.0
1606485997.11	160000	42.230138	0.0	25470681	257	160.0
1606485997.52	160000	42.820554	0.0	27258768	242	160.0
1606485997.79	160000	43.553703	0.0	17853711	155	160.0
1606485998.0	160000	44.338549	0.0	14829893	129	160.0
1606485998.4	160000	44.940184	0.0	27779697	239	160.0
1606485998.78	160000	45.555698	0.0	27714923	233	160.0
1606485999.16	160000	46.184219	0.0	25946474	218	160.0
1606485999.44	160000	46.901683	0.0	19596259	172	160.0
1606485999.78	160000	47.560762	0.0	23774167	208	160.0
1606486000.06	160000	48.279942	0.0	19373656	170	160.0
1606486000.42	160000	48.925998	0.0	23977420	224	160.0
1606486000.81	160000	49.535524	0.0	24493733	257	160.0
1606486001.04	160000	50.309631	0.0	14528511	144	160.0
1606486001.3	160000	51.051105	0.0	16841176	163	160.0
1606486001.54	160000	51.810172	0.0	16743604	141	160.0
1606486001.8	160000	52.554745	0.0	17975224	153	160.0
1606486002.11	160000	53.238438	0.0	22329548	190	160.0
1606486002.35	160000	53.999692	0.0	16001583	142	160.0
1606486002.63	160000	54.724969	0.0	18238584	169	160.0
1606486002.95	160000	55.40269	0.0	21308824	198	160.0
1606486003.22	160000	56.133642	0.0	17749058	164	160.0
1606486003.41	160000	56.940787	0.0	14127787	112	160.0
1606486003.66	160000	57.703273	0.0	17525699	136	160.0
1606486003.86	160000	58.498116	0.0	14240042	113	160.0
1606486004.14	160000	59.221546	0.0	20324139	161	160.0
1606486004.45	160000	59.906899	0.0	21993033	187	160.0
1606486005.74	160000	59.86146	0.0	18863108	164	160.0
1606486006.57	160000	59.862448	0.0	15964734	232	160.0
1606486007.69	160000	59.863457	0.0	8284939	67	160.0
1606486008.85	160000	59.614456	0.0	9004706	97	160.0
1606486009.98	160000	59.615462	0.0	6955279	86	160.0
1606486010.67	160000	59.866443	0.0	10701639	123	160.0
1606486011.84	160000	59.617453	0.0	9459459	107	160.0
1606486012.92	160000	59.618429	0.0	3212828	48	160.0
1606486013.99	160000	59.619453	0.0	2509989	40	160.0
1606486014.56	160000	59.870423	0.0	2004927	47	160.0
1606486015.67	160000	59.871445	0.0	591360	90	160.0
1606486017.24	160000	59.80624	0.0	2394426	44	160.0
1606486017.61	40000	1.000999	0.041	336477	15	-6.560000000000002
1606486019.8	160000	1.372369	1.233	14912671	2065	-157.28
1606486024.59	160000	1.386838	3.78	24265636	4587	-444.79999999999995
1606486026.3	80000	1.394158	0.756	17135714	1600	-120.96
1606486027.35	160000	1.375473	0.0	19639705	921	80.0
1606486028.34	160000	1.478626	0.049	20946809	871	152.16
1606486028.91	160000	1.914473	0.0	11895609	491	160.0
1606486029.27	160000	2.549714	0.0	7597636	305	160.0
1606486031.65	160000	1.343108	0.166	56067905	1915	133.44
1606486033.07	160000	1.256552	0.334	45444680	1197	106.56
1606486034.71	160000	1.304318	0.688	54798068	1377	49.92
1606486036.33	160000	1.280114	0.595	69464107	1208	64.8
1606486037.38	160000	1.359312	0.119	50637608	759	140.96
1606486037.77	160000	1.964176	0.0	19559369	275	160.0
1606486038.23	160000	2.508877	0.0	22224402	312	160.0
1606486038.72	160000	3.020551	0.0	22578365	357	160.0
1606486038.92	160000	3.817698	0.0	8346702	148	160.0
1606486039.3	160000	4.441048	0.0	15775481	280	160.0
1606486039.52	160000	5.223517	0.0	9163235	146	160.0
1606486040.31	160000	5.430864	0.0	41307095	563	160.0
1606486040.87	160000	5.869003	0.0	28763893	383	160.0
1606486041.28	160000	6.464836	0.0	21266416	281	160.0
1606486041.75	160000	6.991743	0.0	23702229	323	160.0
1606486042.3	160000	7.445397	0.0	27580394	385	160.0
1606486042.71	160000	8.038338	0.0	20329780	278	160.0
1606486043.02	160000	8.724205	0.0	16109183	217	160.0
1606486044.1	160000	8.653887	0.0	58830800	740	160.0
1606486045.31	160000	8.43883	0.0	66935122	844	160.0
1606486045.61	160000	9.146082	0.0	15251076	199	160.0
