1606499795.28	40000	1.000999	0.037	334476	25	-5.920000000000002
1606499796.69	80000	1.45217	0.507	14912671	1215	-41.120000000000005
1606499798.94	80000	1.450391	1.219	22644885	2107	-115.03999999999999
1606499800.39	80000	1.432127	0.406	17135714	1364	15.040000000000006
1606499801.99	160000	1.267158	0.404	19639705	1481	15.36
1606499803.74	160000	1.26277	0.721	20946809	1640	44.64
1606499804.43	160000	1.567623	0.0	11895609	621	160.0
1606499804.72	160000	2.286122	0.0	7597636	231	160.0
1606499806.57	160000	1.431783	0.0	56067905	1358	160.0
1606499810.73	160000	1.487605	3.209	45444680	3943	-353.44000000000005
1606499815.35	160000	1.447621	3.583	54798068	4360	-413.28
1606499816.92	80000	1.251181	0.372	20600381	1456	-59.52
1606499819.46	160000	1.404829	1.695	50637608	2290	-191.2
1606499820.14	160000	1.72638	0.0	19559369	558	160.0
1606499820.87	160000	1.992818	0.0	22224402	606	160.0
1606499821.92	160000	1.947594	0.0	22578365	908	160.0
1606499822.55	160000	2.320568	0.0	8346702	573	160.0
1606499823.86	160000	2.011441	0.0	15775481	1215	160.0
1606499824.58	160000	2.293668	0.0	9163235	663	160.0
1606499828.26	160000	1.356185	1.745	41307095	3485	-119.19999999999999
1606499832.04	160000	1.352458	2.774	28763893	3627	-283.84
1606499836.08	160000	1.377743	3.06	21266416	3919	-329.6
1606499838.62	160000	1.405561	1.572	23702229	2423	-91.52000000000001
1606499840.82	160000	1.261279	1.054	27580394	2051	-8.639999999999986
1606499842.34	160000	1.316272	0.572	20329780	1409	68.48
1606499844.2	160000	1.381193	0.922	16109183	1772	12.47999999999999
1606499848.65	80000	1.311948	3.381	34554431	4257	-540.96
1606499851.39	80000	1.443533	1.876	37801487	2549	-220.16000000000003
1606499852.0	160000	1.834627	0.0	15251076	518	80.0
1606499852.65	160000	2.188427	0.0	16574034	544	160.0
1606499853.16	160000	2.682174	0.0	13009028	430	160.0
1606499853.64	160000	3.197422	0.0	12791674	408	160.0
1606499854.05	160000	3.792921	0.0	11137898	336	160.0
1606499854.47	160000	4.373398	0.0	11485310	348	160.0
1606499854.89	160000	4.954841	0.0	12428518	345	160.0
1606499855.24	160000	5.607276	0.0	9963766	277	160.0
1606499855.63	160000	6.216793	0.0	12189364	319	160.0
1606499855.94	160000	6.91049	0.0	10142396	244	160.0
1606499856.24	160000	7.603626	0.0	10185488	244	160.0
1606499856.65	160000	8.206566	0.0	14061455	318	160.0
1606499857.18	160000	8.664564	0.0	20074099	419	160.0
1606499858.29	160000	8.562596	0.0	46115254	854	160.0
1606499859.15	160000	8.701987	0.0	40906522	638	160.0
1606499859.32	160000	9.533996	0.0	7891151	118	160.0
1606499859.73	160000	10.121971	0.0	21012466	290	160.0
1606499860.17	160000	10.687358	0.0	23519424	301	160.0
1606499860.52	160000	11.334229	0.0	18715420	240	160.0
1606499860.84	160000	12.015967	0.0	17000816	219	160.0
1606499861.11	160000	12.749183	0.0	14448126	186	160.0
1606499861.25	160000	13.609947	0.0	6958676	89	160.0
1606499861.42	160000	14.436438	0.0	9088791	116	160.0
1606499861.57	160000	15.295714	0.0	7211881	89	160.0
1606499861.63	160000	16.227087	0.0	3063586	37	160.0
1606499861.7	160000	17.166266	0.0	2782179	33	160.0
1606499861.88	160000	17.986089	0.0	9958410	120	160.0
1606499862.1	160000	18.767356	0.0	12158708	147	160.0
1606499862.32	160000	19.544262	0.0	12300216	149	160.0
1606499862.6	160000	20.265446	0.0	15815684	179	160.0
1606499862.78	160000	21.08571	0.0	13526256	101	160.0
1606499862.94	160000	21.92776	0.0	11995130	89	160.0
1606499863.12	160000	22.749416	0.0	13394791	100	160.0
1606499863.3	160000	23.565441	0.0	14135828	104	160.0
1606499863.51	160000	24.365577	0.0	15366126	113	160.0
1606499863.69	160000	25.1837	0.0	14248439	96	160.0
1606499863.85	160000	26.020956	0.0	13843717	84	160.0
1606499864.02	160000	26.850566	0.0	14665119	89	160.0
1606499864.28	160000	27.598457	0.0	21079187	127	160.0
1606499864.58	160000	28.299349	0.0	25480074	155	160.0
1606499864.86	160000	29.020489	0.0	23021754	137	160.0
1606499865.18	160000	29.703213	0.0	27527834	163	160.0
1606499865.48	160000	30.403902	0.0	26155848	156	160.0
1606499865.69	160000	31.193816	0.0	17849379	103	160.0
1606499865.89	160000	31.991219	0.0	16546531	93	160.0
1606499866.1	160000	32.784965	0.0	17718949	101	160.0
1606499866.31	160000	33.575862	0.0	17337137	98	160.0
1606499866.54	160000	34.34157	0.0	20008245	114	160.0
1606499869.13	160000	32.756692	0.0	58430914	2182	160.0
1606499869.35	160000	33.534207	0.0	16292703	111	160.0
1606499869.68	160000	34.211396	0.0	25587422	173	160.0
1606499869.94	160000	34.94794	0.0	23982306	124	160.0
1606499870.09	160000	35.797253	0.0	13347845	69	160.0
1606499870.26	160000	36.627365	0.0	14337991	75	160.0
1606499870.43	160000	37.465701	0.0	14584990	76	160.0
1606499870.58	160000	38.311647	0.0	13962401	73	160.0
1606499870.75	160000	39.139511	0.0	14393788	88	160.0
1606499870.92	160000	39.978276	0.0	14649457	78	160.0
1606499871.08	160000	40.819391	0.0	13409715	70	160.0
1606499871.23	160000	41.663643	0.0	13909605	75	160.0
1606499871.38	160000	42.515095	0.0	13301968	70	160.0
1606499871.6	160000	43.296296	0.0	19025846	101	160.0
1606499871.86	160000	44.039948	0.0	19295426	130	160.0
1606499872.09	160000	44.806724	0.0	18261873	123	160.0
1606499872.36	160000	45.547363	0.0	19847604	134	160.0
1606499872.6	160000	46.300128	0.0	18767181	127	160.0
1606499872.85	160000	47.049293	0.0	22420858	121	160.0
1606499873.07	160000	47.829575	0.0	19324333	102	160.0
1606499873.3	160000	48.603587	0.0	20392234	107	160.0
1606499873.39	160000	49.514438	0.0	7671072	41	160.0
1606499873.59	160000	50.316907	0.0	17781906	94	160.0
1606499873.73	160000	51.176092	0.0	12839336	66	160.0
1606499873.85	160000	52.05779	0.0	10779770	55	160.0
1606499874.01	160000	52.902889	0.0	14606687	74	160.0
1606499874.46	160000	53.448683	0.0	41866951	212	160.0
1606499874.88	160000	54.032296	0.0	37238410	192	160.0
1606499875.05	160000	54.865791	0.0	14347759	80	160.0
1606499875.17	160000	55.739981	0.0	11399187	60	160.0
1606499875.3	160000	56.620609	0.0	10358641	54	160.0
1606499875.45	160000	57.46646	0.0	14315696	75	160.0
1606499875.71	160000	58.206859	0.0	23283631	120	160.0
1606499876.12	160000	58.801288	0.0	37521367	185	160.0
1606499876.35	160000	59.568956	0.0	22241104	109	160.0
1606499877.03	160000	59.904438	0.0	15813346	77	160.0
1606499878.26	160000	59.905422	0.0	17116450	130	160.0
1606499879.48	160000	59.65635	0.0	18867054	111	160.0
1606499880.18	160000	59.907404	0.0	17393609	86	160.0
1606499881.48	160000	59.658413	0.0	24759401	160	160.0
1606499882.29	160000	59.659365	0.0	25782433	171	160.0
1606499883.09	160000	59.910433	0.0	25885372	136	160.0
1606499884.49	160000	59.661421	0.0	26242011	235	160.0
1606499885.35	160000	59.662457	0.0	23865378	200	160.0
1606499886.2	160000	59.913346	0.0	25470681	210	160.0
1606499887.34	160000	59.664376	0.0	27258768	472	160.0
1606499888.38	160000	59.665343	0.0	17853711	432	160.0
1606499892.39	160000	56.546386	0.0	14829893	3916	160.0
1606499894.64	160000	55.29509	0.0	27779697	2099	160.0
1606499896.83	160000	54.103869	0.0	27714923	2033	160.0
1606499898.04	160000	53.892499	0.0	25946474	1064	160.0
1606499898.43	160000	54.504642	0.0	19596259	273	160.0
1606499898.88	160000	55.059883	0.0	23774167	310	160.0
1606499899.2	160000	55.733973	0.0	19373656	199	160.0
1606499899.59	160000	56.35267	0.0	23977420	246	160.0
1606499899.95	160000	56.988762	0.0	24493733	230	160.0
1606499900.16	160000	57.77662	0.0	14528511	128	160.0
1606499900.42	160000	58.526987	0.0	16841176	148	160.0
1606499900.67	160000	59.274809	0.0	16743604	148	160.0
1606499901.43	160000	59.678363	0.0	17975224	145	160.0
1606499902.24	160000	59.929436	0.0	22329548	174	160.0
1606499903.45	160000	59.680365	0.0	16001583	107	160.0
1606499904.21	160000	59.910313	0.0	18238584	140	160.0
1606499905.48	160000	59.682371	0.0	21308824	138	160.0
1606499906.22	160000	59.93337	0.0	17749058	126	160.0
1606499907.39	160000	59.68437	0.0	14127787	86	160.0
1606499908.1	160000	59.935366	0.0	17525699	109	160.0
1606499909.31	160000	59.686356	0.0	14240042	120	160.0
1606499910.07	160000	59.937327	0.0	20324139	139	160.0
1606499911.31	160000	59.688373	0.0	21993033	118	160.0
1606499912.05	160000	59.93934	0.0	18863108	121	160.0
1606499913.24	160000	59.940362	0.0	15964734	87	160.0
1606499914.34	160000	59.69137	0.0	8284939	46	160.0
1606499915.46	160000	59.692361	0.0	9004706	61	160.0
1606499916.05	160000	59.94337	0.0	6955279	42	160.0
1606499917.2	160000	59.898044	0.0	10701639	72	160.0
1606499918.34	160000	59.695365	0.0	9459459	74	160.0
1606499919.39	160000	59.696341	0.0	3212828	22	160.0
1606499920.43	160000	59.697346	0.0	2509989	16	160.0
1606499921.48	160000	59.698349	0.0	2004927	16	160.0
1606499922.5	160000	59.699339	0.0	591360	5	160.0
1606499923.55	160000	59.884189	0.0	2394426	18	160.0
1606499923.85	40000	1.000999	0.021	336477	2	-3.3599999999999994
1606499924.18	160000	1.979908	0.0	14912671	143	40.0
1606499924.64	160000	2.518206	0.0	24265636	234	160.0
1606499925.0	160000	3.157304	0.0	22711544	221	160.0
1606499925.34	160000	3.820479	0.0	19639705	215	160.0
1606499925.71	160000	4.479023	0.0	20946809	230	160.0
1606499925.91	160000	5.310514	0.0	11895609	131	160.0
1606499926.05	160000	6.174072	0.0	7597636	88	160.0
1606499927.17	160000	6.122219	0.0	56067905	646	160.0
1606499927.89	160000	6.428737	0.0	45444680	486	160.0
1606499930.0	160000	5.379853	0.0	54798068	1802	160.0
1606499936.53	160000	1.121006	1.28	69464107	6116	-44.80000000000001
1606499941.85	160000	1.394908	4.594	50637608	5080	-575.04
1606499942.65	160000	1.600687	0.0	19559369	677	160.0
1606499943.35	160000	1.893047	0.0	22224402	580	160.0
1606499943.98	160000	2.269739	0.0	22578365	494	160.0
1606499944.21	160000	3.040896	0.0	8346702	167	160.0
1606499944.63	160000	3.615943	0.0	15775481	325	160.0
1606499944.88	160000	4.365856	0.0	9163235	189	160.0
1606499945.98	160000	4.272606	0.0	41307095	864	160.0
1606499947.02	160000	4.235726	0.0	28763893	862	160.0
1606499950.09	160000	2.163157	0.0	21266416	2940	160.0
1606499952.44	160000	1.498021	0.677	23702229	2209	51.68000000000001
1606499956.88	160000	1.427135	3.374	27580394	4310	-379.84000000000003
1606499960.05	160000	1.301863	2.043	20329780	3052	-166.88
1606499962.81	160000	1.345888	1.803	16109183	2665	-128.48000000000002
1606499967.53	80000	1.397975	3.77	34554431	4526	-603.2
1606499971.37	80000	1.419735	2.861	37801487	3661	-377.76
