1606473141.09	40000	1.000999	0.053	334476	41	-8.48
1606473142.54	80000	1.163388	0.251	14912671	1246	-0.1599999999999966
1606473144.56	80000	1.362287	1.198	22644885	1882	-111.68
1606473146.04	80000	1.426749	0.503	17135714	1379	-0.480000000000004
1606473146.86	160000	1.629937	0.0	19639705	699	80.0
1606473148.29	160000	1.285321	0.044	20946809	1297	152.96
1606473149.19	160000	1.383478	0.0	11895609	829	160.0
1606473149.8	160000	1.771822	0.0	7597636	561	160.0
1606473152.4	80000	1.333423	1.159	29583867	2380	-185.44
1606473153.39	80000	1.493499	0.14	15816325	881	57.6
1606473155.03	160000	1.354182	0.502	54798068	1256	-0.3199999999999932
1606473156.49	160000	1.345952	0.448	69464107	1043	88.32
1606473157.44	160000	1.396489	0.0	50637608	670	160.0
1606473157.81	160000	2.151454	0.0	19559369	246	160.0
1606473158.23	160000	2.739356	0.0	22224402	276	160.0
1606473158.64	160000	3.332712	0.0	22578365	271	160.0
1606473158.8	160000	4.172022	0.0	8346702	101	160.0
1606473159.09	160000	4.88483	0.0	15775481	191	160.0
1606473159.26	160000	5.708137	0.0	9163235	120	160.0
1606473160.01	160000	5.958173	0.0	41307095	534	160.0
1606473161.06	160000	5.913261	0.0	28763893	864	160.0
1606473162.48	160000	5.49592	0.0	21266416	1295	160.0
1606473164.46	160000	4.515169	0.0	23702229	1836	160.0
1606473166.63	160000	3.361684	0.0	27580394	2000	160.0
1606473168.44	160000	2.533537	0.0	20329780	1678	160.0
1606473169.54	160000	2.440844	0.0	16109183	993	160.0
1606473170.7	80000	2.278897	0.0	34554431	937	0.0
1606473172.27	160000	1.710756	0.0	66935122	1190	80.0
1606473172.6	160000	2.381752	0.0	15251076	239	160.0
1606473172.97	160000	3.015654	0.0	16574034	260	160.0
1606473173.27	160000	3.716923	0.0	13009028	217	160.0
1606473173.57	160000	4.417085	0.0	12791674	213	160.0
1606473173.82	160000	5.163339	0.0	11137898	186	160.0
1606473174.08	160000	5.901186	0.0	11485310	191	160.0
1606473174.38	160000	6.608067	0.0	12428518	219	160.0
1606473174.62	160000	7.365904	0.0	9963766	176	160.0
1606473174.91	160000	8.077828	0.0	12189364	214	160.0
1606473175.38	160000	8.615285	0.0	10142396	393	160.0
1606473176.37	160000	8.621222	0.0	10185488	924	160.0
1606473177.54	160000	8.450341	0.0	14061455	1090	160.0
1606473180.16	160000	6.832563	0.0	20074099	2500	160.0
1606473183.37	80000	4.622832	0.0	26113743	3056	0.0
1606473188.09	80000	1.334985	0.434	22860019	4598	10.560000000000002
1606473188.68	160000	1.739598	0.0	7891151	538	80.0
1606473190.44	160000	1.239458	0.25	21012466	1643	120.0
1606473191.1	160000	1.581305	0.0	23519424	487	160.0
1606473191.49	160000	2.19534	0.0	18715420	271	160.0
1606473191.81	160000	2.868082	0.0	17000816	217	160.0
1606473192.08	160000	3.594616	0.0	14448126	183	160.0
1606473192.24	160000	4.443302	0.0	6958676	103	160.0
1606473192.45	160000	5.228438	0.0	9088791	157	160.0
1606473192.64	160000	6.040716	0.0	7211881	135	160.0
1606473192.72	160000	6.958127	0.0	3063586	53	160.0
1606473192.8	160000	7.884456	0.0	2782179	48	160.0
1606473193.03	160000	8.654083	0.0	9958410	171	160.0
1606473193.3	160000	9.384973	0.0	12158708	198	160.0
1606473193.54	160000	10.147988	0.0	12300216	162	160.0
1606473193.84	160000	10.845836	0.0	15815684	209	160.0
1606473194.1	160000	11.590404	0.0	13526256	178	160.0
1606473194.32	160000	12.37189	0.0	11995130	148	160.0
1606473194.54	160000	13.148107	0.0	13394791	141	160.0
1606473194.78	160000	13.913091	0.0	14135828	151	160.0
1606473195.03	160000	14.661486	0.0	15366126	164	160.0
1606473195.27	160000	15.425598	0.0	14248439	151	160.0
1606473195.5	160000	16.192147	0.0	13843717	149	160.0
1606473195.75	160000	16.944783	0.0	14665119	158	160.0
1606473196.1	160000	17.599973	0.0	21079187	228	160.0
1606473196.5	160000	18.201956	0.0	25480074	259	160.0
1606473196.86	160000	18.841765	0.0	23021754	222	160.0
1606473197.28	160000	19.420488	0.0	27527834	268	160.0
1606473197.69	160000	20.012167	0.0	26155848	253	160.0
1606473197.96	160000	20.737378	0.0	17849379	174	160.0
1606473198.22	160000	21.482547	0.0	16546531	161	160.0
1606473198.73	160000	21.978034	0.0	17718949	397	160.0
1606473199.22	160000	22.482375	0.0	17337137	394	160.0
1606473200.9	160000	21.808508	0.0	20008245	1556	160.0
1606473208.5	160000	15.203687	0.0	58430914	7292	160.0
1606473211.4	160000	13.310298	0.0	16292703	2786	160.0
1606473212.77	160000	12.935683	0.0	25587422	1230	160.0
1606473213.49	160000	13.216398	0.0	23982306	582	160.0
1606473213.81	160000	13.905526	0.0	13347845	221	160.0
1606473214.14	160000	14.572937	0.0	14337991	250	160.0
1606473214.46	160000	15.256173	0.0	14584990	234	160.0
1606473214.75	160000	15.96128	0.0	13962401	215	160.0
1606473215.05	160000	16.669379	0.0	14393788	207	160.0
1606473215.35	160000	17.361859	0.0	14649457	223	160.0
1606473215.65	160000	18.06814	0.0	13409715	216	160.0
1606473215.94	160000	18.779045	0.0	13909605	208	160.0
1606473216.21	160000	19.504303	0.0	13301968	199	160.0
1606473216.58	160000	20.142668	0.0	19025846	247	160.0
1606473216.92	160000	20.804504	0.0	19295426	221	160.0
1606473217.23	160000	21.488025	0.0	18261873	212	160.0
1606473217.58	160000	22.140539	0.0	19847604	227	160.0
1606473217.9	160000	22.821158	0.0	18767181	209	160.0
1606473218.29	160000	23.438878	0.0	22420858	256	160.0
1606473218.64	160000	24.090407	0.0	19324333	231	160.0
1606473219.0	160000	24.7257	0.0	20392234	250	160.0
1606473219.14	160000	25.583406	0.0	7671072	94	160.0
1606473219.48	160000	26.249105	0.0	17781906	216	160.0
1606473219.7	160000	27.030185	0.0	12839336	141	160.0
1606473219.88	160000	27.846533	0.0	10779770	118	160.0
1606473220.13	160000	28.602473	0.0	14606687	159	160.0
1606473220.83	160000	28.900681	0.0	41866951	452	160.0
1606473221.46	160000	29.278313	0.0	37238410	398	160.0
1606473221.67	160000	30.065385	0.0	14347759	128	160.0
1606473221.84	160000	30.894294	0.0	11399187	104	160.0
1606473222.0	160000	31.736064	0.0	10358641	94	160.0
1606473222.21	160000	32.525852	0.0	14315696	130	160.0
1606473222.55	160000	33.186776	0.0	23283631	207	160.0
1606473223.08	160000	33.659486	0.0	37521367	304	160.0
1606473223.39	160000	34.352442	0.0	22241104	180	160.0
1606473223.59	160000	35.155307	0.0	15813346	97	160.0
1606473223.79	160000	35.951125	0.0	17116450	105	160.0
1606473224.02	160000	36.723205	0.0	18867054	116	160.0
1606473224.23	160000	37.514386	0.0	17393609	107	160.0
1606473224.54	160000	38.208246	0.0	24759401	154	160.0
1606473224.84	160000	38.906276	0.0	25782433	157	160.0
1606473225.15	160000	39.595339	0.0	25885372	158	160.0
1606473225.47	160000	40.2839	0.0	26242011	159	160.0
1606473225.75	160000	40.995015	0.0	23865378	143	160.0
1606473226.06	160000	41.69422	0.0	25470681	154	160.0
1606473226.38	160000	42.369006	0.0	27258768	165	160.0
1606473226.57	160000	43.178326	0.0	17853711	91	160.0
1606473226.73	160000	44.023303	0.0	14829893	73	160.0
1606473227.02	160000	44.732307	0.0	27779697	138	160.0
1606473227.32	160000	45.439916	0.0	27714923	137	160.0
1606473227.61	160000	46.149218	0.0	25946474	129	160.0
1606473227.82	160000	46.938109	0.0	19596259	98	160.0
1606473228.07	160000	47.687335	0.0	23774167	117	160.0
1606473228.28	160000	48.478535	0.0	19373656	96	160.0
1606473228.53	160000	49.227965	0.0	23977420	119	160.0
1606473228.79	160000	49.969461	0.0	24493733	121	160.0
1606473228.95	160000	50.81514	0.0	14528511	72	160.0
1606473229.13	160000	51.634057	0.0	16841176	83	160.0
1606473229.31	160000	52.452425	0.0	16743604	81	160.0
1606473229.51	160000	53.25842	0.0	17975224	89	160.0
1606473229.75	160000	54.01936	0.0	22329548	107	160.0
1606473229.92	160000	54.844567	0.0	16001583	78	160.0
1606473230.12	160000	55.648615	0.0	18238584	88	160.0
1606473230.35	160000	56.415763	0.0	21308824	103	160.0
1606473230.55	160000	57.223788	0.0	17749058	89	160.0
1606473230.72	160000	58.060862	0.0	14127787	81	160.0
1606473230.92	160000	58.85096	0.0	17525699	99	160.0
1606473231.09	160000	59.682481	0.0	14240042	88	160.0
1606473232.33	160000	59.622467	0.0	20324139	117	160.0
1606473233.08	160000	59.873417	0.0	21993033	127	160.0
1606473234.29	160000	59.624457	0.0	18863108	90	160.0
1606473234.96	160000	59.875499	0.0	15964734	78	160.0
1606473236.06	160000	59.876484	0.0	8284939	43	160.0
1606473237.16	160000	59.627481	0.0	9004706	44	160.0
1606473238.24	160000	59.628464	0.0	6955279	37	160.0
1606473239.37	160000	59.629448	0.0	10701639	60	160.0
1606473239.98	160000	59.880459	0.0	9459459	48	160.0
1606473241.05	160000	59.88152	0.0	3212828	41	160.0
1606473242.25	160000	59.632508	0.0	2509989	169	160.0
1606473242.99	160000	59.883452	0.0	2004927	215	160.0
1606473244.02	160000	59.88446	0.0	591360	12	160.0
1606473245.58	160000	59.819292	0.0	2394426	30	160.0
1606473245.93	40000	1.000999	0.029	336477	4	-4.640000000000001
1606473246.29	160000	1.969866	0.0	14912671	184	40.0
1606473246.87	160000	2.392742	0.0	24265636	358	160.0
1606473247.52	160000	2.748879	0.0	22711544	495	160.0
1606473249.36	160000	2.026131	0.0	19639705	1725	160.0
1606473250.8	160000	1.662813	0.0	20946809	1317	160.0
1606473251.22	160000	2.24088	0.0	11895609	345	160.0
1606473251.5	160000	2.96615	0.0	7597636	221	160.0
1606473252.85	160000	2.621887	0.0	56067905	890	160.0
1606473253.8	160000	2.66774	0.0	45444680	719	160.0
1606473255.14	160000	2.330273	0.0	54798068	1036	160.0
1606473256.77	160000	1.699511	0.0	69464107	1165	160.0
1606473258.22	160000	1.358346	0.119	50637608	1163	140.96
1606473258.68	160000	1.896877	0.0	19559369	343	160.0
1606473259.01	160000	2.572994	0.0	22224402	189	160.0
1606473259.33	160000	3.249144	0.0	22578365	191	160.0
1606473259.46	160000	4.124962	0.0	8346702	71	160.0
1606473259.69	160000	4.896954	0.0	15775481	134	160.0
1606473259.82	160000	5.763893	0.0	9163235	75	160.0
1606473260.39	160000	6.199441	0.0	41307095	335	160.0
1606473260.8	160000	6.786696	0.0	28763893	237	160.0
1606473261.11	160000	7.476921	0.0	21266416	187	160.0
1606473261.48	160000	8.113078	0.0	23702229	209	160.0
1606473261.85	160000	8.751473	0.0	27580394	203	160.0
1606473262.09	160000	9.498384	0.0	20329780	112	160.0
1606473262.28	160000	10.314177	0.0	16109183	90	160.0
1606473262.95	160000	10.649062	0.0	58830800	333	160.0
1606473263.99	160000	10.606955	0.0	66935122	682	160.0
