1606544542.16	40000	1.000999	0.018	334476	6	-2.8800000000000026
1606544542.69	160000	1.865034	0.0	14912671	294	40.0
1606544544.54	160000	1.336382	0.278	24265636	1670	115.52000000000001
1606544546.15	160000	1.434661	0.683	22711544	1478	50.72
1606544546.48	160000	2.109874	0.0	19639705	207	160.0
1606544546.83	160000	2.788831	0.0	20946809	221	160.0
1606544547.04	160000	3.582869	0.0	11895609	125	160.0
1606544547.14	160000	4.481768	0.0	7597636	48	160.0
1606544547.97	160000	4.728005	0.0	56067905	348	160.0
1606544548.5	160000	5.196708	0.0	45444680	277	160.0
1606544549.13	160000	5.566187	0.0	54798068	332	160.0
1606544552.19	160000	3.511081	0.0	69464107	2574	160.0
1606544556.5	160000	1.313354	1.121	50637608	4056	-19.360000000000014
1606544558.14	160000	1.463702	0.803	19559369	1544	31.52000000000001
1606544558.86	80000	1.748301	0.0	9055732	647	0.0
1606544560.38	160000	1.278164	0.051	22578365	1400	71.84
1606544560.68	160000	1.977369	0.0	8346702	245	160.0
1606544561.26	160000	2.402207	0.0	15775481	477	160.0
1606544561.62	160000	3.038827	0.0	9163235	308	160.0
1606544562.91	160000	2.754871	0.0	41307095	1061	160.0
1606544563.66	160000	3.004874	0.0	28763893	588	160.0
1606544564.21	160000	3.459966	0.0	21266416	424	160.0
1606544564.82	160000	3.851058	0.0	23702229	458	160.0
1606544568.21	160000	1.453816	0.0	27580394	3218	160.0
1606544569.92	160000	1.327572	0.575	20329780	1598	68.0
1606544570.89	160000	1.386543	0.036	16109183	872	154.24
1606544573.63	160000	1.418438	1.767	58830800	2458	-122.72000000000003
1606544576.88	160000	1.341429	2.169	66935122	2929	-187.04000000000002
1606544577.46	160000	1.755805	0.0	15251076	494	160.0
1606544578.02	160000	2.202724	0.0	16574034	453	160.0
1606544578.51	160000	2.711477	0.0	13009028	404	160.0
1606544579.04	160000	3.180166	0.0	12791674	455	160.0
1606544579.44	160000	3.780947	0.0	11137898	334	160.0
1606544579.82	160000	4.409227	0.0	11485310	302	160.0
1606544580.22	160000	5.007772	0.0	12428518	327	160.0
1606544580.64	160000	5.583424	0.0	9963766	359	160.0
1606544581.15	160000	6.077637	0.0	12189364	433	160.0
1606544583.7	160000	4.527855	0.0	10142396	2486	160.0
1606544584.59	160000	4.641483	0.0	10185488	823	160.0
1606544585.76	160000	4.472595	0.0	14061455	1085	160.0
1606544587.62	160000	3.60808	0.0	20074099	1745	160.0
1606544589.87	80000	2.364644	0.0	26113743	2092	0.0
1606544591.75	80000	1.483795	0.0	22860019	1741	80.0
1606544592.35	160000	1.881519	0.0	7891151	546	80.0
1606544594.01	160000	1.394116	0.171	21012466	1551	132.64
1606544595.83	160000	1.310254	0.734	23519424	1692	42.56
1606544597.43	160000	1.28321	0.568	18715420	1498	69.12
1606544598.79	160000	1.369459	0.448	17000816	1272	88.32
1606544600.0	160000	1.318146	0.159	14448126	1132	134.56
1606544600.59	160000	1.72689	0.0	6958676	545	160.0
1606544601.31	160000	2.009163	0.0	9088791	660	160.0
1606544601.99	160000	2.334515	0.0	7211881	627	160.0
1606544602.28	160000	3.038431	0.0	3063586	268	160.0
1606544602.53	160000	3.791868	0.0	2782179	222	160.0
1606544603.37	160000	3.951593	0.0	9958410	779	160.0
1606544604.31	160000	4.013144	0.0	12158708	859	160.0
1606544605.37	160000	3.957471	0.0	12300216	982	160.0
1606544606.54	160000	3.786554	0.0	15815684	1077	160.0
1606544607.58	160000	3.750427	0.0	13526256	959	160.0
1606544608.57	160000	3.757165	0.0	11995130	922	160.0
1606544609.76	160000	3.574293	0.0	13394791	1104	160.0
1606544610.93	160000	3.404279	0.0	14135828	1085	160.0
1606544612.19	160000	3.144234	0.0	15366126	1176	160.0
1606544613.36	160000	2.970088	0.0	14248439	1090	160.0
1606544614.61	160000	2.725022	0.0	13843717	1162	160.0
1606544615.91	160000	2.430047	0.0	14665119	1206	160.0
1606544617.5	160000	1.832704	0.0	21079187	1476	160.0
1606544620.06	160000	1.495286	1.221	25480074	2434	-35.360000000000014
1606544621.85	160000	1.467094	0.755	23021754	1668	39.2
1606544624.31	160000	1.472777	1.465	27527834	2328	-74.4
1606544626.64	160000	1.438439	1.297	26155848	2192	-47.52000000000001
1606544628.15	160000	1.485597	0.56	17849379	1423	70.4
1606544629.58	160000	1.2961	0.235	16546531	1340	122.4
1606544630.91	160000	1.28252	0.322	17718949	1239	108.47999999999999
1606544632.01	160000	1.348943	0.172	17337137	1011	132.48
1606544633.19	160000	1.25561	0.052	20008245	1060	151.68
1606544635.81	160000	1.309206	1.671	58430914	2343	-107.36000000000001
1606544637.18	160000	1.481191	0.548	16292703	1290	72.32
1606544638.57	160000	1.28011	0.182	25587422	1258	130.88
1606544644.5	160000	1.462742	5.116	23982306	5798	-658.56
1606544645.13	160000	1.82912	0.0	13347845	554	160.0
1606544645.76	160000	2.201585	0.0	14337991	544	160.0
1606544646.35	160000	2.612549	0.0	14584990	505	160.0
1606544646.89	160000	3.077693	0.0	13962401	454	160.0
1606544647.43	160000	3.532656	0.0	14393788	459	160.0
1606544647.98	160000	3.99258	0.0	14649457	457	160.0
1606544648.47	160000	4.503017	0.0	13409715	413	160.0
1606544648.95	160000	5.017505	0.0	13909605	406	160.0
1606544649.41	160000	5.564176	0.0	13301968	376	160.0
1606544650.03	160000	5.938175	0.0	19025846	511	160.0
1606544650.65	160000	6.320242	0.0	19295426	505	160.0
1606544651.22	160000	6.75494	0.0	18261873	456	160.0
1606544651.83	160000	7.150779	0.0	19847604	483	160.0
1606544652.35	160000	7.626351	0.0	18767181	404	160.0
1606544652.95	160000	8.025709	0.0	22420858	472	160.0
1606544653.46	160000	8.51569	0.0	19324333	393	160.0
1606544653.99	160000	8.985883	0.0	20392234	412	160.0
1606544654.19	160000	9.78606	0.0	7671072	150	160.0
1606544654.65	160000	10.335834	0.0	17781906	347	160.0
1606544654.95	160000	11.030088	0.0	12839336	228	160.0
1606544655.21	160000	11.772586	0.0	10779770	192	160.0
1606544655.57	160000	12.42038	0.0	14606687	267	160.0
1606544656.54	160000	12.444857	0.0	41866951	726	160.0
1606544657.47	160000	12.513469	0.0	37238410	706	160.0
1606544657.82	160000	13.168665	0.0	14347759	262	160.0
1606544658.06	160000	13.926173	0.0	11399187	175	160.0
1606544658.29	160000	14.700972	0.0	10358641	159	160.0
1606544658.6	160000	15.394859	0.0	14315696	224	160.0
1606544659.08	160000	15.910405	0.0	23283631	351	160.0
1606544659.87	160000	16.126131	0.0	37521367	563	160.0
1606544660.37	160000	16.621215	0.0	22241104	377	160.0
1606544660.74	160000	17.253695	0.0	15813346	268	160.0
1606544661.32	160000	17.677066	0.0	17116450	471	160.0
1606544668.07	160000	11.928721	0.0	18867054	6626	160.0
1606544670.38	160000	10.616747	0.0	17393609	2204	160.0
1606544673.17	160000	8.825159	0.0	24759401	2644	160.0
1606544675.31	160000	7.686557	0.0	25782433	1986	160.0
1606544677.08	160000	6.917037	0.0	25885372	1604	160.0
1606544677.68	160000	7.319181	0.0	26242011	447	160.0
1606544678.24	160000	7.759933	0.0	23865378	391	160.0
1606544678.82	160000	8.182199	0.0	25470681	432	160.0
1606544679.45	160000	8.551109	0.0	27258768	453	160.0
1606544679.86	160000	9.147829	0.0	17853711	293	160.0
1606544680.2	160000	9.808077	0.0	14829893	253	160.0
1606544680.84	160000	10.170451	0.0	27779697	474	160.0
1606544681.41	160000	10.597077	0.0	27714923	415	160.0
1606544681.94	160000	11.066558	0.0	25946474	374	160.0
1606544682.35	160000	11.656403	0.0	19596259	293	160.0
1606544682.86	160000	12.150316	0.0	23774167	361	160.0
1606544683.46	160000	12.553636	0.0	19373656	480	160.0
1606544690.07	160000	6.943468	0.0	23977420	6468	160.0
1606544691.32	160000	6.697589	0.0	24493733	1096	160.0
1606544691.74	160000	7.274603	0.0	14528511	337	160.0
1606544692.15	160000	7.862107	0.0	16841176	304	160.0
1606544692.51	160000	8.507792	0.0	16743604	246	160.0
1606544692.89	160000	9.133708	0.0	17975224	265	160.0
1606544693.33	160000	9.690155	0.0	22329548	312	160.0
1606544693.65	160000	10.367289	0.0	16001583	223	160.0
1606544694.02	160000	11.001962	0.0	18238584	254	160.0
1606544694.44	160000	11.581359	0.0	21308824	292	160.0
1606544694.79	160000	12.233752	0.0	17749058	242	160.0
1606544695.07	160000	12.958611	0.0	14127787	193	160.0
1606544695.42	160000	13.609255	0.0	17525699	238	160.0
1606544695.71	160000	14.318618	0.0	14240042	206	160.0
1606544696.12	160000	14.906986	0.0	20324139	296	160.0
1606544696.64	160000	15.393508	0.0	21993033	385	160.0
1606544697.08	160000	15.951968	0.0	18863108	322	160.0
1606544697.42	160000	16.60974	0.0	15964734	246	160.0
1606544697.6	160000	17.429454	0.0	8284939	128	160.0
1606544697.8	160000	18.234205	0.0	9004706	139	160.0
1606544697.95	160000	19.08032	0.0	6955279	107	160.0
1606544698.22	160000	19.817879	0.0	10701639	184	160.0
1606544698.44	160000	20.592293	0.0	9459459	166	160.0
1606544698.53	160000	21.508615	0.0	3212828	56	160.0
1606544698.6	160000	22.435885	0.0	2509989	45	160.0
1606544698.66	160000	23.376767	0.0	2004927	35	160.0
1606544698.69	160000	24.351368	0.0	591360	10	160.0
1606544698.75	160000	25.719913	0.0	2394426	42	160.0
1606544699.11	40000	1.000999	0.034	336477	4	-5.439999999999998
1606544699.5	160000	1.947715	0.0	14912671	210	40.0
1606544700.06	160000	2.384132	0.0	24265636	341	160.0
1606544700.53	160000	2.922721	0.0	22711544	316	160.0
1606544700.91	160000	3.538395	0.0	19639705	272	160.0
1606544701.43	160000	4.092873	0.0	20946809	387	160.0
1606544701.73	160000	4.834313	0.0	11895609	228	160.0
1606544701.93	160000	5.638989	0.0	7597636	145	160.0
1606544706.66	160000	2.005359	0.0	56067905	4248	160.0
1606544707.96	160000	1.699652	0.0	45444680	1049	160.0
1606544709.16	160000	1.503183	0.0	54798068	893	160.0
1606544710.68	160000	1.219452	0.201	69464107	1037	127.84
1606544711.68	160000	1.316736	0.087	50637608	706	146.08
1606544712.07	160000	1.957558	0.0	19559369	263	160.0
1606544712.5	160000	2.529816	0.0	22224402	295	160.0
1606544712.94	160000	3.096715	0.0	22578365	300	160.0
1606544713.12	160000	3.918469	0.0	8346702	125	160.0
1606544713.43	160000	4.607327	0.0	15775481	200	160.0
1606544713.61	160000	5.428887	0.0	9163235	116	160.0
1606544714.36	160000	5.681121	0.0	41307095	520	160.0
1606544714.89	160000	6.150029	0.0	28763893	352	160.0
1606544715.29	160000	6.745888	0.0	21266416	281	160.0
1606544715.79	160000	7.247679	0.0	23702229	339	160.0
1606544716.33	160000	7.710352	0.0	27580394	385	160.0
1606544716.74	160000	8.304007	0.0	20329780	272	160.0
1606544717.05	160000	8.99208	0.0	16109183	213	160.0
1606544718.18	160000	8.860889	0.0	58830800	787	160.0
