1606461274.77	40000	1.000999	0.342	334476	330	-54.72
1606461276.45	80000	1.307685	0.619	14912671	1479	-59.040000000000006
1606461278.28	80000	1.340634	0.837	22644885	1684	-53.91999999999999
1606461279.85	80000	1.427641	0.635	17135714	1480	-21.599999999999994
1606461280.92	80000	1.378963	0.0	13114792	996	80.0
1606461282.68	160000	1.292743	0.632	20946809	1644	-21.120000000000005
1606461283.63	160000	1.425404	0.075	11895609	875	148.0
1606461284.24	160000	1.814004	0.0	7597636	556	160.0
1606461286.44	80000	1.252785	0.638	29583867	1977	-102.08
1606461287.6	80000	1.391635	0.297	15816325	1070	32.48
1606461288.88	80000	1.440275	0.332	15275967	1209	26.880000000000003
1606461290.74	80000	1.273621	0.686	20600381	1742	-29.760000000000005
1606461292.36	80000	1.459821	0.805	17710542	1520	-48.80000000000001
1606461295.64	160000	1.266569	2.09	19559369	3168	-254.39999999999998
1606461297.39	160000	1.357129	0.844	22224402	1631	24.960000000000008
1606461310.24	160000	1.837724	0.0	8346702	562	160.0
1606461311.4	160000	1.672211	0.0	15775481	1069	160.0
1606461312.1	160000	1.971591	0.0	9163235	643	160.0
1606461313.68	80000	1.402066	0.0	20277060	1446	0.0
1606461316.21	160000	1.277642	1.406	28763893	2378	-144.96
1606461317.83	160000	1.434278	0.779	21266416	1517	35.36
1606461322.08	160000	1.463454	3.27	23702229	4113	-363.20000000000005
1606461324.39	80000	1.48495	1.338	14862949	2227	-214.08
1606461329.33	160000	1.297399	3.756	20329780	4830	-520.96
1606461330.82	160000	1.331006	0.519	16109183	1401	76.96
1606461339.66	80000	1.351947	7.863	34554431	8664	-1258.08
1606461350.89	80000	1.464823	10.335	37801487	10992	-1573.6
1606461351.52	80000	1.827889	0.0	7180834	582	80.0
1606461352.81	160000	1.543763	0.0	16574034	1178	80.0
1606461354.63	160000	1.3025	0.578	13009028	1753	67.52
1606461356.12	160000	1.382116	0.565	12791674	1419	69.6
1606461357.24	160000	1.448034	0.186	11137898	1061	130.24
1606461358.21	160000	1.473729	0.0	11485310	908	160.0
1606461359.83	160000	1.385606	0.532	12428518	1556	74.88
1606461361.29	160000	1.417876	0.492	9963766	1406	81.28
1606461362.37	160000	1.410219	0.067	12189364	1010	149.28
1606461363.19	160000	1.592343	0.0	10142396	757	160.0
1606461364.06	160000	1.721724	0.0	10185488	807	160.0
1606461365.43	160000	1.480044	0.128	14061455	1296	139.52
1606461366.97	160000	1.3645	0.422	20074099	1437	92.48
1606461369.02	80000	1.287304	0.97	26113743	1915	-155.2
1606461370.99	80000	1.226732	0.905	22860019	1839	-64.80000000000001
1606461371.7	160000	1.520188	0.0	7891151	652	80.0
1606461373.32	160000	1.415698	0.519	21012466	1515	76.96
1606461380.42	160000	1.419741	6.106	23519424	6979	-816.96
1606461383.16	160000	1.287166	1.606	18715420	2644	-96.95999999999998
1606461384.75	160000	1.401174	0.695	17000816	1495	48.8
1606461385.86	160000	1.32792	0.036	14448126	1024	154.24
1606461386.41	160000	1.770956	0.0	6958676	510	160.0
1606461387.12	160000	2.061905	0.0	9088791	653	160.0
1606461387.68	160000	2.508603	0.0	7211881	500	160.0
1606461388.28	160000	2.902482	0.0	3063586	580	160.0
1606461389.07	160000	3.120176	0.0	2782179	756	160.0
1606461390.48	160000	2.712539	0.0	9958410	1349	160.0
1606461393.25	160000	1.389572	0.45	12158708	2712	88.0
1606461396.26	160000	1.341245	1.963	12300216	2948	-154.07999999999998
1606461397.53	160000	1.305001	0.225	15815684	1175	124.0
1606461398.58	160000	1.280309	0.031	13526256	975	155.04
1606461399.5	160000	1.371839	0.0	11995130	836	160.0
1606461400.5	160000	1.359693	0.0	13394791	925	160.0
1606461401.57	160000	1.293913	0.0	14135828	990	160.0
1606461402.73	160000	1.31597	0.178	15366126	1078	131.52
1606461405.17	160000	1.494529	1.618	14248439	2366	-98.88
1606461407.38	160000	1.343854	1.057	13843717	2136	-9.120000000000005
1606461408.64	160000	1.420346	0.335	14665119	1187	106.4
1606461410.18	160000	1.238483	0.356	21079187	1426	103.03999999999999
1606461412.5	160000	1.36424	1.452	25480074	2193	-72.32
1606461417.22	160000	1.31667	3.665	23021754	4578	-426.4
1606461427.23	160000	1.482253	9.173	27527834	9854	-1307.68
1606461430.6	160000	1.407281	2.301	26155848	3237	-208.16000000000003
1606461432.29	160000	1.458849	0.743	17849379	1601	41.120000000000005
1606461433.8	160000	1.453152	0.503	16546531	1423	79.52
1606461437.44	160000	1.45774	2.636	17718949	3536	-261.76
1606461445.38	160000	1.345677	6.829	17337137	7843	-932.6400000000001
1606461455.11	160000	1.426265	8.805	20008245	9621	-1248.8
1606461464.22	160000	1.361861	8.045	58430914	8694	-1127.2
1606461465.63	160000	1.277672	0.328	16292703	1315	107.52000000000001
1606461467.89	160000	1.356713	1.34	25587422	2136	-54.400000000000006
1606461469.71	160000	1.446528	0.911	23982306	1703	14.240000000000009
1606461470.77	160000	1.419946	0.033	13347845	977	154.72
1606461471.88	160000	1.393343	0.075	14337991	1023	148.0
1606461473.11	160000	1.468616	0.314	14584990	1164	109.75999999999999
1606461474.2	160000	1.387175	0.0	13962401	1002	160.0
1606461475.34	160000	1.278035	0.034	14393788	1065	154.56
1606461476.5	160000	1.318207	0.195	14649457	1080	128.8
1606461477.68	160000	1.264477	0.125	13409715	1106	140.0
1606461478.99	160000	1.390517	0.444	13909605	1247	88.96
1606461480.17	160000	1.327614	0.107	13301968	1100	142.88
1606461481.71	160000	1.442828	0.663	19025846	1447	53.92
1606461483.5	160000	1.356594	0.702	19295426	1692	47.68000000000001
1606461485.54	160000	1.309852	0.985	18261873	1939	2.4000000000000057
1606461487.04	160000	1.296203	0.488	19847604	1396	81.92
1606461488.89	160000	1.285094	0.842	18767181	1755	25.28
1606461491.21	160000	1.377571	1.411	22420858	2205	-65.75999999999999
1606461494.75	160000	1.289668	2.454	19324333	3437	-232.64
1606461497.06	160000	1.493504	1.507	20392234	2200	-81.12
1606461497.68	160000	1.875272	0.0	7671072	566	160.0
1606461499.29	160000	1.265944	0.0	17781906	1514	160.0
1606461500.38	160000	1.254238	0.082	12839336	1023	146.88
1606461501.83	160000	1.337876	0.532	10779770	1391	74.88
1606461503.29	160000	1.371268	0.49	14606687	1386	81.6
