1606529812.73	40000	1.000999	0.038	334476	27	-6.079999999999998
1606529814.22	80000	1.146562	0.252	14912671	1264	-0.3200000000000003
1606529816.75	80000	1.346654	1.7	22644885	2384	-192.0
1606529817.72	80000	1.418663	0.0	17135714	855	80.0
1606529818.06	160000	2.080785	0.0	19639705	215	80.0
1606529818.43	160000	2.734987	0.0	20946809	239	160.0
1606529818.63	160000	3.535818	0.0	11895609	126	160.0
1606529818.75	160000	4.414222	0.0	7597636	74	160.0
1606529819.82	160000	4.397237	0.0	56067905	544	160.0
1606529821.6	160000	3.612226	0.0	45444680	1532	160.0
1606529826.09	160000	1.277122	1.154	54798068	4211	-24.639999999999986
1606529827.85	80000	1.406123	0.918	20600381	1651	-146.88
1606529832.39	160000	1.324454	3.455	50637608	4271	-472.79999999999995
1606529833.78	160000	1.279928	0.345	19559369	1286	104.8
1606529834.38	160000	1.676157	0.0	22224402	476	160.0
1606529834.99	160000	2.078132	0.0	22578365	464	160.0
1606529835.2	160000	2.854914	0.0	8346702	160	160.0
1606529835.6	160000	3.456608	0.0	15775481	303	160.0
1606529835.85	160000	4.213322	0.0	9163235	183	160.0
1606529836.91	160000	4.156304	0.0	41307095	828	160.0
1606529837.56	160000	4.504824	0.0	28763893	488	160.0
1606529838.03	160000	5.036455	0.0	21266416	346	160.0
1606529838.55	160000	5.513954	0.0	23702229	382	160.0
1606529840.91	160000	4.157367	0.0	27580394	2194	160.0
1606529848.28	160000	1.378585	3.601	20329780	7268	-416.15999999999997
1606529850.82	160000	1.459875	1.615	16109183	2446	-98.39999999999998
1606529853.64	80000	1.312039	1.678	34554431	2639	-268.48
1606529856.4	80000	1.274067	1.713	37801487	2556	-194.07999999999998
1606529857.08	160000	1.597751	0.0	15251076	579	80.0
1606529857.87	160000	1.805313	0.0	16574034	682	160.0
1606529858.64	160000	2.037016	0.0	13009028	693	160.0
1606529860.33	160000	1.491766	0.146	12791674	1626	136.64
1606529862.25	160000	1.38902	0.82	11137898	1865	28.80000000000001
1606529865.0	160000	1.459523	1.82	11485310	2688	-131.2
1606529867.18	160000	1.279844	1.003	12428518	2119	-0.47999999999998977
1606529868.09	160000	1.375929	0.0	9963766	843	160.0
1606529868.99	160000	1.478137	0.0	12189364	826	160.0
1606529869.73	160000	1.737645	0.0	10142396	678	160.0
1606529870.49	160000	1.981826	0.0	10185488	694	160.0
1606529871.63	160000	1.841786	0.0	14061455	1060	160.0
1606529873.26	160000	1.256893	0.046	20074099	1522	152.64
1606529875.46	80000	1.33548	1.272	26113743	2053	-203.52
1606529876.46	80000	1.352312	0.023	22860019	870	76.32
1606529876.74	160000	2.076297	0.0	7891151	214	80.0
1606529877.39	160000	2.421811	0.0	21012466	533	160.0
1606529878.13	160000	2.684855	0.0	23519424	602	160.0
1606529878.78	160000	3.036784	0.0	18715420	539	160.0
1606529880.03	160000	2.782803	0.0	17000816	1152	160.0
1606529881.16	160000	2.654316	0.0	14448126	1046	160.0
1606529881.76	160000	3.063632	0.0	6958676	543	160.0
1606529882.51	160000	3.307061	0.0	9088791	692	160.0
1606529883.11	160000	3.710243	0.0	7211881	548	160.0
1606529883.37	160000	4.449945	0.0	3063586	234	160.0
1606529883.62	160000	5.205178	0.0	2782179	212	160.0
1606529884.42	160000	5.404841	0.0	9958410	738	160.0
1606529885.35	160000	5.475331	0.0	12158708	858	160.0
1606529886.36	160000	5.470095	0.0	12300216	931	160.0
1606529887.88	160000	4.949395	0.0	15815684	1427	160.0
1606529889.02	160000	4.808596	0.0	13526256	1063	160.0
1606529890.08	160000	4.749078	0.0	11995130	988	160.0
1606529891.2	160000	4.635226	0.0	13394791	1032	160.0
1606529892.33	160000	4.503952	0.0	14135828	1049	160.0
1606529893.8	160000	4.02935	0.0	15366126	1376	160.0
1606529895.17	160000	3.660316	0.0	14248439	1281	160.0
1606529896.48	160000	3.355981	0.0	13843717	1223	160.0
1606529897.22	160000	3.619443	0.0	14665119	651	160.0
1606529897.71	160000	4.128943	0.0	21079187	358	160.0
1606529898.25	160000	4.586004	0.0	25480074	399	160.0
1606529898.67	160000	5.171726	0.0	23021754	277	160.0
1606529899.15	160000	5.687942	0.0	27527834	324	160.0
1606529899.57	160000	6.270969	0.0	26155848	265	160.0
1606529899.87	160000	6.978902	0.0	17849379	181	160.0
1606529900.14	160000	7.704955	0.0	16546531	167	160.0
1606529900.41	160000	8.430259	0.0	17718949	171	160.0
1606529900.69	160000	9.158677	0.0	17337137	167	160.0
1606529901.0	160000	9.843461	0.0	20008245	194	160.0
1606529902.06	160000	9.786006	0.0	58430914	656	160.0
1606529902.34	160000	10.510952	0.0	16292703	161	160.0
1606529902.74	160000	11.112305	0.0	25587422	252	160.0
1606529903.12	160000	11.732607	0.0	23982306	237	160.0
1606529904.34	160000	11.509873	0.0	13347845	1135	160.0
1606529905.42	160000	11.431801	0.0	14337991	992	160.0
1606529906.21	160000	11.64527	0.0	14584990	703	160.0
1606529906.48	160000	12.378238	0.0	13962401	185	160.0
1606529906.75	160000	13.109628	0.0	14393788	184	160.0
1606529907.02	160000	13.837973	0.0	14649457	187	160.0
1606529907.51	160000	14.342551	0.0	13409715	415	160.0
1606529908.11	160000	14.744829	0.0	13909605	519	160.0
1606529909.08	160000	14.776528	0.0	13301968	889	160.0
1606529910.55	160000	14.305946	0.0	19025846	1352	160.0
1606529911.36	160000	14.499097	0.0	19295426	692	160.0
1606529911.71	160000	15.154361	0.0	18261873	235	160.0
1606529912.09	160000	15.774459	0.0	19847604	255	160.0
1606529912.45	160000	16.410498	0.0	18767181	251	160.0
1606529912.88	160000	16.981328	0.0	22420858	301	160.0
1606529913.29	160000	17.580032	0.0	19324333	285	160.0
1606529913.84	160000	18.025425	0.0	20392234	439	160.0
1606529914.06	160000	18.811175	0.0	7671072	160	160.0
1606529914.97	160000	18.896616	0.0	17781906	807	160.0
1606529916.33	160000	18.539527	0.0	12839336	1281	160.0
1606529917.4	160000	18.466254	0.0	10779770	1010	160.0
1606529918.86	160000	18.007271	0.0	14606687	1376	160.0
1606529922.43	160000	15.445557	0.0	41866951	3315	160.0
1606529923.2	160000	15.678711	0.0	37238410	536	160.0
1606529923.48	160000	16.393335	0.0	14347759	197	160.0
1606529923.71	160000	17.166948	0.0	11399187	156	160.0
1606529923.92	160000	17.957134	0.0	10358641	143	160.0
1606529924.21	160000	18.668122	0.0	14315696	197	160.0
1606529924.65	160000	19.231327	0.0	23283631	298	160.0
1606529925.36	160000	19.518122	0.0	37521367	488	160.0
1606529925.77	160000	20.111019	0.0	22241104	269	160.0
1606529926.07	160000	20.815934	0.0	15813346	191	160.0
1606529926.37	160000	21.508283	0.0	17116450	205	160.0
1606529926.73	160000	22.160497	0.0	18867054	226	160.0
1606529927.04	160000	22.846106	0.0	17393609	208	160.0
1606529927.47	160000	23.412259	0.0	24759401	293	160.0
1606529927.92	160000	23.965741	0.0	25782433	302	160.0
1606529928.42	160000	24.464114	0.0	25885372	341	160.0
1606529929.22	160000	24.669932	0.0	26242011	637	160.0
1606529932.05	160000	22.83894	0.0	23865378	2683	160.0
1606529932.51	160000	23.378222	0.0	25470681	318	160.0
1606529932.86	160000	24.035042	0.0	27258768	182	160.0
1606529933.08	160000	24.816295	0.0	17853711	115	160.0
1606529933.26	160000	25.637607	0.0	14829893	97	160.0
1606529933.6	160000	26.294533	0.0	27779697	189	160.0
1606529933.95	160000	26.950459	0.0	27714923	188	160.0
1606529934.28	160000	27.61748	0.0	25946474	178	160.0
1606529934.52	160000	28.378633	0.0	19596259	122	160.0
1606529934.88	160000	29.014974	0.0	23774167	227	160.0
1606529935.12	160000	29.776567	0.0	19373656	120	160.0
1606529935.44	160000	30.458608	0.0	23977420	178	160.0
1606529935.86	160000	31.049529	0.0	24493733	267	160.0
1606529936.1	160000	31.798838	0.0	14528511	151	160.0
1606529936.38	160000	32.528069	0.0	16841176	172	160.0
1606529936.62	160000	33.289269	0.0	16743604	135	160.0
1606529936.87	160000	34.032707	0.0	17975224	144	160.0
1606529937.19	160000	34.716355	0.0	22329548	180	160.0
1606529937.48	160000	35.425947	0.0	16001583	185	160.0
1606529937.85	160000	36.061439	0.0	18238584	253	160.0
1606529938.28	160000	36.631402	0.0	21308824	296	160.0
1606529938.64	160000	37.269157	0.0	17749058	255	160.0
1606529938.93	160000	37.983322	0.0	14127787	202	160.0
1606529939.28	160000	38.629873	0.0	17525699	251	160.0
1606529939.51	160000	39.403712	0.0	14240042	144	160.0
1606529939.83	160000	40.080086	0.0	20324139	207	160.0
1606529940.19	160000	40.726659	0.0	21993033	224	160.0
1606529940.62	160000	41.301115	0.0	18863108	310	160.0
1606529941.04	160000	41.881551	0.0	15964734	322	160.0
1606529941.26	160000	42.661225	0.0	8284939	167	160.0
1606529942.91	160000	42.010646	0.0	9004706	1594	160.0
1606529943.51	160000	42.412378	0.0	6955279	549	160.0
1606529944.43	160000	42.492381	0.0	10701639	850	160.0
1606529945.24	160000	42.685545	0.0	9459459	745	160.0
1606529946.96	160000	41.96852	0.0	3212828	1688	160.0
1606529949.73	160000	40.191427	0.0	2509989	2751	160.0
1606529949.83	80000	41.097292	0.0	447883	74	0.0
1606529949.95	160000	41.979513	0.0	591360	100	80.0
1606529950.47	160000	42.887241	0.0	2394426	501	160.0
1606529951.1	40000	1.000999	0.217	336477	204	-34.72
1606529956.08	80000	1.491406	4.19	14912671	4849	-630.4
1606529957.83	80000	1.449165	0.687	22644885	1601	-29.92
1606529958.84	80000	1.476275	0.0	17135714	902	80.0
1606529959.76	160000	1.604107	0.0	19639705	791	80.0
1606529960.69	160000	1.698585	0.0	20946809	805	160.0
1606529961.11	160000	2.283834	0.0	11895609	342	160.0
1606529961.39	160000	3.000712	0.0	7597636	229	160.0
1606529963.45	160000	1.943175	0.0	56067905	1540	160.0
1606529964.77	160000	1.623595	0.0	45444680	1057	160.0
1606529966.37	160000	1.250917	0.143	54798068	1312	137.12
1606529969.98	160000	1.394278	2.747	69464107	3199	-279.52
1606529973.08	160000	1.392311	2.103	50637608	2863	-176.48000000000002
1606529973.69	160000	1.784916	0.0	19559369	487	160.0
1606529974.25	160000	2.227315	0.0	22224402	426	160.0
1606529974.8	160000	2.677176	0.0	22578365	419	160.0
1606529975.01	160000	3.469762	0.0	8346702	150	160.0
1606529975.39	160000	4.086703	0.0	15775481	284	160.0
1606529975.6	160000	4.876924	0.0	9163235	150	160.0
1606529976.45	160000	5.028479	0.0	41307095	618	160.0
1606529977.08	160000	5.403132	0.0	28763893	446	160.0
1606529977.54	160000	5.948511	0.0	21266416	331	160.0
1606529977.96	160000	6.524094	0.0	23702229	275	160.0
1606529978.43	160000	7.051953	0.0	27580394	321	160.0
1606529978.79	160000	7.695465	0.0	20329780	224	160.0
1606529979.07	160000	8.422603	0.0	16109183	176	160.0
1606529980.04	160000	8.446172	0.0	58830800	633	160.0
