1606495870.68	40000	1.000999	0.023	334476	12	-3.6799999999999997
1606495871.44	80000	1.621579	0.0	14912671	539	40.0
1606495875.05	160000	1.444622	2.409	24265636	3420	-305.44
1606495876.44	80000	1.435033	0.326	17135714	1289	-52.16
1606495878.05	160000	1.321916	0.471	19639705	1495	4.640000000000001
1606495879.75	160000	1.294323	0.654	20946809	1583	55.36
1606495880.69	160000	1.472715	0.117	11895609	874	141.28
1606495881.36	160000	1.801107	0.0	7597636	622	160.0
1606495883.46	80000	1.341579	0.642	29583867	1912	-102.72
1606495889.02	160000	1.290732	4.504	45444680	5206	-640.64
1606495889.66	80000	1.653651	0.0	15275967	532	0.0
1606495890.18	80000	2.134773	0.0	20600381	401	80.0
1606495891.37	160000	1.939025	0.0	50637608	904	80.0
1606495891.81	160000	2.500484	0.0	19559369	313	160.0
1606495892.29	160000	3.028333	0.0	22224402	340	160.0
1606495892.8	160000	3.519748	0.0	22578365	356	160.0
1606495892.97	160000	4.347112	0.0	8346702	118	160.0
1606495893.3	160000	5.021365	0.0	15775481	226	160.0
1606495893.49	160000	5.829331	0.0	9163235	131	160.0
1606495902.35	160000	1.491418	3.533	41307095	8666	-405.28
1606495904.76	160000	1.275319	1.186	28763893	2252	-29.75999999999999
1606495906.39	160000	1.461641	0.821	21266416	1519	28.639999999999986
1606495908.62	160000	1.283919	1.044	23702229	2100	-7.039999999999992
1606495910.11	160000	1.328846	0.536	27580394	1347	74.24
1606495910.87	160000	1.575092	0.0	20329780	630	160.0
1606495911.33	160000	2.105292	0.0	16109183	359	160.0
1606495913.02	160000	1.416753	0.0	58830800	1297	160.0
1606495917.23	160000	1.315883	3.105	66935122	3880	-336.8
1606495917.89	160000	1.657631	0.0	15251076	551	160.0
1606495918.33	160000	2.218872	0.0	16574034	336	160.0
1606495918.68	160000	2.863641	0.0	13009028	276	160.0
1606495919.03	160000	3.530409	0.0	12791674	256	160.0
1606495919.31	160000	4.237938	0.0	11137898	216	160.0
1606495919.61	160000	4.94469	0.0	11485310	223	160.0
1606495919.91	160000	5.642213	0.0	12428518	229	160.0
1606495920.14	160000	6.415052	0.0	9963766	164	160.0
1606495920.41	160000	7.139763	0.0	12189364	204	160.0
1606495920.65	160000	7.907171	0.0	10142396	170	160.0
1606495920.88	160000	8.672273	0.0	10185488	171	160.0
1606495921.21	160000	9.351637	0.0	14061455	239	160.0
1606495921.66	160000	9.896248	0.0	20074099	341	160.0
1606495922.76	160000	9.800334	0.0	46115254	838	160.0
1606495923.68	160000	9.881105	0.0	40906522	675	160.0
1606495923.86	160000	10.699388	0.0	7891151	129	160.0
1606495924.32	160000	11.245268	0.0	21012466	333	160.0
1606495924.83	160000	11.7372	0.0	23519424	373	160.0
1606495925.24	160000	12.319483	0.0	18715420	299	160.0
1606495925.63	160000	12.939111	0.0	17000816	274	160.0
1606495925.95	160000	13.619131	0.0	14448126	230	160.0
1606495926.11	160000	14.454292	0.0	6958676	107	160.0
1606495926.31	160000	15.253823	0.0	9088791	143	160.0
1606495926.48	160000	16.091848	0.0	7211881	114	160.0
1606495926.55	160000	17.01492	0.0	3063586	48	160.0
1606495926.63	160000	17.944081	0.0	2782179	43	160.0
1606495926.85	160000	18.726743	0.0	9958410	157	160.0
1606495927.11	160000	19.463889	0.0	12158708	186	160.0
1606495927.37	160000	20.198916	0.0	12300216	188	160.0
1606495927.71	160000	20.864258	0.0	15815684	241	160.0
1606495927.98	160000	21.596305	0.0	13526256	192	160.0
1606495928.23	160000	22.351612	0.0	11995130	175	160.0
1606495928.48	160000	23.09872	0.0	13394791	178	160.0
1606495928.75	160000	23.829041	0.0	14135828	189	160.0
1606495929.03	160000	24.547612	0.0	15366126	196	160.0
1606495929.29	160000	25.290005	0.0	14248439	178	160.0
1606495929.54	160000	26.037705	0.0	13843717	173	160.0
1606495929.82	160000	26.759512	0.0	14665119	185	160.0
1606495930.21	160000	27.374634	0.0	21079187	264	160.0
1606495930.68	160000	27.908161	0.0	25480074	318	160.0
1606495931.1	160000	28.482998	0.0	23021754	287	160.0
1606495931.57	160000	29.018859	0.0	27527834	307	160.0
1606495932.02	160000	29.571186	0.0	26155848	289	160.0
1606495932.3	160000	30.286853	0.0	17849379	179	160.0
1606495932.57	160000	31.020811	0.0	16546531	166	160.0
1606495932.87	160000	31.728491	0.0	17718949	177	160.0
1606495933.14	160000	32.456802	0.0	17337137	158	160.0
1606495933.44	160000	33.15793	0.0	20008245	182	160.0
1606495934.34	160000	33.252773	0.0	58430914	588	160.0
1606495934.66	160000	33.935247	0.0	16292703	218	160.0
1606495935.11	160000	34.483503	0.0	25587422	301	160.0
1606495935.48	160000	35.112484	0.0	23982306	235	160.0
1606495935.7	160000	35.902177	0.0	13347845	130	160.0
1606495935.92	160000	36.678758	0.0	14337991	140	160.0
1606495936.16	160000	37.438417	0.0	14584990	151	160.0
1606495936.39	160000	38.207814	0.0	13962401	144	160.0
1606495936.63	160000	38.973275	0.0	14393788	149	160.0
1606495936.86	160000	39.738854	0.0	14649457	151	160.0
1606495937.1	160000	40.509582	0.0	13409715	151	160.0
1606495937.33	160000	41.271877	0.0	13909605	156	160.0
1606495937.56	160000	42.045776	0.0	13301968	150	160.0
1606495937.9	160000	42.707276	0.0	19025846	221	160.0
1606495938.32	160000	43.291975	0.0	19295426	303	160.0
1606495938.71	160000	43.909837	0.0	18261873	276	160.0
1606495939.16	160000	44.455032	0.0	19847604	326	160.0
1606495939.61	160000	45.005439	0.0	18767181	340	160.0
1606495941.36	160000	44.250295	0.0	22420858	1626	160.0
1606495942.96	160000	43.653324	0.0	19324333	1482	160.0
1606495945.14	160000	42.471107	0.0	20392234	2064	160.0
1606495945.86	160000	42.754482	0.0	7671072	667	160.0
1606495946.42	160000	43.196772	0.0	17781906	454	160.0
1606495946.8	160000	43.82107	0.0	12839336	297	160.0
1606495947.17	160000	44.447873	0.0	10779770	310	160.0
1606495947.76	160000	44.855688	0.0	14606687	512	160.0
1606495949.28	160000	44.337476	0.0	41866951	1261	160.0
1606495951.18	160000	43.439331	0.0	37238410	1662	160.0
1606495951.71	160000	43.909144	0.0	14347759	446	160.0
1606495952.28	160000	44.346225	0.0	11399187	495	160.0
1606495953.04	160000	44.579367	0.0	10358641	703	160.0
1606495953.56	160000	45.061864	0.0	14315696	435	160.0
1606495955.28	160000	44.34165	0.0	23283631	1589	160.0
1606495959.47	160000	41.16088	0.0	37521367	3950	160.0
1606495961.2	160000	40.433485	0.0	22241104	1593	160.0
1606495961.71	160000	40.91623	0.0	15813346	415	160.0
1606495962.24	160000	41.386198	0.0	17116450	425	160.0
1606495962.78	160000	41.854463	0.0	18867054	419	160.0
1606495963.25	160000	42.384259	0.0	17393609	364	160.0
1606495963.85	160000	42.778944	0.0	24759401	464	160.0
1606495964.53	160000	43.107459	0.0	25782433	531	160.0
1606495965.27	160000	43.367104	0.0	25885372	569	160.0
1606495966.03	160000	43.601792	0.0	26242011	617	160.0
1606495966.72	160000	43.928009	0.0	23865378	516	160.0
1606495967.4	160000	44.235974	0.0	25470681	537	160.0
1606495968.14	160000	44.500255	0.0	27258768	567	160.0
1606495968.64	160000	45.010612	0.0	17853711	385	160.0
1606495969.04	160000	45.599765	0.0	14829893	319	160.0
1606495969.77	160000	45.869571	0.0	27779697	568	160.0
1606495970.48	160000	46.163462	0.0	27714923	544	160.0
1606495971.14	160000	46.508631	0.0	25946474	500	160.0
1606495971.6	160000	47.043203	0.0	19596259	349	160.0
1606495972.16	160000	47.485316	0.0	23774167	423	160.0
1606495972.63	160000	48.021965	0.0	19373656	344	160.0
1606495973.2	160000	48.444396	0.0	23977420	438	160.0
1606495973.78	160000	48.870611	0.0	24493733	437	160.0
1606495974.12	160000	49.527173	0.0	14528511	259	160.0
1606495974.5	160000	50.154808	0.0	16841176	268	160.0
1606495974.86	160000	50.79206	0.0	16743604	260	160.0
1606495975.26	160000	51.397593	0.0	17975224	277	160.0
1606495975.72	160000	51.93095	0.0	22329548	335	160.0
1606495976.06	160000	52.594311	0.0	16001583	240	160.0
1606495976.45	160000	53.209926	0.0	18238584	280	160.0
1606495976.9	160000	53.754554	0.0	21308824	329	160.0
1606495977.28	160000	54.378853	0.0	17749058	266	160.0
1606495977.56	160000	55.099159	0.0	14127787	199	160.0
1606495977.91	160000	55.750783	0.0	17525699	246	160.0
1606495978.19	160000	56.471041	0.0	14240042	200	160.0
1606495978.58	160000	57.087501	0.0	20324139	267	160.0
1606495978.99	160000	57.674359	0.0	21993033	283	160.0
1606495979.35	160000	58.311852	0.0	18863108	240	160.0
1606495979.66	160000	59.008408	0.0	15964734	200	160.0
1606495979.81	160000	59.852536	0.0	8284939	104	160.0
1606495980.98	160000	59.846064	0.0	9004706	113	160.0
1606495982.14	160000	59.597077	0.0	6955279	106	160.0
1606495982.86	160000	59.847908	0.0	10701639	154	160.0
1606495984.06	160000	59.848905	0.0	9459459	135	160.0
1606495985.27	160000	59.600039	0.0	3212828	183	160.0
1606495985.99	160000	59.850982	0.0	2509989	190	160.0
1606495987.17	160000	59.602045	0.0	2004927	152	160.0
1606495988.2	160000	59.602988	0.0	591360	9	160.0
1606495989.78	160000	59.537876	0.0	2394426	45	160.0
1606495990.1	40000	1.000999	0.021	336477	6	-3.3599999999999994
1606495990.52	160000	1.892221	0.0	14912671	235	40.0
1606495991.1	160000	2.315214	0.0	24265636	356	160.0
1606495991.61	160000	2.802834	0.0	22711544	365	160.0
1606495992.08	160000	3.409952	0.0	19639705	334	160.0
1606495992.74	160000	3.795241	0.0	20946809	532	160.0
1606495993.17	160000	4.391594	0.0	11895609	341	160.0
1606495993.81	160000	4.777119	0.0	7597636	591	160.0
1606495996.57	160000	3.073471	0.0	56067905	2272	160.0
1606495997.82	160000	2.821331	0.0	45444680	1007	160.0
1606495999.25	160000	2.397432	0.0	54798068	1112	160.0
1606496001.02	160000	1.62594	0.0	69464107	1312	160.0
1606496002.34	160000	1.345841	0.046	50637608	1010	152.64
1606496003.17	160000	1.510173	0.0	19559369	712	160.0
1606496004.56	160000	1.42493	0.303	22224402	1276	111.52000000000001
1606496005.96	160000	1.479412	0.456	22578365	1291	87.04
1606496006.46	160000	1.974198	0.0	8346702	443	160.0
1606496007.15	160000	2.291273	0.0	15775481	588	160.0
1606496007.8	160000	2.639484	0.0	9163235	595	160.0
1606496010.41	160000	1.367712	0.338	41307095	2407	105.92
1606496011.42	160000	1.356684	0.0	28763893	832	160.0
1606496012.0	160000	1.779411	0.0	21266416	456	160.0
1606496012.76	160000	2.020257	0.0	23702229	598	160.0
1606496013.71	160000	2.072656	0.0	27580394	791	160.0
1606496014.35	160000	2.438062	0.0	20329780	503	160.0
1606496015.27	160000	2.519256	0.0	16109183	821	160.0
1606496018.92	160000	1.283782	1.419	58830800	3358	-67.03999999999999
1606496021.55	80000	1.437535	1.787	37801487	2441	-285.92
1606496022.95	160000	1.481273	0.437	15251076	1312	10.079999999999998
