1606475152.92	40000	1.000999	0.251	334476	239	-40.16
1606475159.05	80000	1.47951	5.257	14912671	5941	-801.12
1606475162.07	80000	1.320184	1.834	22644885	2870	-213.44
1606475163.37	80000	1.421878	0.383	17135714	1213	18.72
1606475164.36	80000	1.470646	0.0	13114792	896	80.0
1606475166.11	160000	1.284249	0.528	20946809	1627	-4.480000000000004
1606475166.92	160000	1.482336	0.0	11895609	729	160.0
1606475167.4	160000	1.997668	0.0	7597636	428	160.0
1606475168.93	80000	1.463236	0.0	29583867	1290	0.0
1606475170.98	160000	1.141363	0.722	45444680	1699	-35.519999999999996
1606475172.81	160000	1.289529	0.977	54798068	1561	3.680000000000007
1606475174.66	160000	1.265726	0.825	69464107	1435	28.0
1606475175.77	160000	1.222217	0.036	50637608	830	154.24
1606475176.22	160000	1.816871	0.0	19559369	325	160.0
1606475176.71	160000	2.318584	0.0	22224402	367	160.0
1606475177.22	160000	2.809799	0.0	22578365	365	160.0
1606475177.41	160000	3.621462	0.0	8346702	134	160.0
1606475177.75	160000	4.28215	0.0	15775481	244	160.0
1606475177.95	160000	5.086427	0.0	9163235	137	160.0
1606475178.82	160000	5.217701	0.0	41307095	648	160.0
1606475181.53	160000	3.504495	0.0	28763893	2535	160.0
1606475182.91	160000	3.130243	0.0	21266416	1251	160.0
1606475183.63	160000	3.413737	0.0	23702229	557	160.0
1606475184.09	160000	3.950975	0.0	27580394	308	160.0
1606475184.45	160000	4.590862	0.0	20329780	228	160.0
1606475184.72	160000	5.32774	0.0	16109183	166	160.0
1606475185.59	160000	5.457359	0.0	58830800	535	160.0
1606475186.54	160000	5.507513	0.0	66935122	593	160.0
1606475186.77	160000	6.274531	0.0	15251076	144	160.0
1606475187.03	160000	7.014137	0.0	16574034	161	160.0
1606475187.25	160000	7.799205	0.0	13009028	126	160.0
1606475187.45	160000	8.59953	0.0	12791674	124	160.0
1606475187.63	160000	9.421803	0.0	11137898	108	160.0
1606475187.81	160000	10.243702	0.0	11485310	110	160.0
1606475188.0	160000	11.051812	0.0	12428518	119	160.0
1606475188.16	160000	11.897323	0.0	9963766	96	160.0
1606475188.34	160000	12.709878	0.0	12189364	117	160.0
1606475188.51	160000	13.550058	0.0	10142396	98	160.0
1606475188.66	160000	14.394003	0.0	10185488	94	160.0
1606475188.87	160000	15.193109	0.0	14061455	118	160.0
1606475189.15	160000	15.903908	0.0	20074099	168	160.0
1606475189.8	160000	16.261957	0.0	46115254	386	160.0
1606475190.4	160000	16.665114	0.0	40906522	350	160.0
1606475190.52	160000	17.54325	0.0	7891151	67	160.0
1606475191.02	160000	18.039741	0.0	21012466	362	160.0
1606475191.68	160000	18.383162	0.0	23519424	516	160.0
1606475193.83	160000	17.230762	0.0	18715420	2040	160.0
1606475195.28	160000	16.793536	0.0	17000816	1334	160.0
1606475196.67	160000	16.399962	0.0	14448126	1297	160.0
1606475197.2	160000	16.867526	0.0	6958676	484	160.0
1606475197.93	160000	17.139462	0.0	9088791	670	160.0
1606475198.58	160000	17.494	0.0	7211881	596	160.0
1606475198.84	160000	18.232579	0.0	3063586	234	160.0
1606475199.07	160000	18.998846	0.0	2782179	208	160.0
1606475199.89	160000	19.182014	0.0	9958410	755	160.0
1606475200.93	160000	19.145854	0.0	12158708	957	160.0
1606475201.98	160000	19.097237	0.0	12300216	973	160.0
1606475203.21	160000	18.869093	0.0	15815684	1125	160.0
1606475204.27	160000	18.802498	0.0	13526256	989	160.0
1606475205.29	160000	18.785381	0.0	11995130	944	160.0
1606475206.35	160000	18.732593	0.0	13394791	974	160.0
1606475207.45	160000	18.633027	0.0	14135828	1018	160.0
1606475208.65	160000	18.433117	0.0	15366126	1112	160.0
1606475209.88	160000	18.203038	0.0	14248439	1146	160.0
1606475210.96	160000	18.122994	0.0	13843717	999	160.0
1606475212.13	160000	17.949207	0.0	14665119	1083	160.0
1606475213.69	160000	17.398726	0.0	21079187	1433	160.0
1606475215.73	160000	16.360313	0.0	25480074	1892	160.0
1606475217.66	160000	15.429097	0.0	23021754	1799	160.0
1606475220.06	160000	14.027496	0.0	27527834	2246	160.0
1606475222.14	160000	12.949353	0.0	26155848	1920	160.0
1606475223.59	160000	12.500968	0.0	17849379	1346	160.0
1606475224.92	160000	12.174354	0.0	16546531	1225	160.0
1606475226.33	160000	11.76033	0.0	17718949	1307	160.0
1606475227.75	160000	11.33966	0.0	17337137	1318	160.0
1606475229.56	160000	10.532834	0.0	20008245	1690	160.0
1606475234.51	160000	6.58892	0.0	58430914	4613	160.0
1606475235.77	160000	6.32563	0.0	16292703	1161	160.0
1606475238.28	160000	4.816078	0.0	25587422	2369	160.0
1606475239.76	160000	4.334954	0.0	23982306	1341	160.0
1606475240.34	160000	4.754413	0.0	13347845	497	160.0
1606475240.93	160000	5.173662	0.0	14337991	497	160.0
1606475241.39	160000	5.710627	0.0	14584990	381	160.0
1606475241.84	160000	6.265061	0.0	13962401	366	160.0
1606475242.22	160000	6.886997	0.0	14393788	295	160.0
1606475242.59	160000	7.510534	0.0	14649457	285	160.0
1606475242.94	160000	8.168729	0.0	13409715	262	160.0
1606475243.25	160000	8.860034	0.0	13909605	229	160.0
1606475243.54	160000	9.563627	0.0	13301968	219	160.0
1606475243.98	160000	10.131512	0.0	19025846	314	160.0
1606475244.46	160000	10.653609	0.0	19295426	366	160.0
1606475244.91	160000	11.199493	0.0	18261873	346	160.0
1606475245.31	160000	11.799541	0.0	19847604	273	160.0
1606475245.68	160000	12.431073	0.0	18767181	260	160.0
1606475246.11	160000	13.004597	0.0	22420858	299	160.0
1606475246.46	160000	13.653705	0.0	19324333	233	160.0
1606475246.82	160000	14.290041	0.0	20392234	246	160.0
1606475246.97	160000	15.146483	0.0	7671072	92	160.0
1606475247.26	160000	15.861572	0.0	17781906	183	160.0
1606475247.47	160000	16.650068	0.0	12839336	132	160.0
1606475247.64	160000	17.473956	0.0	10779770	112	160.0
1606475247.88	160000	18.240142	0.0	14606687	151	160.0
1606475248.52	160000	18.605473	0.0	41866951	389	160.0
1606475249.07	160000	19.048062	0.0	37238410	341	160.0
1606475249.26	160000	19.860472	0.0	14347759	105	160.0
1606475249.42	160000	20.705295	0.0	11399187	83	160.0
1606475249.56	160000	21.561541	0.0	10358641	76	160.0
1606475249.75	160000	22.373735	0.0	14315696	105	160.0
1606475250.07	160000	23.059211	0.0	23283631	186	160.0
1606475250.53	160000	23.596842	0.0	37521367	252	160.0
1606475250.81	160000	24.314963	0.0	22241104	149	160.0
1606475251.02	160000	25.107987	0.0	15813346	106	160.0
1606475251.29	160000	25.841956	0.0	17116450	147	160.0
1606475251.57	160000	26.562422	0.0	18867054	167	160.0
1606475251.82	160000	27.30806	0.0	17393609	154	160.0
1606475252.16	160000	27.982764	0.0	24759401	187	160.0
1606475252.45	160000	28.680201	0.0	25782433	152	160.0
1606475252.78	160000	29.359857	0.0	25885372	160	160.0
1606475253.09	160000	30.051551	0.0	26242011	162	160.0
1606475253.41	160000	30.727978	0.0	23865378	166	160.0
1606475253.73	160000	31.407895	0.0	25470681	178	160.0
1606475254.1	160000	32.048093	0.0	27258768	191	160.0
1606475254.36	160000	32.784296	0.0	17853711	152	160.0
1606475254.57	160000	33.57319	0.0	14829893	128	160.0
1606475254.97	160000	34.174642	0.0	27779697	239	160.0
1606475255.36	160000	34.780212	0.0	27714923	233	160.0
1606475255.73	160000	35.410047	0.0	25946474	218	160.0
1606475256.02	160000	36.129655	0.0	19596259	167	160.0
1606475256.36	160000	36.783455	0.0	23774167	213	160.0
1606475256.66	160000	37.492471	0.0	19373656	174	160.0
1606475257.01	160000	38.139912	0.0	23977420	215	160.0
1606475257.47	160000	38.684575	0.0	24493733	309	160.0
1606475257.74	160000	39.414099	0.0	14528511	184	160.0
1606475258.05	160000	40.101594	0.0	16841176	213	160.0
1606475258.53	160000	40.628222	0.0	16743604	376	160.0
1606475259.04	160000	41.110567	0.0	17975224	402	160.0
1606475260.02	160000	41.13771	0.0	22329548	841	160.0
1606475260.44	160000	41.71472	0.0	16001583	325	160.0
1606475260.92	160000	42.238729	0.0	18238584	370	160.0
1606475261.7	160000	42.461402	0.0	21308824	650	160.0
1606475262.3	160000	42.862431	0.0	17749058	497	160.0
1606475262.7	160000	43.457576	0.0	14127787	323	160.0
1606475263.85	160000	43.315527	0.0	17525699	1038	160.0
1606475266.36	160000	41.806252	0.0	14240042	2427	160.0
1606475269.36	160000	39.802573	0.0	20324139	2879	160.0
1606475270.48	160000	39.684448	0.0	21993033	994	160.0
1606475271.09	160000	40.071935	0.0	18863108	500	160.0
1606475271.61	160000	40.557036	0.0	15964734	417	160.0
1606475271.89	160000	41.275639	0.0	8284939	225	160.0
1606475272.2	160000	41.963575	0.0	9004706	255	160.0
1606475272.52	160000	42.653796	0.0	6955279	264	160.0
1606475272.98	160000	43.191851	0.0	10701639	387	160.0
1606475273.39	160000	43.782951	0.0	9459459	345	160.0
1606475273.54	160000	44.632814	0.0	3212828	117	160.0
1606475273.66	160000	45.516504	0.0	2509989	91	160.0
1606475273.75	160000	46.420175	0.0	2004927	73	160.0
1606475273.79	160000	47.384027	0.0	591360	21	160.0
1606475273.9	160000	48.707277	0.0	2394426	87	160.0
1606475274.21	40000	1.000999	0.057	336477	29	-9.119999999999997
1606475275.61	160000	1.433595	0.462	14912671	1271	-33.92
1606475277.5	160000	1.453561	0.878	24265636	1693	19.52000000000001
1606475278.24	160000	1.739393	0.0	22711544	594	160.0
1606475278.79	160000	2.217154	0.0	19639705	428	160.0
1606475279.37	160000	2.672467	0.0	20946809	442	160.0
1606475279.68	160000	3.357463	0.0	11895609	230	160.0
1606475279.87	160000	4.184648	0.0	7597636	148	160.0
1606475281.42	160000	3.670789	0.0	56067905	1062	160.0
1606475282.77	160000	3.316965	0.0	45444680	1108	160.0
1606475284.38	160000	2.71672	0.0	54798068	1294	160.0
1606475286.2	160000	1.896103	0.0	69464107	1359	160.0
1606475287.36	160000	1.732875	0.0	50637608	874	160.0
1606475287.81	160000	2.312389	0.0	19559369	326	160.0
1606475288.31	160000	2.842797	0.0	22224402	364	160.0
1606475288.78	160000	3.377027	0.0	22578365	330	160.0
1606475288.96	160000	4.197065	0.0	8346702	121	160.0
1606475289.28	160000	4.879517	0.0	15775481	223	160.0
1606475289.44	160000	5.719141	0.0	9163235	102	160.0
1606475290.12	160000	6.036795	0.0	41307095	462	160.0
1606475290.69	160000	6.471389	0.0	28763893	388	160.0
1606475291.11	160000	7.051957	0.0	21266416	295	160.0
1606475291.56	160000	7.606521	0.0	23702229	293	160.0
1606475292.05	160000	8.112689	0.0	27580394	329	160.0
1606475292.4	160000	8.764862	0.0	20329780	213	160.0
1606475292.64	160000	9.52819	0.0	16109183	142	160.0
1606475293.51	160000	9.661214	0.0	58830800	522	160.0
1606475294.53	160000	9.639358	0.0	66935122	665	160.0
