1606479879.05	40000	1.000999	0.113	334476	101	-18.08
1606479881.65	80000	1.304642	1.544	14912671	2418	-207.04
1606479885.03	80000	1.340152	2.387	22644885	3228	-301.92
1606479886.03	80000	1.414754	0.041	17135714	883	73.44
1606479889.01	160000	1.26119	1.8	19639705	2867	-208.0
1606479890.1	80000	1.371588	0.146	11497228	1011	-23.36
1606479891.04	160000	1.436316	0.0	11895609	859	80.0
1606479891.61	160000	1.862103	0.0	7597636	524	160.0
1606479894.02	80000	1.15797	0.707	29583867	2186	-113.12
1606479895.3	80000	1.47856	0.596	15816325	1188	-15.36
1606479896.5	80000	1.313383	0.035	15275967	1120	74.4
1606479900.5	80000	1.361559	3.043	20600381	3888	-406.88
1606479902.07	80000	1.405578	0.62	17710542	1480	-19.200000000000003
1606479903.45	160000	1.277189	0.245	19559369	1264	40.8
1606479904.68	160000	1.27377	0.226	22224402	1105	123.84
1606479905.95	160000	1.250165	0.251	22578365	1153	119.84
1606479906.38	160000	1.822362	0.0	8346702	372	160.0
1606479907.11	160000	2.0988	0.0	15775481	625	160.0
1606479907.46	160000	2.747474	0.0	9163235	294	160.0
1606479908.84	160000	2.366241	0.0	41307095	1101	160.0
1606479912.21	160000	1.26429	1.266	28763893	3215	-42.56
1606479917.68	160000	1.281133	4.486	21266416	5344	-557.76
1606479919.18	80000	1.268511	0.484	13274781	1423	-77.44
1606479921.1	160000	1.255394	0.904	27580394	1769	-64.63999999999999
1606479921.74	160000	1.620487	0.0	20329780	505	160.0
1606479922.17	160000	2.183679	0.0	16109183	341	160.0
1606479923.68	160000	1.678749	0.0	58830800	1046	160.0
1606479925.88	160000	1.297517	0.816	66935122	1877	29.439999999999998
1606479926.18	160000	1.994023	0.0	15251076	211	160.0
1606479926.48	160000	2.697867	0.0	16574034	187	160.0
1606479926.71	160000	3.468434	0.0	13009028	148	160.0
1606479926.93	160000	4.248572	0.0	12791674	144	160.0
1606479927.11	160000	5.065173	0.0	11137898	115	160.0
1606479927.3	160000	5.880608	0.0	11485310	116	160.0
1606479927.5	160000	6.683201	0.0	12428518	126	160.0
1606479927.66	160000	7.523885	0.0	9963766	102	160.0
1606479927.85	160000	8.328453	0.0	12189364	124	160.0
1606479928.02	160000	9.162225	0.0	10142396	102	160.0
1606479928.19	160000	9.9984	0.0	10185488	102	160.0
1606479928.4	160000	10.785441	0.0	14061455	120	160.0
1606479928.69	160000	11.496455	0.0	20074099	173	160.0
1606479929.36	160000	11.832237	0.0	46115254	410	160.0
1606479930.0	160000	12.193406	0.0	40906522	403	160.0
1606479930.12	160000	13.069021	0.0	7891151	74	160.0
1606479930.44	160000	13.751815	0.0	21012466	197	160.0
1606479930.79	160000	14.402114	0.0	23519424	219	160.0
1606479931.09	160000	15.105402	0.0	18715420	174	160.0
1606479931.34	160000	15.852672	0.0	17000816	152	160.0
1606479931.56	160000	16.637694	0.0	14448126	129	160.0
1606479931.67	160000	17.526441	0.0	6958676	64	160.0
1606479931.82	160000	18.380236	0.0	9088791	89	160.0
1606479931.93	160000	19.267994	0.0	7211881	64	160.0
1606479931.99	160000	20.212802	0.0	3063586	28	160.0
1606479932.06	160000	21.143018	0.0	2782179	43	160.0
1606479932.28	160000	21.926513	0.0	9958410	150	160.0
1606479932.54	160000	22.663038	0.0	12158708	190	160.0
1606479932.81	160000	23.396008	0.0	12300216	192	160.0
1606479933.36	160000	23.845816	0.0	15815684	457	160.0
1606479934.37	160000	23.834707	0.0	13526256	935	160.0
1606479935.13	160000	24.079622	0.0	11995130	684	160.0
1606479935.41	160000	24.802158	0.0	13394791	201	160.0
1606479935.7	160000	25.508499	0.0	14135828	212	160.0
1606479936.02	160000	26.192471	0.0	15366126	230	160.0
1606479936.31	160000	26.908564	0.0	14248439	203	160.0
1606479936.59	160000	27.623142	0.0	13843717	198	160.0
1606479936.89	160000	28.325481	0.0	14665119	210	160.0
1606479937.35	160000	28.859006	0.0	21079187	338	160.0
1606479937.94	160000	29.271371	0.0	25480074	443	160.0
1606479938.4	160000	29.814065	0.0	23021754	320	160.0
1606479938.91	160000	30.301939	0.0	27527834	359	160.0
1606479939.38	160000	30.836633	0.0	26155848	310	160.0
1606479939.69	160000	31.531463	0.0	17849379	202	160.0
1606479939.97	160000	32.245569	0.0	16546531	187	160.0
1606479940.27	160000	32.949201	0.0	17718949	185	160.0
1606479940.55	160000	33.672529	0.0	17337137	174	160.0
1606479940.87	160000	34.351399	0.0	20008245	202	160.0
1606479941.76	160000	34.459479	0.0	58430914	570	160.0
1606479942.02	160000	35.202447	0.0	16292703	156	160.0
1606479942.39	160000	35.831157	0.0	25587422	233	160.0
1606479942.75	160000	36.480849	0.0	23982306	217	160.0
1606479942.95	160000	37.278967	0.0	13347845	121	160.0
1606479943.16	160000	38.072688	0.0	14337991	127	160.0
1606479943.36	160000	38.87227	0.0	14584990	119	160.0
1606479943.55	160000	39.678937	0.0	13962401	114	160.0
1606479943.75	160000	40.478748	0.0	14393788	118	160.0
1606479943.96	160000	41.276681	0.0	14649457	120	160.0
1606479944.14	160000	42.08905	0.0	13409715	112	160.0
1606479944.35	160000	42.88026	0.0	13909605	129	160.0
1606479944.55	160000	43.681416	0.0	13301968	123	160.0
1606479944.85	160000	44.390966	0.0	19025846	176	160.0
1606479945.15	160000	45.090543	0.0	19295426	178	160.0
1606479945.43	160000	45.810647	0.0	18261873	163	160.0
1606479945.73	160000	46.513938	0.0	19847604	177	160.0
1606479946.0	160000	47.237656	0.0	18767181	168	160.0
1606479946.33	160000	47.91168	0.0	22420858	196	160.0
1606479946.61	160000	48.630233	0.0	19324333	166	160.0
1606479946.9	160000	49.339385	0.0	20392234	175	160.0
1606479947.03	160000	50.214604	0.0	7671072	71	160.0
1606479947.28	160000	50.963644	0.0	17781906	147	160.0
1606479947.47	160000	51.773106	0.0	12839336	104	160.0
1606479947.63	160000	52.620179	0.0	10779770	87	160.0
1606479947.83	160000	53.418996	0.0	14606687	118	160.0
1606479948.42	160000	53.82783	0.0	41866951	344	160.0
1606479948.94	160000	54.304542	0.0	37238410	308	160.0
1606479949.14	160000	55.106118	0.0	14347759	118	160.0
1606479949.31	160000	55.944488	0.0	11399187	96	160.0
1606479949.47	160000	56.786282	0.0	10358641	88	160.0
1606479949.67	160000	57.585934	0.0	14315696	120	160.0
1606479949.99	160000	58.261155	0.0	23283631	195	160.0
1606479950.54	160000	58.712473	0.0	37521367	335	160.0
1606479950.87	160000	59.389856	0.0	22241104	204	160.0
1606479951.61	160000	59.812509	0.0	15813346	145	160.0
1606479952.85	160000	59.563444	0.0	17116450	135	160.0
1606479953.58	160000	59.814491	0.0	18867054	122	160.0
1606479954.81	160000	59.565489	0.0	17393609	125	160.0
1606479955.71	160000	59.566496	0.0	24759401	264	160.0
1606479957.76	160000	58.501493	0.0	25782433	1905	160.0
1606479958.91	160000	58.357348	0.0	25885372	989	160.0
1606479959.47	160000	58.791947	0.0	26242011	390	160.0
1606479959.84	160000	59.423373	0.0	23865378	218	160.0
1606479960.72	160000	59.571354	0.0	25470681	232	160.0
1606479961.7	160000	59.572525	0.0	27258768	307	160.0
1606479962.48	160000	59.82346	0.0	17853711	179	160.0
1606479963.76	160000	59.574372	0.0	14829893	186	160.0
1606479964.39	160000	59.884479	0.0	27779697	468	160.0
1606479965.71	160000	59.576526	0.0	27714923	664	160.0
1606479968.29	160000	57.986137	0.0	25946474	2414	160.0
1606479970.14	160000	57.130398	0.0	19596259	1739	160.0
1606479971.53	160000	56.743611	0.0	23774167	1256	160.0
1606479971.97	160000	57.302633	0.0	19373656	330	160.0
1606479972.48	160000	57.796725	0.0	23977420	378	160.0
1606479972.96	160000	58.323138	0.0	24493733	328	160.0
1606479973.24	160000	59.043824	0.0	14528511	195	160.0
1606479973.58	160000	59.695577	0.0	16841176	251	160.0
1606479974.94	160000	59.585513	0.0	16743604	262	160.0
1606479976.19	160000	59.090517	0.0	17975224	1144	160.0
1606479977.4	160000	58.881619	0.0	22329548	1087	160.0
1606479977.79	160000	59.498798	0.0	16001583	288	160.0
1606479978.74	160000	59.589525	0.0	18238584	343	160.0
1606479979.71	160000	59.59041	0.0	21308824	331	160.0
1606479980.61	160000	59.841506	0.0	17749058	294	160.0
1606479981.89	160000	59.592548	0.0	14127787	195	160.0
1606479982.74	160000	59.593546	0.0	17525699	247	160.0
1606479983.49	160000	59.844508	0.0	14240042	167	160.0
1606479984.83	160000	59.595531	0.0	20324139	220	160.0
1606479985.72	160000	59.596525	0.0	21993033	258	160.0
1606479986.71	160000	59.597457	0.0	18863108	376	160.0
1606479991.1	160000	56.191319	0.0	15964734	4283	160.0
1606479991.61	160000	56.687855	0.0	8284939	450	160.0
1606479992.02	160000	57.272428	0.0	9004706	359	160.0
1606479992.35	160000	57.94939	0.0	6955279	277	160.0
1606479992.79	160000	58.512662	0.0	10701639	373	160.0
1606479993.17	160000	59.126677	0.0	9459459	328	160.0
1606479993.31	160000	59.987288	0.0	3212828	110	160.0
1606479994.9	160000	59.605499	0.0	2509989	59	160.0
1606479995.45	160000	59.856546	0.0	2004927	28	160.0
1606479996.48	160000	59.857507	0.0	591360	13	160.0
1606479998.18	160000	59.792299	0.0	2394426	176	160.0
1606479998.53	40000	1.000999	0.046	336477	26	-7.359999999999999
1606479999.82	160000	1.368816	0.336	14912671	1160	-13.759999999999991
1606480001.2	160000	1.440894	0.408	24265636	1174	94.72
1606480001.77	160000	1.891501	0.0	22711544	426	160.0
1606480002.14	160000	2.519807	0.0	19639705	254	160.0
1606480002.54	160000	3.14437	0.0	20946809	270	160.0
1606480002.77	160000	3.948777	0.0	11895609	136	160.0
1606480002.91	160000	4.810258	0.0	7597636	87	160.0
1606480004.01	160000	4.753345	0.0	56067905	635	160.0
1606480004.77	160000	5.002369	0.0	45444680	504	160.0
1606480005.64	160000	5.12808	0.0	54798068	577	160.0
1606480006.82	160000	4.950483	0.0	69464107	724	160.0
1606480007.59	160000	5.179321	0.0	50637608	502	160.0
1606480007.92	160000	5.847548	0.0	19559369	213	160.0
1606480008.3	160000	6.474962	0.0	22224402	241	160.0
1606480008.76	160000	7.015971	0.0	22578365	328	160.0
1606480008.99	160000	7.788615	0.0	8346702	173	160.0
1606480009.41	160000	8.366898	0.0	15775481	327	160.0
1606480010.08	160000	8.69535	0.0	9163235	612	160.0
1606480014.2	160000	5.604187	0.0	41307095	3890	160.0
1606480018.83	160000	1.976915	0.0	28763893	4442	160.0
1606480021.86	160000	1.479469	1.533	21266416	2921	-85.28
1606480025.19	160000	1.264934	2.111	23702229	3190	-177.76
1606480027.05	80000	1.377496	0.973	14862949	1780	-155.68
1606480029.91	160000	1.351581	1.836	20329780	2759	-213.76
1606480032.55	160000	1.438679	1.729	16109183	2555	-116.63999999999999
1606480039.06	80000	1.402293	5.466	34554431	6330	-874.56
1606480040.88	80000	1.380146	0.798	37801487	1625	-47.68000000000001
1606480041.2	160000	2.058722	0.0	15251076	226	80.0
