1606505728.31	40000	1.000999	0.04	334476	28	-6.399999999999999
1606505729.65	80000	1.220034	0.2	14912671	1135	8.0
1606505731.38	80000	1.26975	0.751	22644885	1577	-40.16
1606505732.74	80000	1.413182	0.455	17135714	1270	7.200000000000003
1606505734.5	160000	1.238365	0.56	19639705	1636	-9.599999999999994
1606505736.36	160000	1.364186	0.918	20946809	1748	13.120000000000005
1606505737.27	160000	1.453065	0.0	11895609	838	160.0
1606505737.5	160000	2.221574	0.0	7597636	179	160.0
1606505738.97	160000	1.74914	0.0	56067905	974	160.0
1606505739.95	160000	1.782706	0.0	45444680	714	160.0
1606505744.39	160000	1.287222	2.953	54798068	4168	-312.48
1606505747.76	160000	1.490448	2.568	69464107	2959	-250.88
1606505750.24	160000	1.291861	1.284	50637608	2238	-45.44
1606505751.23	160000	1.340342	0.039	19559369	874	153.76
1606505752.27	160000	1.343193	0.049	22224402	919	152.16
1606505752.85	160000	1.769698	0.0	22578365	444	160.0
1606505753.06	160000	2.554581	0.0	8346702	164	160.0
1606505753.55	160000	3.079512	0.0	15775481	378	160.0
1606505753.86	160000	3.76087	0.0	9163235	251	160.0
1606505755.07	160000	3.549154	0.0	41307095	991	160.0
1606505755.99	160000	3.637331	0.0	28763893	727	160.0
1606505756.64	160000	3.979593	0.0	21266416	537	160.0
1606505757.34	160000	4.286671	0.0	23702229	544	160.0
1606505763.72	160000	1.4322	2.531	27580394	6245	-244.95999999999998
1606505765.28	160000	1.459499	0.584	20329780	1443	66.56
1606505765.73	160000	2.002817	0.0	16109183	361	160.0
1606505767.01	160000	1.7368	0.0	58830800	932	160.0
1606505768.08	160000	1.668886	0.0	66935122	695	160.0
1606505768.33	160000	2.41442	0.0	15251076	153	160.0
1606505768.59	160000	3.154761	0.0	16574034	153	160.0
1606505768.79	160000	3.954144	0.0	13009028	122	160.0
1606505768.99	160000	4.757546	0.0	12791674	119	160.0
1606505769.16	160000	5.584367	0.0	11137898	104	160.0
1606505769.35	160000	6.394115	0.0	11485310	119	160.0
1606505769.58	160000	7.163263	0.0	12428518	157	160.0
1606505769.78	160000	7.962495	0.0	9963766	138	160.0
1606505770.01	160000	8.736817	0.0	12189364	155	160.0
1606505770.21	160000	9.542058	0.0	10142396	129	160.0
1606505770.4	160000	10.349387	0.0	10185488	128	160.0
1606505770.66	160000	11.095353	0.0	14061455	174	160.0
1606505771.02	160000	11.732216	0.0	20074099	248	160.0
1606505771.87	160000	11.888153	0.0	46115254	595	160.0
1606505773.25	160000	11.502311	0.0	40906522	1148	160.0
1606505773.85	160000	11.901919	0.0	7891151	550	160.0
1606505774.64	160000	12.119897	0.0	21012466	667	160.0
1606505775.09	160000	12.668431	0.0	23519424	316	160.0
1606505775.47	160000	13.289898	0.0	18715420	257	160.0
1606505775.9	160000	13.859652	0.0	17000816	331	160.0
1606505776.27	160000	14.493733	0.0	14448126	281	160.0
1606505776.43	160000	15.335124	0.0	6958676	112	160.0
1606505776.59	160000	16.170424	0.0	9088791	108	160.0
1606505776.73	160000	17.036537	0.0	7211881	85	160.0
1606505776.79	160000	17.972729	0.0	3063586	36	160.0
1606505776.85	160000	18.913566	0.0	2782179	33	160.0
1606505777.03	160000	19.737243	0.0	9958410	118	160.0
1606505777.25	160000	20.520966	0.0	12158708	147	160.0
1606505777.54	160000	21.223097	0.0	12300216	224	160.0
1606505778.17	160000	21.599977	0.0	15815684	531	160.0
1606505779.01	160000	21.754881	0.0	13526256	767	160.0
1606505780.02	160000	21.752028	0.0	11995130	932	160.0
1606505781.28	160000	21.489809	0.0	13394791	1185	160.0
1606505782.52	160000	21.248134	0.0	14135828	1158	160.0
1606505783.54	160000	21.233617	0.0	15366126	924	160.0
1606505783.89	160000	21.882347	0.0	14248439	265	160.0
1606505784.23	160000	22.540726	0.0	13843717	259	160.0
1606505784.55	160000	23.231317	0.0	14665119	222	160.0
1606505784.88	160000	23.893112	0.0	21079187	211	160.0
1606505785.29	160000	24.489767	0.0	25480074	263	160.0
1606505785.65	160000	25.124748	0.0	23021754	231	160.0
1606505786.08	160000	25.697409	0.0	27527834	272	160.0
1606505786.51	160000	26.275646	0.0	26155848	261	160.0
1606505786.78	160000	27.000319	0.0	17849379	168	160.0
1606505787.03	160000	27.749097	0.0	16546531	157	160.0
1606505787.31	160000	28.478557	0.0	17718949	168	160.0
1606505787.57	160000	29.211121	0.0	17337137	161	160.0
1606505787.88	160000	29.902718	0.0	20008245	194	160.0
1606505788.73	160000	30.054253	0.0	58430914	530	160.0
1606505788.98	160000	30.809008	0.0	16292703	135	160.0
1606505789.33	160000	31.45997	0.0	25587422	212	160.0
1606505789.68	160000	32.104449	0.0	23982306	225	160.0
1606505789.89	160000	32.90423	0.0	13347845	122	160.0
1606505790.1	160000	33.691753	0.0	14337991	131	160.0
1606505790.32	160000	34.477767	0.0	14584990	134	160.0
1606505790.52	160000	35.271299	0.0	13962401	127	160.0
1606505790.74	160000	36.057095	0.0	14393788	121	160.0
1606505790.95	160000	36.845192	0.0	14649457	126	160.0
1606505791.15	160000	37.652385	0.0	13409715	116	160.0
1606505791.35	160000	38.453513	0.0	13909605	120	160.0
1606505791.53	160000	39.26698	0.0	13301968	112	160.0
1606505791.79	160000	40.006404	0.0	19025846	150	160.0
1606505792.06	160000	40.740843	0.0	19295426	157	160.0
1606505792.31	160000	41.496602	0.0	18261873	144	160.0
1606505792.66	160000	42.147813	0.0	19847604	229	160.0
1606505793.37	160000	42.435483	0.0	18767181	605	160.0
1606505794.69	160000	42.118918	0.0	22420858	1187	160.0
1606505795.2	160000	42.608469	0.0	19324333	393	160.0
1606505796.09	160000	42.721418	0.0	20392234	770	160.0
1606505796.67	160000	43.14269	0.0	7671072	529	160.0
1606505798.06	160000	42.752128	0.0	17781906	1286	160.0
1606505799.05	160000	42.756983	0.0	12839336	909	160.0
1606505799.98	160000	42.835291	0.0	10779770	856	160.0
1606505801.23	160000	42.581278	0.0	14606687	1162	160.0
1606505804.78	160000	40.032353	0.0	41866951	3293	160.0
1606505806.39	160000	39.42224	0.0	37238410	1388	160.0
1606505806.75	160000	40.073252	0.0	14347759	260	160.0
1606505806.98	160000	40.831856	0.0	11399187	167	160.0
1606505807.21	160000	41.611695	0.0	10358641	151	160.0
1606505807.51	160000	42.305163	0.0	14315696	226	160.0
1606505808.87	160000	41.946144	0.0	23283631	1226	160.0
1606505810.48	160000	41.344617	0.0	37521367	1378	160.0
1606505810.97	160000	41.851408	0.0	22241104	367	160.0
1606505811.31	160000	42.512054	0.0	15813346	240	160.0
1606505811.67	160000	43.152965	0.0	17116450	258	160.0
1606505812.05	160000	43.778524	0.0	18867054	253	160.0
1606505812.39	160000	44.436851	0.0	17393609	237	160.0
1606505812.95	160000	44.881461	0.0	24759401	414	160.0
1606505813.61	160000	45.226397	0.0	25782433	515	160.0
1606505816.5	160000	43.331187	0.0	25885372	2725	160.0
1606505818.47	160000	42.36275	0.0	26242011	1817	160.0
1606505820.45	160000	41.38368	0.0	23865378	1815	160.0
1606505822.37	160000	40.458434	0.0	25470681	1773	160.0
1606505824.47	160000	39.367655	0.0	27258768	1922	160.0
1606505824.95	160000	39.880398	0.0	17853711	385	160.0
1606505825.25	160000	40.589342	0.0	14829893	208	160.0
1606505825.8	160000	41.037665	0.0	27779697	390	160.0
1606505826.2	160000	41.638394	0.0	27714923	242	160.0
1606505826.58	160000	42.261819	0.0	25946474	224	160.0
1606505826.87	160000	42.973591	0.0	19596259	174	160.0
1606505827.22	160000	43.624445	0.0	23774167	214	160.0
1606505827.51	160000	44.334416	0.0	19373656	175	160.0
1606505827.84	160000	44.997385	0.0	23977420	205	160.0
1606505828.16	160000	45.681244	0.0	24493733	188	160.0
1606505828.36	160000	46.484148	0.0	14528511	116	160.0
1606505828.59	160000	47.257627	0.0	16841176	127	160.0
1606505828.83	160000	48.014933	0.0	16743604	147	160.0
1606505829.12	160000	48.728063	0.0	17975224	182	160.0
1606505829.47	160000	49.377365	0.0	22329548	227	160.0
1606505829.73	160000	50.117992	0.0	16001583	162	160.0
1606505830.01	160000	50.844549	0.0	18238584	165	160.0
1606505830.33	160000	51.520833	0.0	21308824	202	160.0
1606505830.6	160000	52.256709	0.0	17749058	164	160.0
1606505830.8	160000	53.053679	0.0	14127787	124	160.0
1606505831.05	160000	53.805422	0.0	17525699	143	160.0
1606505831.25	160000	54.607303	0.0	14240042	116	160.0
1606505831.54	160000	55.316372	0.0	20324139	173	160.0
1606505831.85	160000	56.00824	0.0	21993033	180	160.0
1606505832.12	160000	56.737164	0.0	18863108	152	160.0
1606505832.34	160000	57.514804	0.0	15964734	129	160.0
1606505832.46	160000	58.395712	0.0	8284939	66	160.0
1606505832.59	160000	59.269101	0.0	9004706	72	160.0
1606505833.19	160000	59.675235	0.0	6955279	56	160.0
1606505834.35	160000	59.676338	0.0	10701639	87	160.0
1606505834.99	160000	59.927333	0.0	9459459	81	160.0
1606505836.05	160000	59.928329	0.0	3212828	29	160.0
1606505837.1	160000	59.92933	0.0	2509989	18	160.0
1606505838.15	160000	59.930401	0.0	2004927	16	160.0
1606505839.17	160000	59.93139	0.0	591360	4	160.0
1606505840.71	160000	59.61616	0.0	2394426	18	160.0
1606505841.06	40000	1.000999	0.019	336477	3	-3.039999999999999
1606505841.34	160000	2.001999	0.0	14912671	108	40.0
1606505841.77	160000	2.642491	0.0	24265636	190	160.0
1606505842.08	160000	3.336145	0.0	22711544	163	160.0
1606505842.35	160000	4.067374	0.0	19639705	143	160.0
1606505842.63	160000	4.781587	0.0	20946809	151	160.0
1606505842.8	160000	5.619998	0.0	11895609	85	160.0
1606505842.97	160000	6.480438	0.0	7597636	112	160.0
1606505844.22	160000	6.345394	0.0	56067905	785	160.0
1606505844.98	160000	6.610633	0.0	45444680	517	160.0
1606505849.3	160000	3.346416	0.0	54798068	4013	160.0
1606505856.38	160000	1.271233	4.01	69464107	6664	-481.6
1606505857.55	160000	1.241248	0.132	50637608	865	138.88
1606505857.94	160000	1.852486	0.0	19559369	270	160.0
1606505858.39	160000	2.404284	0.0	22224402	316	160.0
1606505858.85	160000	2.939854	0.0	22578365	335	160.0
1606505859.36	160000	3.434238	0.0	8346702	450	160.0
1606505860.65	160000	3.141846	0.0	15775481	1197	160.0
1606505861.81	160000	2.983716	0.0	9163235	1099	160.0
1606505864.41	80000	1.384488	0.0	20277060	2467	0.0
1606505865.6	80000	1.381878	0.185	14877694	1111	50.4
1606505866.37	160000	1.616862	0.0	21266416	640	80.0
1606505866.98	160000	1.998692	0.0	23702229	482	160.0
1606505867.66	160000	2.328693	0.0	27580394	507	160.0
1606505868.16	160000	2.826916	0.0	20329780	371	160.0
1606505868.55	160000	3.434726	0.0	16109183	283	160.0
1606505869.93	160000	3.06255	0.0	58830800	1030	160.0
1606505871.46	160000	2.531615	0.0	66935122	1151	160.0
