1606489836.26	40000	1.000999	0.029	334476	18	-4.640000000000001
1606489837.33	80000	1.33769	0.0	14912671	850	40.0
1606489839.09	80000	1.418259	0.719	22644885	1610	-35.040000000000006
1606489840.43	160000	1.39483	0.291	22711544	1219	33.44
1606489841.08	160000	1.767603	0.0	19639705	533	160.0
1606489841.67	160000	2.202467	0.0	20946809	459	160.0
1606489841.99	160000	2.905401	0.0	11895609	251	160.0
1606489842.2	160000	3.701404	0.0	7597636	150	160.0
1606489843.64	160000	3.259689	0.0	56067905	938	160.0
1606489844.87	160000	3.037594	0.0	45444680	981	160.0
1606489846.09	160000	2.812675	0.0	54798068	916	160.0
1606489847.54	160000	2.368846	0.0	69464107	982	160.0
1606489848.48	160000	2.429124	0.0	50637608	642	160.0
1606489849.08	160000	2.826411	0.0	19559369	472	160.0
1606489853.93	160000	1.275122	2.233	22224402	4725	-197.27999999999997
1606489855.85	160000	1.259622	0.907	22578365	1797	14.879999999999995
1606489856.57	160000	1.537105	0.0	8346702	670	160.0
1606489857.94	160000	1.417719	0.249	15775481	1286	120.16
1606489858.35	160000	2.011231	0.0	9163235	348	160.0
1606489859.16	160000	2.192934	0.0	41307095	598	160.0
1606489859.57	160000	2.792558	0.0	28763893	220	160.0
1606489859.84	160000	3.523115	0.0	21266416	146	160.0
1606489860.15	160000	4.212078	0.0	23702229	161	160.0
1606489860.51	160000	4.860675	0.0	27580394	195	160.0
1606489860.79	160000	5.570626	0.0	20329780	146	160.0
1606489861.01	160000	6.353546	0.0	16109183	117	160.0
1606489861.82	160000	6.541865	0.0	58830800	482	160.0
1606489865.3	160000	4.069622	0.0	66935122	3097	160.0
1606489865.64	160000	4.722014	0.0	15251076	255	160.0
1606489866.03	160000	5.337009	0.0	16574034	282	160.0
1606489866.33	160000	6.040419	0.0	13009028	217	160.0
1606489866.53	160000	6.844576	0.0	12791674	107	160.0
1606489866.7	160000	7.673736	0.0	11137898	98	160.0
1606489866.87	160000	8.502606	0.0	11485310	101	160.0
1606489867.05	160000	9.318084	0.0	12428518	111	160.0
1606489867.2	160000	10.168318	0.0	9963766	87	160.0
1606489867.39	160000	10.988079	0.0	12189364	99	160.0
1606489867.54	160000	11.838283	0.0	10142396	84	160.0
1606489867.69	160000	12.687462	0.0	10185488	85	160.0
1606489867.89	160000	13.484142	0.0	14061455	117	160.0
1606489868.2	160000	14.189337	0.0	20074099	175	160.0
1606489868.85	160000	14.533248	0.0	46115254	376	160.0
1606489869.43	160000	14.950463	0.0	40906522	337	160.0
1606489869.53	160000	15.850523	0.0	7891151	49	160.0
1606489869.78	160000	16.597471	0.0	21012466	132	160.0
1606489870.07	160000	17.321148	0.0	23519424	147	160.0
1606489870.3	160000	18.088981	0.0	18715420	116	160.0
1606489870.52	160000	18.864431	0.0	17000816	121	160.0
1606489870.72	160000	19.666942	0.0	14448126	109	160.0
1606489870.82	160000	20.570221	0.0	6958676	49	160.0
1606489870.94	160000	21.446559	0.0	9088791	64	160.0
1606489871.04	160000	22.345036	0.0	7211881	52	160.0
1606489871.1	160000	23.292662	0.0	3063586	22	160.0
1606489871.15	160000	24.245654	0.0	2782179	20	160.0
1606489871.3	160000	25.116411	0.0	9958410	71	160.0
1606489871.48	160000	25.917526	0.0	12158708	105	160.0
1606489871.66	160000	26.735678	0.0	12300216	108	160.0
1606489871.89	160000	27.504804	0.0	15815684	139	160.0
1606489872.09	160000	28.306824	0.0	13526256	120	160.0
1606489872.27	160000	29.126296	0.0	11995130	107	160.0
1606489872.51	160000	29.884457	0.0	13394791	163	160.0
1606489872.78	160000	30.617086	0.0	14135828	183	160.0
1606489873.07	160000	31.332157	0.0	15366126	199	160.0
1606489873.34	160000	32.060269	0.0	14248439	185	160.0
1606489874.34	160000	32.064621	0.0	13843717	917	160.0
1606489877.42	160000	29.983633	0.0	14665119	2991	160.0
1606489879.2	160000	29.200439	0.0	21079187	1662	160.0
1606489881.41	160000	27.990973	0.0	25480074	2066	160.0
1606489881.95	160000	28.460783	0.0	23021754	393	160.0
1606489882.56	160000	28.842852	0.0	27527834	459	160.0
1606489883.08	160000	29.328971	0.0	26155848	350	160.0
1606489883.43	160000	29.981271	0.0	17849379	239	160.0
1606489883.77	160000	30.63775	0.0	16546531	236	160.0
1606489884.15	160000	31.260374	0.0	17718949	268	160.0
1606489884.5	160000	31.91163	0.0	17337137	245	160.0
1606489884.88	160000	32.535593	0.0	20008245	260	160.0
1606489886.07	160000	32.405366	0.0	58430914	813	160.0
1606489886.42	160000	32.990927	0.0	16292703	255	160.0
1606489886.89	160000	33.522328	0.0	25587422	323	160.0
1606489887.33	160000	34.084918	0.0	23982306	303	160.0
1606489887.57	160000	34.847971	0.0	13347845	151	160.0
1606489887.81	160000	35.608857	0.0	14337991	153	160.0
1606489888.05	160000	36.367173	0.0	14584990	157	160.0
1606489888.29	160000	37.135477	0.0	13962401	150	160.0
1606489888.93	160000	37.496244	0.0	14393788	558	160.0
1606489890.37	160000	37.052943	0.0	14649457	1357	160.0
1606489891.4	160000	37.028479	0.0	13409715	948	160.0
1606489892.53	160000	36.895797	0.0	13909605	1051	160.0
1606489893.52	160000	36.905135	0.0	13301968	913	160.0
1606489894.61	160000	36.820787	0.0	19025846	974	160.0
1606489895.22	160000	37.209053	0.0	19295426	502	160.0
1606489895.96	160000	37.468859	0.0	18261873	634	160.0
1606489896.71	160000	37.716765	0.0	19847604	629	160.0
1606489897.16	160000	38.266103	0.0	18767181	341	160.0
1606489897.69	160000	38.741924	0.0	22420858	394	160.0
1606489898.14	160000	39.295454	0.0	19324333	329	160.0
1606489898.61	160000	39.824957	0.0	20392234	346	160.0
1606489898.79	160000	40.641613	0.0	7671072	132	160.0
1606489899.2	160000	41.234546	0.0	17781906	300	160.0
1606489899.5	160000	41.941049	0.0	12839336	216	160.0
1606489899.77	160000	42.665201	0.0	10779770	208	160.0
1606489900.14	160000	43.301673	0.0	14606687	279	160.0
1606489901.21	160000	43.23197	0.0	41866951	827	160.0
1606489902.19	160000	43.254288	0.0	37238410	753	160.0
1606489902.56	160000	43.882997	0.0	14347759	290	160.0
1606489902.84	160000	44.609054	0.0	11399187	202	160.0
1606489903.09	160000	45.354259	0.0	10358641	185	160.0
1606489903.42	160000	46.020816	0.0	14315696	255	160.0
1606489903.98	160000	46.464832	0.0	23283631	425	160.0
1606489904.9	160000	46.549882	0.0	37521367	694	160.0
1606489905.46	160000	46.988447	0.0	22241104	422	160.0
1606489906.44	160000	47.007557	0.0	15813346	878	160.0
1606489907.68	160000	46.770471	0.0	17116450	1134	160.0
1606489908.6	160000	46.850006	0.0	18867054	812	160.0
1606489909.87	160000	46.582641	0.0	17393609	1163	160.0
1606489910.91	160000	46.54084	0.0	24759401	900	160.0
1606489911.51	160000	46.943289	0.0	25782433	449	160.0
1606489913.06	160000	46.397087	0.0	25885372	1386	160.0
1606489914.47	160000	45.983744	0.0	26242011	1266	160.0
1606489916.46	160000	45.00136	0.0	23865378	1833	160.0
1606489918.53	160000	43.923743	0.0	25470681	1934	160.0
1606489920.88	160000	42.575834	0.0	27258768	2177	160.0
1606489922.54	160000	41.916027	0.0	17853711	1552	160.0
1606489923.92	160000	41.541138	0.0	14829893	1286	160.0
1606489926.92	160000	39.539237	0.0	27779697	2835	160.0
1606489928.74	160000	38.723392	0.0	27714923	1655	160.0
1606489929.19	160000	39.273882	0.0	25946474	296	160.0
1606489929.53	160000	39.934054	0.0	19596259	224	160.0
1606489929.93	160000	40.531675	0.0	23774167	266	160.0
1606489930.26	160000	41.202302	0.0	19373656	214	160.0
1606489930.68	160000	41.792203	0.0	23977420	271	160.0
1606489931.08	160000	42.389625	0.0	24493733	260	160.0
1606489931.32	160000	43.150417	0.0	14528511	153	160.0
1606489931.6	160000	43.870865	0.0	16841176	178	160.0
1606489931.88	160000	44.589263	0.0	16743604	179	160.0
1606489932.19	160000	45.27972	0.0	17975224	201	160.0
1606489932.57	160000	45.904558	0.0	22329548	240	160.0
1606489932.85	160000	46.62169	0.0	16001583	170	160.0
1606489933.16	160000	47.315555	0.0	18238584	195	160.0
1606489933.53	160000	47.949958	0.0	21308824	233	160.0
1606489933.83	160000	48.653129	0.0	17749058	191	160.0
1606489934.07	160000	49.412691	0.0	14127787	157	160.0
1606489934.37	160000	50.118314	0.0	17525699	194	160.0
1606489934.61	160000	50.87276	0.0	14240042	157	160.0
1606489934.96	160000	51.522023	0.0	20324139	222	160.0
1606489935.33	160000	52.148938	0.0	21993033	245	160.0
1606489935.68	160000	52.816494	0.0	18863108	207	160.0
1606489935.95	160000	53.537619	0.0	15964734	171	160.0
1606489936.09	160000	54.391122	0.0	8284939	89	160.0
1606489936.25	160000	55.237729	0.0	9004706	97	160.0
1606489936.37	160000	56.115315	0.0	6955279	75	160.0
1606489936.55	160000	56.934863	0.0	10701639	115	160.0
1606489936.74	160000	57.753343	0.0	9459459	111	160.0
1606489936.8	160000	58.689011	0.0	3212828	35	160.0
1606489936.85	160000	59.637758	0.0	2509989	27	160.0
1606489937.9	160000	59.806206	0.0	2004927	22	160.0
1606489938.93	160000	59.807205	0.0	591360	7	160.0
1606489939.99	160000	59.992033	0.0	2394426	38	160.0
1606489940.29	40000	1.000999	0.025	336477	4	-4.0
1606489940.68	160000	1.983149	0.0	14912671	213	40.0
1606489941.24	160000	2.411363	0.0	24265636	341	160.0
1606489941.71	160000	2.944441	0.0	22711544	324	160.0
1606489942.07	160000	3.588133	0.0	19639705	234	160.0
1606489942.45	160000	4.329231	0.0	20946809	248	160.0
1606489942.67	160000	5.107543	0.0	11895609	142	160.0
1606489942.81	160000	5.968192	0.0	7597636	92	160.0
1606489944.02	160000	5.9296	0.0	56067905	720	160.0
1606489944.74	160000	6.240636	0.0	45444680	453	160.0
1606489948.66	160000	3.343387	0.0	54798068	3609	160.0
1606489950.22	160000	2.785995	0.0	69464107	1083	160.0
1606489951.26	160000	2.752223	0.0	50637608	757	160.0
1606489951.71	160000	3.294971	0.0	19559369	335	160.0
1606489952.41	160000	3.600903	0.0	22224402	566	160.0
1606489953.37	160000	3.671074	0.0	22578365	818	160.0
1606489953.85	160000	4.184449	0.0	8346702	432	160.0
1606489954.82	160000	4.215456	0.0	15775481	873	160.0
1606489955.92	160000	4.12089	0.0	9163235	1035	160.0
1606489961.13	160000	1.470558	1.568	41307095	5014	-90.88
1606489962.33	160000	1.274699	0.0	28763893	1017	160.0
1606489962.8	160000	1.80474	0.0	21266416	345	160.0
1606489963.29	160000	2.31607	0.0	23702229	337	160.0
1606489963.84	160000	2.767069	0.0	27580394	384	160.0
1606489964.25	160000	3.365454	0.0	20329780	268	160.0
1606489964.57	160000	4.039206	0.0	16109183	211	160.0
1606489965.87	160000	3.743638	0.0	58830800	954	160.0
1606489967.11	160000	3.504013	0.0	66935122	882	160.0
1606489967.4	160000	4.20867	0.0	15251076	198	160.0
