1606501725.29	40000	1.000999	0.034	334476	22	-5.439999999999998
1606501726.56	80000	1.279648	0.164	14912671	1072	13.760000000000005
1606501728.63	80000	1.345117	1.101	22644885	1915	-96.16
1606501729.95	80000	1.433097	0.388	17135714	1232	17.92
1606501731.43	160000	1.268658	0.295	19639705	1370	32.8
1606501733.0	160000	1.265346	0.535	20946809	1445	74.4
1606501733.89	160000	1.371732	0.0	11895609	816	160.0
1606501734.65	160000	1.615506	0.0	7597636	709	160.0
1606501737.63	80000	1.302912	1.665	29583867	2750	-266.4
1606501739.21	80000	1.467996	0.743	15816325	1487	-38.879999999999995
1606501739.66	80000	2.012566	0.0	15275967	369	80.0
1606501741.38	160000	1.292402	0.0	69464107	1126	80.0
1606501742.3	160000	1.387225	0.0	50637608	629	160.0
1606501742.94	160000	1.762321	0.0	19559369	525	160.0
1606501747.31	160000	1.470853	3.074	22224402	4240	-331.84
1606501747.76	160000	2.020051	0.0	22578365	326	160.0
1606501747.94	160000	2.840836	0.0	8346702	119	160.0
1606501748.26	160000	3.520022	0.0	15775481	226	160.0
1606501748.41	160000	4.369597	0.0	9163235	90	160.0
1606501749.04	160000	4.739539	0.0	41307095	409	160.0
1606501749.5	160000	5.287815	0.0	28763893	276	160.0
1606501749.82	160000	5.968451	0.0	21266416	198	160.0
1606501750.2	160000	6.596254	0.0	23702229	220	160.0
1606501750.62	160000	7.170905	0.0	27580394	264	160.0
1606501750.95	160000	7.842689	0.0	20329780	196	160.0
1606501751.21	160000	8.583785	0.0	16109183	161	160.0
1606501752.16	160000	8.634197	0.0	58830800	601	160.0
1606501753.06	160000	8.73389	0.0	66935122	529	160.0
1606501753.27	160000	9.521859	0.0	15251076	118	160.0
1606501753.47	160000	10.32271	0.0	16574034	95	160.0
1606501753.64	160000	11.161993	0.0	13009028	75	160.0
1606501753.79	160000	12.003829	0.0	12791674	74	160.0
1606501753.92	160000	12.873971	0.0	11137898	63	160.0
1606501754.06	160000	13.737296	0.0	11485310	66	160.0
1606501754.21	160000	14.594131	0.0	12428518	71	160.0
1606501754.32	160000	15.477228	0.0	9963766	56	160.0
1606501754.47	160000	16.335262	0.0	12189364	69	160.0
1606501754.58	160000	17.218243	0.0	10142396	57	160.0
1606501754.7	160000	18.101252	0.0	10185488	57	160.0
1606501754.86	160000	18.940245	0.0	14061455	79	160.0
1606501755.09	160000	19.71519	0.0	20074099	114	160.0
1606501755.69	160000	20.117542	0.0	46115254	330	160.0
1606501756.27	160000	20.541156	0.0	40906522	344	160.0
1606501756.75	160000	21.059595	0.0	7891151	431	160.0
1606501759.2	160000	19.610763	0.0	21012466	2318	160.0
1606501761.34	160000	18.472174	0.0	23519424	1996	160.0
1606501763.17	160000	17.646096	0.0	18715420	1716	160.0
1606501764.62	160000	17.195536	0.0	17000816	1341	160.0
1606501765.16	80000	17.654778	0.0	6922163	486	0.0
1606501765.78	160000	18.033789	0.0	6958676	570	80.0
1606501766.63	160000	18.189595	0.0	9088791	786	160.0
1606501767.31	160000	18.501398	0.0	7211881	641	160.0
1606501767.56	160000	19.260702	0.0	3063586	210	160.0
1606501767.77	160000	20.043957	0.0	2782179	192	160.0
1606501768.53	160000	20.285785	0.0	9958410	697	160.0
1606501769.52	160000	20.301912	0.0	12158708	912	160.0
1606501770.64	160000	20.186107	0.0	12300216	1043	160.0
1606501771.96	160000	19.865359	0.0	15815684	1227	160.0
1606501773.31	160000	19.515956	0.0	13526256	1273	160.0
1606501774.19	160000	19.636399	0.0	11995130	810	160.0
1606501775.24	160000	19.589011	0.0	13394791	969	160.0
1606501776.47	160000	19.355998	0.0	14135828	1147	160.0
1606501777.67	160000	19.159782	0.0	15366126	1112	160.0
1606501778.91	160000	18.915944	0.0	14248439	1160	160.0
1606501780.11	160000	18.714219	0.0	13843717	1121	160.0
1606501781.3	160000	18.534387	0.0	14665119	1097	160.0
1606501782.96	160000	17.869804	0.0	21079187	1537	160.0
1606501785.03	160000	16.80021	0.0	25480074	1928	160.0
1606501786.83	160000	15.999585	0.0	23021754	1663	160.0
1606501789.22	160000	14.609753	0.0	27527834	2233	160.0
1606501791.53	160000	13.302842	0.0	26155848	2164	160.0
1606501793.1	160000	12.739981	0.0	17849379	1445	160.0
1606501794.38	160000	12.453554	0.0	16546531	1188	160.0
1606501795.98	160000	11.854479	0.0	17718949	1494	160.0
1606501797.27	160000	11.570387	0.0	17337137	1181	160.0
1606501798.99	160000	10.85252	0.0	20008245	1594	160.0
1606501803.4	160000	7.437136	0.0	58430914	4087	160.0
1606501804.76	160000	7.087141	0.0	16292703	1246	160.0
1606501807.4	160000	5.442483	0.0	25587422	2493	160.0
1606501812.5	160000	1.34018	0.0	23982306	4959	160.0
1606501813.22	160000	1.620945	0.0	13347845	640	160.0
1606501813.9	160000	1.95084	0.0	14337991	593	160.0
1606501814.5	160000	2.34331	0.0	14584990	527	160.0
1606501814.84	160000	3.011897	0.0	13962401	250	160.0
1606501815.15	160000	3.701909	0.0	14393788	224	160.0
1606501815.46	160000	4.390644	0.0	14649457	230	160.0
1606501815.73	160000	5.12526	0.0	13409715	191	160.0
1606501815.98	160000	5.870679	0.0	13909605	178	160.0
1606501816.23	160000	6.624701	0.0	13301968	170	160.0
1606501816.59	160000	7.268196	0.0	19025846	245	160.0
1606501817.1	160000	7.752309	0.0	19295426	404	160.0
1606501817.59	160000	8.263652	0.0	18261873	384	160.0
1606501818.06	160000	8.79999	0.0	19847604	342	160.0
1606501818.49	160000	9.369994	0.0	18767181	324	160.0
1606501818.98	160000	9.8773	0.0	22420858	367	160.0
1606501819.41	160000	10.451324	0.0	19324333	310	160.0
1606501820.01	160000	10.851578	0.0	20392234	485	160.0
1606501820.32	160000	11.546726	0.0	7671072	254	160.0
1606501820.86	160000	12.002921	0.0	17781906	442	160.0
1606501821.17	160000	12.696618	0.0	12839336	223	160.0
1606501821.42	160000	13.445281	0.0	10779770	187	160.0
1606501821.84	160000	14.031327	0.0	14606687	331	160.0
1606501823.19	160000	13.685493	0.0	41866951	1104	160.0
1606501823.98	160000	13.889099	0.0	37238410	571	160.0
1606501824.25	160000	14.618808	0.0	14347759	190	160.0
1606501824.47	160000	15.400602	0.0	11399187	151	160.0
1606501824.68	160000	16.192858	0.0	10358641	133	160.0
1606501824.96	160000	16.907882	0.0	14315696	204	160.0
1606501825.44	160000	17.440077	0.0	23283631	331	160.0
1606501826.13	160000	17.741622	0.0	37521367	471	160.0
1606501826.53	160000	18.348765	0.0	22241104	266	160.0
1606501826.8	160000	19.075067	0.0	15813346	172	160.0
1606501827.08	160000	19.802467	0.0	17116450	172	160.0
1606501827.38	160000	20.496324	0.0	18867054	188	160.0
1606501827.67	160000	21.212738	0.0	17393609	175	160.0
1606501828.04	160000	21.839222	0.0	24759401	230	160.0
1606501828.42	160000	22.456258	0.0	25782433	239	160.0
1606501828.9	160000	22.983116	0.0	25885372	311	160.0
1606501829.84	160000	23.045649	0.0	26242011	791	160.0
1606501830.29	160000	23.596758	0.0	23865378	295	160.0
1606501830.75	160000	24.135113	0.0	25470681	315	160.0
1606501831.21	160000	24.671767	0.0	27258768	297	160.0
1606501831.52	160000	25.366921	0.0	17853711	194	160.0
1606501831.77	160000	26.122989	0.0	14829893	160	160.0
1606501832.22	160000	26.665657	0.0	27779697	293	160.0
1606501832.68	160000	27.217859	0.0	27714923	292	160.0
1606501833.16	160000	27.730258	0.0	25946474	334	160.0
1606501833.52	160000	28.368849	0.0	19596259	253	160.0
1606501833.94	160000	28.955946	0.0	23774167	269	160.0
1606501834.24	160000	29.649122	0.0	19373656	195	160.0
1606501834.61	160000	30.281063	0.0	23977420	241	160.0
1606501834.99	160000	30.906778	0.0	24493733	241	160.0
1606501835.22	160000	31.685872	0.0	14528511	142	160.0
1606501835.48	160000	32.418751	0.0	16841176	162	160.0
1606501835.74	160000	33.157932	0.0	16743604	163	160.0
1606501836.01	160000	33.890359	0.0	17975224	161	160.0
1606501836.33	160000	34.56984	0.0	22329548	198	160.0
1606501836.58	160000	35.32452	0.0	16001583	141	160.0
1606501836.85	160000	36.056328	0.0	18238584	165	160.0
1606501837.16	160000	36.740933	0.0	21308824	194	160.0
1606501837.43	160000	37.474812	0.0	17749058	161	160.0
1606501837.64	160000	38.26788	0.0	14127787	128	160.0
1606501837.89	160000	39.019408	0.0	17525699	144	160.0
1606501838.08	160000	39.827729	0.0	14240042	111	160.0
1606501838.36	160000	40.549319	0.0	20324139	159	160.0
1606501838.66	160000	41.247765	0.0	21993033	173	160.0
1606501838.92	160000	41.995713	0.0	18863108	136	160.0
1606501839.13	160000	42.785466	0.0	15964734	112	160.0
1606501839.24	160000	43.66927	0.0	8284939	58	160.0
1606501839.36	160000	44.549993	0.0	9004706	62	160.0
1606501839.46	160000	45.455012	0.0	6955279	49	160.0
1606501839.6	160000	46.315852	0.0	10701639	75	160.0
1606501839.73	160000	47.188763	0.0	9459459	67	160.0
1606501839.78	160000	48.137082	0.0	3212828	22	160.0
1606501839.82	160000	49.095832	0.0	2509989	16	160.0
1606501839.86	160000	50.061195	0.0	2004927	14	160.0
1606501839.88	160000	51.0431	0.0	591360	3	160.0
1606501839.91	160000	52.44043	0.0	2394426	17	160.0
1606501840.26	40000	1.000999	0.028	336477	2	-4.480000000000004
1606501840.53	160000	2.001999	0.0	14912671	114	40.0
1606501840.93	160000	2.656979	0.0	24265636	165	160.0
1606501841.21	160000	3.374722	0.0	22711544	145	160.0
1606501841.46	160000	4.129277	0.0	19639705	125	160.0
1606501841.71	160000	4.874867	0.0	20946809	134	160.0
1606501841.86	160000	5.723846	0.0	11895609	74	160.0
1606501841.96	160000	6.628521	0.0	7597636	47	160.0
1606501842.77	160000	6.931785	0.0	56067905	348	160.0
1606501843.28	160000	7.484177	0.0	45444680	265	160.0
1606501843.91	160000	7.911988	0.0	54798068	320	160.0
1606501844.77	160000	8.070272	0.0	69464107	392	160.0
1606501845.33	160000	8.558656	0.0	50637608	281	160.0
1606501845.56	160000	9.33241	0.0	19559369	110	160.0
1606501845.81	160000	10.07698	0.0	22224402	123	160.0
1606501846.08	160000	10.814647	0.0	22578365	131	160.0
1606501846.18	160000	11.712513	0.0	8346702	48	160.0
1606501846.37	160000	12.526839	0.0	15775481	90	160.0
1606501846.48	160000	13.413685	0.0	9163235	52	160.0
1606501846.94	160000	13.951392	0.0	41307095	237	160.0
1606501847.29	160000	14.607734	0.0	28763893	170	160.0
1606501847.54	160000	15.361079	0.0	21266416	126	160.0
1606501847.83	160000	16.070354	0.0	23702229	135	160.0
1606501848.13	160000	16.769178	0.0	27580394	148	160.0
1606501848.37	160000	17.524937	0.0	20329780	110	160.0
1606501848.56	160000	18.343112	0.0	16109183	86	160.0
1606501849.34	160000	18.564177	0.0	58830800	429	160.0
1606501850.39	160000	18.514775	0.0	66935122	684	160.0
1606501850.63	160000	19.275524	0.0	15251076	140	160.0
