1606467228.08	40000	1.000999	0.126	334476	115	-20.16
1606467233.11	80000	1.470282	4.128	14912671	4844	-620.48
1606467235.31	80000	1.336789	1.036	22644885	2054	-85.75999999999999
1606467237.54	80000	1.424538	1.292	17135714	2137	-126.72
1606467238.73	80000	1.249324	0.0	13114792	1107	80.0
1606467239.58	80000	1.544739	0.0	11497228	775	80.0
1606467240.26	160000	1.867971	0.0	11895609	596	80.0
1606467240.64	160000	2.489967	0.0	7597636	331	160.0
1606467241.8	80000	2.326919	0.0	29583867	922	0.0
1606467243.12	160000	2.003728	0.0	45444680	956	80.0
1606467247.76	160000	1.35771	2.986	54798068	4375	-317.76
1606467248.85	80000	1.311591	0.047	20600381	966	-7.519999999999996
1606467255.12	160000	1.392666	5.35	50637608	6012	-776.0
1606467256.72	160000	1.493104	0.703	19559369	1501	47.519999999999996
1606467258.82	160000	1.44669	1.044	22224402	1980	-7.039999999999992
1606467260.55	160000	1.491371	0.781	22578365	1620	35.040000000000006
1606467261.28	160000	1.76655	0.0	8346702	670	160.0
1606467262.87	160000	1.274507	0.097	15775481	1505	144.48
1606467263.56	160000	1.57917	0.0	9163235	637	160.0
1606467267.18	160000	1.373736	2.412	41307095	3423	-225.92000000000002
1606467269.66	160000	1.286546	1.386	28763893	2325	-61.75999999999999
1606467271.32	160000	1.387286	0.762	21266416	1550	38.08
1606467273.28	160000	1.43695	1.009	23702229	1840	-1.4399999999999977
1606467275.56	160000	1.447047	1.285	27580394	2141	-45.599999999999994
1606467277.15	160000	1.483119	0.632	20329780	1494	58.879999999999995
1606467278.67	160000	1.36632	0.403	16109183	1437	95.52
1606467281.56	80000	1.270027	1.791	34554431	2705	-286.56
1606467284.45	80000	1.31225	1.925	37801487	2686	-228.0
1606467285.78	160000	1.488883	0.512	15251076	1260	-1.9200000000000017
1606467287.22	160000	1.255676	0.201	16574034	1341	127.84
1606467288.34	160000	1.457314	0.325	13009028	1057	108.0
1606467289.33	160000	1.47332	0.0	12791674	910	160.0
1606467290.14	160000	1.663526	0.0	11137898	745	160.0
1606467291.07	160000	1.735376	0.0	11485310	855	160.0
1606467292.3	160000	1.503077	0.0	12428518	1159	160.0
1606467293.17	160000	1.634566	0.0	9963766	805	160.0
1606467294.06	160000	1.742055	0.0	12189364	821	160.0
1606467294.88	160000	1.927137	0.0	10142396	755	160.0
1606467295.66	160000	2.151205	0.0	10185488	713	160.0
1606467296.69	160000	2.116553	0.0	14061455	955	160.0
1606467298.24	160000	1.568403	0.0	20074099	1431	160.0
1606467300.16	80000	1.29331	0.637	26113743	1774	-101.92
1606467304.14	160000	1.43122	3.122	40906522	3777	-419.52
1606467304.87	160000	1.706257	0.0	7891151	673	160.0
1606467306.69	160000	1.305321	0.42	21012466	1707	92.8
1606467308.52	160000	1.474384	0.998	23519424	1714	0.3199999999999932
1606467309.91	160000	1.47453	0.388	18715420	1288	97.92
1606467311.19	160000	1.358509	0.166	17000816	1191	133.44
1606467312.48	160000	1.280466	0.213	14448126	1217	125.92
1606467313.0	160000	1.764776	0.0	6958676	468	160.0
1606467313.79	160000	1.976186	0.0	9088791	733	160.0
1606467314.44	160000	2.324941	0.0	7211881	604	160.0
1606467314.68	160000	3.086432	0.0	3063586	210	160.0
1606467314.9	160000	3.869096	0.0	2782179	191	160.0
1606467315.74	160000	4.02553	0.0	9958410	780	160.0
1606467316.75	160000	4.018325	0.0	12158708	936	160.0
1606467317.82	160000	3.952392	0.0	12300216	993	160.0
1606467319.13	160000	3.641793	0.0	15815684	1218	160.0
1606467320.41	160000	3.363584	0.0	13526256	1200	160.0
1606467321.45	160000	3.325333	0.0	11995130	966	160.0
1606467322.62	160000	3.15096	0.0	13394791	1095	160.0
1606467323.84	160000	2.93285	0.0	14135828	1138	160.0
1606467325.35	160000	2.422337	0.0	15366126	1426	160.0
1606467326.68	160000	2.093525	0.0	14248439	1242	160.0
1606467327.86	160000	1.920922	0.0	13843717	1093	160.0
1606467329.03	160000	1.751878	0.0	14665119	1079	160.0
1606467332.13	160000	1.263448	1.608	21079187	2975	-97.27999999999997
1606467333.51	160000	1.37257	0.491	25480074	1258	81.44
1606467334.42	160000	1.461484	0.0	23021754	775	160.0
1606467335.07	160000	1.812049	0.0	27527834	494	160.0
1606467335.64	160000	2.241689	0.0	26155848	428	160.0
1606467335.99	160000	2.896174	0.0	17849379	242	160.0
1606467336.32	160000	3.566556	0.0	16546531	224	160.0
1606467336.81	160000	4.081364	0.0	17718949	378	160.0
1606467337.33	160000	4.558868	0.0	17337137	419	160.0
1606467337.82	160000	5.073986	0.0	20008245	360	160.0
1606467339.2	160000	4.688575	0.0	58430914	1000	160.0
1606467339.6	160000	5.28995	0.0	16292703	291	160.0
1606467340.23	160000	5.662073	0.0	25587422	487	160.0
1606467341.02	160000	5.872362	0.0	23982306	653	160.0
1606467341.72	160000	6.17062	0.0	13347845	624	160.0
1606467345.25	160000	3.642414	0.0	14337991	3440	160.0
1606467346.56	160000	3.33856	0.0	14584990	1219	160.0
1606467347.01	160000	3.883649	0.0	13962401	372	160.0
1606467347.48	160000	4.417104	0.0	14393788	383	160.0
1606467347.75	160000	5.150279	0.0	14649457	184	160.0
1606467348.0	160000	5.903676	0.0	13409715	168	160.0
1606467348.25	160000	6.647874	0.0	13909605	174	160.0
1606467348.5	160000	7.40408	0.0	13301968	166	160.0
1606467348.83	160000	8.074711	0.0	19025846	213	160.0
1606467349.19	160000	8.709819	0.0	19295426	250	160.0
1606467349.51	160000	9.390461	0.0	18261873	204	160.0
1606467349.87	160000	10.040617	0.0	19847604	229	160.0
1606467350.19	160000	10.711882	0.0	18767181	216	160.0
1606467350.59	160000	11.32239	0.0	22420858	260	160.0
1606467350.99	160000	11.918112	0.0	19324333	284	160.0
1606467351.41	160000	12.498829	0.0	20392234	299	160.0
1606467351.57	160000	13.342132	0.0	7671072	105	160.0
1606467351.89	160000	14.01698	0.0	17781906	223	160.0
1606467352.13	160000	14.779657	0.0	12839336	161	160.0
1606467352.33	160000	15.581015	0.0	10779770	135	160.0
1606467352.6	160000	16.309673	0.0	14606687	188	160.0
1606467353.46	160000	16.456802	0.0	41866951	606	160.0
1606467354.17	160000	16.751141	0.0	37238410	481	160.0
1606467354.44	160000	17.480904	0.0	14347759	184	160.0
1606467354.7	160000	18.222035	0.0	11399187	185	160.0
1606467354.92	160000	18.994304	0.0	10358641	164	160.0
1606467355.23	160000	19.685573	0.0	14315696	228	160.0
1606467355.73	160000	20.195056	0.0	23283631	358	160.0
1606467356.49	160000	20.434297	0.0	37521367	534	160.0
1606467356.86	160000	21.066544	0.0	22241104	237	160.0
1606467357.12	160000	21.801972	0.0	15813346	166	160.0
1606467357.4	160000	22.521576	0.0	17116450	180	160.0
1606467357.73	160000	23.199394	0.0	18867054	201	160.0
1606467358.02	160000	23.906127	0.0	17393609	187	160.0
1606467358.44	160000	24.490144	0.0	24759401	268	160.0
1606467358.87	160000	25.064266	0.0	25782433	277	160.0
1606467359.31	160000	25.623519	0.0	25885372	278	160.0
1606467359.74	160000	26.190889	0.0	26242011	276	160.0
1606467360.12	160000	26.812099	0.0	23865378	227	160.0
1606467360.52	160000	27.418895	0.0	25470681	241	160.0
1606467360.96	160000	27.972758	0.0	27258768	276	160.0
1606467361.25	160000	28.68264	0.0	17853711	182	160.0
1606467361.49	160000	29.445351	0.0	14829893	151	160.0
1606467361.89	160000	30.045385	0.0	27779697	240	160.0
1606467362.28	160000	30.657428	0.0	27714923	232	160.0
1606467362.65	160000	31.285716	0.0	25946474	220	160.0
1606467362.93	160000	32.006596	0.0	19596259	167	160.0
1606467363.28	160000	32.664864	0.0	23774167	204	160.0
1606467363.57	160000	33.373911	0.0	19373656	176	160.0
1606467364.0	160000	33.94768	0.0	23977420	292	160.0
1606467364.43	160000	34.51172	0.0	24493733	295	160.0
1606467364.7	160000	35.247405	0.0	14528511	180	160.0
1606467365.02	160000	35.921623	0.0	16841176	226	160.0
1606467365.36	160000	36.588932	0.0	16743604	232	160.0
1606467365.73	160000	37.216015	0.0	17975224	265	160.0
1606467366.34	160000	37.612757	0.0	22329548	467	160.0
1606467368.15	160000	36.801097	0.0	16001583	1716	160.0
1606467369.71	160000	36.244981	0.0	18238584	1447	160.0
1606467370.17	160000	36.78594	0.0	21308824	331	160.0
1606467370.55	160000	37.399793	0.0	17749058	279	160.0
1606467370.77	160000	38.183496	0.0	14127787	134	160.0
1606467371.03	160000	38.922061	0.0	17525699	149	160.0
1606467371.23	160000	39.723409	0.0	14240042	117	160.0
1606467371.52	160000	40.436568	0.0	20324139	167	160.0
1606467371.8	160000	41.156659	0.0	21993033	152	160.0
1606467372.04	160000	41.924109	0.0	18863108	114	160.0
1606467372.23	160000	42.729124	0.0	15964734	96	160.0
1606467372.34	160000	43.624485	0.0	8284939	50	160.0
1606467372.45	160000	44.511792	0.0	9004706	54	160.0
1606467372.54	160000	45.420121	0.0	6955279	39	160.0
1606467372.68	160000	46.286952	0.0	10701639	67	160.0
1606467372.81	160000	47.150559	0.0	9459459	77	160.0
1606467372.87	160000	48.095659	0.0	3212828	26	160.0
1606467372.92	160000	49.050751	0.0	2509989	20	160.0
1606467372.95	160000	50.013006	0.0	2004927	16	160.0
1606467372.97	160000	50.994	0.0	591360	4	160.0
1606467373.02	160000	52.385531	0.0	2394426	20	160.0
1606467373.41	40000	1.000999	0.027	336477	3	-4.32
1606467373.67	160000	2.001999	0.0	14912671	121	40.0
1606467374.06	160000	2.647698	0.0	24265636	158	160.0
1606467374.34	160000	3.366891	0.0	22711544	147	160.0
1606467374.59	160000	4.124258	0.0	19639705	127	160.0
1606467374.98	160000	4.728506	0.0	20946809	270	160.0
1606467375.24	160000	5.503571	0.0	11895609	173	160.0
1606467375.4	160000	6.379498	0.0	7597636	110	160.0
1606467380.19	160000	2.711991	0.0	56067905	4312	160.0
1606467380.72	160000	3.182126	0.0	45444680	282	160.0
1606467381.3	160000	3.607511	0.0	54798068	278	160.0
1606467382.13	160000	3.780077	0.0	69464107	357	160.0
1606467382.69	160000	4.211804	0.0	50637608	282	160.0
1606467383.06	160000	4.850357	0.0	19559369	242	160.0
1606467383.46	160000	5.445336	0.0	22224402	275	160.0
1606467383.91	160000	5.99806	0.0	22578365	297	160.0
1606467384.1	160000	6.809475	0.0	8346702	131	160.0
1606467384.45	160000	7.463278	0.0	15775481	247	160.0
1606467384.66	160000	8.255768	0.0	9163235	144	160.0
1606467388.36	160000	5.577438	0.0	41307095	3472	160.0
1606467390.03	160000	4.910111	0.0	28763893	1481	160.0
1606467390.43	160000	5.508512	0.0	21266416	280	160.0
1606467390.89	160000	6.053019	0.0	23702229	305	160.0
1606467391.33	160000	6.613765	0.0	27580394	277	160.0
1606467391.67	160000	7.279403	0.0	20329780	204	160.0
1606467391.95	160000	7.99978	0.0	16109183	186	160.0
1606467393.02	160000	7.929401	0.0	58830800	719	160.0
