1606487844.83	40000	1.000999	0.031	334476	20	-4.960000000000001
1606487846.04	80000	1.408289	0.258	14912671	1003	-1.2800000000000011
1606487847.76	80000	1.347251	0.635	22644885	1575	-21.599999999999994
1606487849.15	80000	1.435965	0.453	17135714	1298	7.519999999999996
1606487850.63	160000	1.314995	0.333	19639705	1365	26.72
1606487852.13	160000	1.295547	0.457	20946809	1379	86.88
1606487852.79	160000	1.635067	0.0	11895609	588	160.0
1606487853.06	160000	2.362082	0.0	7597636	223	160.0
1606487854.97	160000	1.458561	0.0	56067905	1407	160.0
1606487860.04	160000	1.267447	3.878	45444680	4848	-460.48
1606487862.15	160000	1.39666	1.237	54798068	1850	-37.91999999999999
1606487864.17	160000	1.232756	0.859	69464107	1613	22.560000000000002
1606487865.38	160000	1.492382	0.466	50637608	966	85.44
1606487865.85	160000	2.022597	0.0	19559369	349	160.0
1606487866.43	160000	2.437506	0.0	22224402	450	160.0
1606487867.01	160000	2.869378	0.0	22578365	442	160.0
1606487867.22	160000	3.649887	0.0	8346702	152	160.0
1606487867.61	160000	4.259027	0.0	15775481	289	160.0
1606487867.84	160000	5.03959	0.0	9163235	162	160.0
1606487868.7	160000	5.177407	0.0	41307095	634	160.0
1606487869.29	160000	5.589915	0.0	28763893	408	160.0
1606487869.72	160000	6.168855	0.0	21266416	298	160.0
1606487870.15	160000	6.730943	0.0	23702229	274	160.0
1606487870.61	160000	7.277886	0.0	27580394	309	160.0
1606487870.98	160000	7.904719	0.0	20329780	230	160.0
1606487871.27	160000	8.616768	0.0	16109183	187	160.0
1606487872.25	160000	8.631367	0.0	58830800	651	160.0
1606487873.26	160000	8.624377	0.0	66935122	638	160.0
1606487873.52	160000	9.365186	0.0	15251076	170	160.0
1606487873.8	160000	10.083342	0.0	16574034	184	160.0
1606487874.01	160000	10.878072	0.0	13009028	132	160.0
1606487874.23	160000	11.659554	0.0	12791674	128	160.0
1606487874.41	160000	12.480808	0.0	11137898	112	160.0
1606487874.6	160000	13.295511	0.0	11485310	116	160.0
1606487874.79	160000	14.096695	0.0	12428518	125	160.0
1606487874.99	160000	14.898507	0.0	9963766	137	160.0
1606487875.25	160000	15.647009	0.0	12189364	167	160.0
1606487875.45	160000	16.443201	0.0	10142396	138	160.0
1606487875.65	160000	17.239668	0.0	10185488	139	160.0
1606487876.04	160000	17.856369	0.0	14061455	300	160.0
1606487878.98	160000	15.91689	0.0	20074099	2815	160.0
1606487883.05	160000	12.845621	0.0	46115254	3808	160.0
1606487886.22	160000	10.682055	0.0	40906522	2922	160.0
1606487886.84	160000	11.056583	0.0	7891151	573	160.0
1606487888.41	160000	10.492619	0.0	21012466	1440	160.0
1606487889.39	160000	10.508013	0.0	23519424	844	160.0
1606487890.02	160000	10.883374	0.0	18715420	513	160.0
1606487890.56	160000	11.33884	0.0	17000816	443	160.0
1606487891.05	160000	11.854717	0.0	14448126	389	160.0
1606487891.33	160000	12.575997	0.0	6958676	231	160.0
1606487891.69	160000	13.218118	0.0	9088791	302	160.0
1606487891.99	160000	13.914012	0.0	7211881	257	160.0
1606487892.19	160000	14.722898	0.0	3063586	165	160.0
1606487892.36	160000	15.548843	0.0	2782179	149	160.0
1606487892.96	160000	15.953249	0.0	9958410	537	160.0
1606487893.54	160000	16.373468	0.0	12158708	507	160.0
1606487894.12	160000	16.797203	0.0	12300216	499	160.0
1606487894.85	160000	17.064863	0.0	15815684	638	160.0
1606487895.54	160000	17.374102	0.0	13526256	610	160.0
1606487896.12	160000	17.793169	0.0	11995130	508	160.0
1606487896.66	160000	18.252318	0.0	13394791	464	160.0
1606487897.5	160000	18.414081	0.0	14135828	759	160.0
1606487898.75	160000	18.165365	0.0	15366126	1160	160.0
1606487899.99	160000	17.933068	0.0	14248439	1151	160.0
1606487901.29	160000	17.631608	0.0	13843717	1221	160.0
1606487902.55	160000	17.373418	0.0	14665119	1168	160.0
1606487904.4	160000	16.520247	0.0	21079187	1732	160.0
1606487906.54	160000	15.381291	0.0	25480074	1997	160.0
1606487908.4	160000	14.520595	0.0	23021754	1723	160.0
1606487910.56	160000	13.367959	0.0	27527834	1997	160.0
1606487912.7	160000	12.224824	0.0	26155848	1982	160.0
1606487914.05	160000	11.875757	0.0	17849379	1245	160.0
1606487915.29	160000	11.642797	0.0	16546531	1135	160.0
1606487916.15	160000	11.779242	0.0	17718949	757	160.0
1606487916.42	160000	12.512398	0.0	17337137	161	160.0
1606487916.73	160000	13.203371	0.0	20008245	188	160.0
1606487917.59	160000	13.347069	0.0	58430914	545	160.0
1606487917.85	160000	14.08712	0.0	16292703	153	160.0
1606487918.23	160000	14.705247	0.0	25587422	236	160.0
1606487918.57	160000	15.37828	0.0	23982306	195	160.0
1606487918.76	160000	16.176037	0.0	13347845	108	160.0
1606487918.96	160000	16.974502	0.0	14337991	116	160.0
1606487919.18	160000	17.764102	0.0	14584990	114	160.0
1606487919.38	160000	18.563138	0.0	13962401	117	160.0
1606487919.58	160000	19.361352	0.0	14393788	122	160.0
1606487919.79	160000	20.155029	0.0	14649457	122	160.0
1606487919.98	160000	20.964507	0.0	13409715	112	160.0
1606487920.18	160000	21.763895	0.0	13909605	113	160.0
1606487920.37	160000	22.574719	0.0	13301968	108	160.0
1606487920.64	160000	23.302268	0.0	19025846	154	160.0
1606487920.91	160000	24.03389	0.0	19295426	157	160.0
1606487921.18	160000	24.771346	0.0	18261873	148	160.0
1606487921.46	160000	25.492289	0.0	19847604	155	160.0
1606487921.72	160000	26.231711	0.0	18767181	147	160.0
1606487922.02	160000	26.928149	0.0	22420858	177	160.0
1606487922.3	160000	27.656584	0.0	19324333	153	160.0
1606487922.57	160000	28.38155	0.0	20392234	162	160.0
1606487922.69	160000	29.262243	0.0	7671072	67	160.0
1606487922.93	160000	30.022059	0.0	17781906	142	160.0
1606487923.11	160000	30.846037	0.0	12839336	102	160.0
1606487923.46	160000	31.500742	0.0	10779770	279	160.0
1606487923.91	160000	32.046866	0.0	14606687	369	160.0
1606487926.06	160000	30.901626	0.0	41866951	1893	160.0
1606487928.47	160000	29.486801	0.0	37238410	2189	160.0
1606487928.82	160000	30.1391	0.0	14347759	264	160.0
1606487929.11	160000	30.860957	0.0	11399187	210	160.0
1606487929.33	160000	31.632494	0.0	10358641	146	160.0
1606487929.61	160000	32.349926	0.0	14315696	200	160.0
1606487930.08	160000	32.885303	0.0	23283631	325	160.0
1606487930.93	160000	33.041107	0.0	37521367	625	160.0
1606487931.59	160000	33.379977	0.0	22241104	540	160.0
1606487932.2	160000	33.770534	0.0	15813346	512	160.0
1606487932.7	160000	34.2685	0.0	17116450	392	160.0
1606487933.26	160000	34.710155	0.0	18867054	444	160.0
1606487933.94	160000	35.02932	0.0	17393609	584	160.0
1606487935.17	160000	34.802053	0.0	24759401	1077	160.0
1606487938.43	160000	32.539487	0.0	25782433	3117	160.0
1606487939.63	160000	32.343311	0.0	25885372	1036	160.0
1606487940.24	160000	32.736808	0.0	26242011	455	160.0
1606487940.72	160000	33.260326	0.0	23865378	323	160.0
1606487941.21	160000	33.771118	0.0	25470681	331	160.0
1606487941.7	160000	34.273711	0.0	27258768	341	160.0
1606487942.03	160000	34.951177	0.0	17853711	223	160.0
1606487942.3	160000	35.67857	0.0	14829893	190	160.0
1606487942.76	160000	36.219242	0.0	27779697	308	160.0
1606487943.22	160000	36.759299	0.0	27714923	309	160.0
1606487943.67	160000	37.311025	0.0	25946474	298	160.0
1606487944.01	160000	37.977346	0.0	19596259	225	160.0
1606487944.41	160000	38.57467	0.0	23774167	267	160.0
1606487944.73	160000	39.257268	0.0	19373656	205	160.0
1606487945.12	160000	39.867455	0.0	23977420	252	160.0
1606487945.51	160000	40.47341	0.0	24493733	249	160.0
1606487945.74	160000	41.244017	0.0	14528511	147	160.0
1606487946.01	160000	41.978466	0.0	16841176	170	160.0
1606487946.29	160000	42.705034	0.0	16743604	169	160.0
1606487946.56	160000	43.427425	0.0	17975224	167	160.0
1606487946.91	160000	44.087038	0.0	22329548	208	160.0
1606487947.15	160000	44.840141	0.0	16001583	149	160.0
1606487947.42	160000	45.57245	0.0	18238584	162	160.0
1606487947.74	160000	46.254611	0.0	21308824	186	160.0
1606487948.0	160000	46.999789	0.0	17749058	155	160.0
1606487948.21	160000	47.792367	0.0	14127787	123	160.0
1606487948.46	160000	48.540842	0.0	17525699	147	160.0
1606487948.66	160000	49.34281	0.0	14240042	118	160.0
1606487948.94	160000	50.060859	0.0	20324139	168	160.0
1606487949.25	160000	50.749042	0.0	21993033	183	160.0
1606487949.51	160000	51.492005	0.0	18863108	144	160.0
1606487949.73	160000	52.27677	0.0	15964734	121	160.0
1606487949.84	160000	53.161778	0.0	8284939	63	160.0
1606487949.97	160000	54.030808	0.0	9004706	67	160.0
1606487950.07	160000	54.933158	0.0	6955279	53	160.0
1606487950.22	160000	55.786712	0.0	10701639	81	160.0
1606487950.35	160000	56.656291	0.0	9459459	69	160.0
1606487950.4	160000	57.60562	0.0	3212828	22	160.0
1606487950.45	160000	58.563515	0.0	2509989	17	160.0
1606487950.49	160000	59.52209	0.0	2004927	8	160.0
1606487951.51	160000	59.602798	0.0	591360	4	160.0
1606487953.06	160000	59.537468	0.0	2394426	18	160.0
1606487953.41	40000	1.000999	0.029	336477	2	-4.640000000000001
1606487953.68	160000	2.001999	0.0	14912671	113	40.0
1606487954.1	160000	2.666985	0.0	24265636	184	160.0
1606487954.42	160000	3.348178	0.0	22711544	173	160.0
1606487954.77	160000	4.003977	0.0	19639705	215	160.0
1606487955.12	160000	4.646139	0.0	20946809	229	160.0
1606487955.33	160000	5.464725	0.0	11895609	130	160.0
1606487955.44	160000	6.402412	0.0	7597636	38	160.0
1606487956.19	160000	6.747406	0.0	56067905	276	160.0
1606487956.68	160000	7.292218	0.0	45444680	231	160.0
1606487957.24	160000	7.756192	0.0	54798068	255	160.0
1606487958.03	160000	7.99273	0.0	69464107	334	160.0
1606487958.56	160000	8.501492	0.0	50637608	244	160.0
1606487958.77	160000	9.291541	0.0	19559369	98	160.0
1606487959.01	160000	10.054133	0.0	22224402	106	160.0
1606487959.25	160000	10.815041	0.0	22578365	109	160.0
1606487959.34	160000	11.716529	0.0	8346702	44	160.0
1606487959.51	160000	12.549842	0.0	15775481	72	160.0
1606487959.61	160000	13.447889	0.0	9163235	42	160.0
1606487960.03	160000	14.033369	0.0	41307095	188	160.0
1606487960.34	160000	14.726535	0.0	28763893	132	160.0
1606487960.56	160000	15.501263	0.0	21266416	105	160.0
1606487960.85	160000	16.220265	0.0	23702229	119	160.0
1606487961.14	160000	16.930856	0.0	27580394	137	160.0
1606487961.37	160000	17.697054	0.0	20329780	101	160.0
1606487961.56	160000	18.507869	0.0	16109183	92	160.0
1606487962.25	160000	18.823885	0.0	58830800	333	160.0
1606487962.98	160000	19.094654	0.0	66935122	362	160.0
1606487963.15	160000	19.918295	0.0	15251076	81	160.0
