1606515481.09	40000	1.000999	0.039	334476	28	-6.240000000000002
1606515482.56	80000	1.437712	0.555	14912671	1275	-48.8
1606515484.39	80000	1.331446	0.701	22644885	1676	-32.16
1606515485.99	80000	1.415608	0.663	17135714	1502	-26.08
1606515487.46	160000	1.274353	0.303	19639705	1353	31.52000000000001
1606515488.99	160000	1.269822	0.506	20946809	1425	79.04
1606515489.89	160000	1.380536	0.0	11895609	814	160.0
1606515491.37	160000	1.27816	0.379	7597636	1427	99.36
1606515493.93	80000	1.325255	1.592	29583867	2345	-254.72
1606515496.75	80000	1.402553	1.898	15816325	2723	-223.68
1606515498.14	80000	1.319112	0.296	15275967	1305	32.64
1606515499.31	80000	1.366585	0.223	20600381	1060	44.32
1606515500.23	80000	1.442476	0.0	17710542	814	80.0
1606515501.05	160000	1.630786	0.0	19559369	686	80.0
1606515501.9	160000	1.776717	0.0	22224402	709	160.0
1606515502.69	160000	1.995111	0.0	22578365	647	160.0
1606515502.99	160000	2.69648	0.0	8346702	236	160.0
1606515503.49	160000	3.195861	0.0	15775481	402	160.0
1606515503.78	160000	3.899132	0.0	9163235	234	160.0
1606515505.73	160000	2.959231	0.0	41307095	1663	160.0
1606515509.95	160000	1.348613	1.616	28763893	4086	-98.56
1606515511.34	160000	1.465997	0.501	21266416	1264	79.84
1606515512.07	160000	1.732016	0.0	23702229	599	160.0
1606515512.56	160000	2.244818	0.0	27580394	334	160.0
1606515512.93	160000	2.876332	0.0	20329780	237	160.0
1606515513.22	160000	3.588471	0.0	16109183	187	160.0
1606515514.36	160000	3.453212	0.0	58830800	670	160.0
1606515515.49	160000	3.323691	0.0	66935122	759	160.0
1606515515.74	160000	4.071527	0.0	15251076	164	160.0
1606515516.02	160000	4.790297	0.0	16574034	181	160.0
1606515516.23	160000	5.582506	0.0	13009028	132	160.0
1606515516.44	160000	6.375864	0.0	12791674	129	160.0
1606515516.62	160000	7.193557	0.0	11137898	113	160.0
1606515516.81	160000	8.003912	0.0	11485310	116	160.0
1606515517.01	160000	8.803762	0.0	12428518	125	160.0
1606515517.7	160000	9.121471	0.0	9963766	615	160.0
1606515518.64	160000	9.173881	0.0	12189364	874	160.0
1606515519.52	160000	9.299952	0.0	10142396	807	160.0
1606515520.2	160000	9.621805	0.0	10185488	614	160.0
1606515520.53	160000	10.289225	0.0	14061455	249	160.0
1606515521.01	160000	10.815342	0.0	20074099	358	160.0
1606515522.7	160000	10.122994	0.0	46115254	1419	160.0
1606515524.58	160000	9.24966	0.0	40906522	1632	160.0
1606515524.99	160000	9.838763	0.0	7891151	356	160.0
1606515525.97	160000	9.854302	0.0	21012466	857	160.0
1606515527.04	160000	9.796506	0.0	23519424	926	160.0
1606515527.94	160000	9.888509	0.0	18715420	792	160.0
1606515528.87	160000	9.962363	0.0	17000816	826	160.0
1606515529.79	160000	10.035706	0.0	14448126	840	160.0
1606515530.33	160000	10.499878	0.0	6958676	487	160.0
1606515531.23	160000	10.602365	0.0	9088791	841	160.0
1606515531.84	160000	10.995999	0.0	7211881	557	160.0
1606515532.1	160000	11.730467	0.0	3063586	236	160.0
1606515532.32	160000	12.511203	0.0	2782179	192	160.0
1606515533.08	160000	12.762391	0.0	9958410	687	160.0
1606515534.04	160000	12.796795	0.0	12158708	894	160.0
1606515534.99	160000	12.846713	0.0	12300216	875	160.0
1606515536.24	160000	12.596769	0.0	15815684	1152	160.0
1606515537.48	160000	12.357951	0.0	13526256	1160	160.0
1606515538.42	160000	12.423454	0.0	11995130	861	160.0
1606515539.16	160000	12.687464	0.0	13394791	659	160.0
1606515539.48	160000	13.363222	0.0	14135828	239	160.0
1606515539.82	160000	14.025483	0.0	15366126	250	160.0
1606515540.14	160000	14.704312	0.0	14248439	239	160.0
1606515540.58	160000	15.270902	0.0	13843717	356	160.0
1606515541.07	160000	15.779167	0.0	14665119	403	160.0
1606515541.64	160000	16.206139	0.0	21079187	452	160.0
1606515542.27	160000	16.577485	0.0	25480074	489	160.0
1606515542.72	160000	17.133685	0.0	23021754	308	160.0
1606515543.24	160000	17.614096	0.0	27527834	367	160.0
1606515543.74	160000	18.115343	0.0	26155848	335	160.0
1606515544.08	160000	18.777858	0.0	17849379	234	160.0
1606515544.38	160000	19.470726	0.0	16546531	208	160.0
1606515544.71	160000	20.14452	0.0	17718949	218	160.0
1606515545.03	160000	20.830432	0.0	17337137	213	160.0
1606515545.39	160000	21.467458	0.0	20008245	242	160.0
1606515546.4	160000	21.466597	0.0	58430914	682	160.0
1606515546.7	160000	22.158794	0.0	16292703	203	160.0
1606515547.16	160000	22.696728	0.0	25587422	320	160.0
1606515548.09	160000	22.771295	0.0	23982306	790	160.0
1606515549.04	160000	22.824212	0.0	13347845	869	160.0
1606515549.67	160000	23.19595	0.0	14337991	549	160.0
1606515550.19	160000	23.674508	0.0	14584990	441	160.0
1606515550.55	160000	24.313168	0.0	13962401	286	160.0
1606515550.91	160000	24.956948	0.0	14393788	278	160.0
1606515551.28	160000	25.588545	0.0	14649457	283	160.0
1606515552.3	160000	25.570443	0.0	13409715	941	160.0
1606515553.36	160000	25.506875	0.0	13909605	987	160.0
1606515553.62	160000	26.259048	0.0	13301968	173	160.0
1606515553.98	160000	26.893561	0.0	19025846	246	160.0
1606515554.34	160000	27.53581	0.0	19295426	251	160.0
1606515554.67	160000	28.202082	0.0	18261873	227	160.0
1606515555.03	160000	28.840357	0.0	19847604	247	160.0
1606515555.38	160000	29.494462	0.0	18767181	234	160.0
1606515555.88	160000	30.002244	0.0	22420858	363	160.0
1606515556.31	160000	30.568709	0.0	19324333	313	160.0
1606515557.84	160000	30.042557	0.0	20392234	1409	160.0
1606515558.38	160000	30.503002	0.0	7671072	488	160.0
1606515560.13	160000	29.754341	0.0	17781906	1640	160.0
1606515561.26	160000	29.617657	0.0	12839336	1061	160.0
1606515562.19	160000	29.692661	0.0	10779770	855	160.0
1606515563.3	160000	29.58584	0.0	14606687	1024	160.0
1606515566.58	160000	27.300777	0.0	41866951	3045	160.0
1606515567.31	160000	27.580328	0.0	37238410	493	160.0
1606515567.58	160000	28.31103	0.0	14347759	188	160.0
1606515567.79	160000	29.093669	0.0	11399187	149	160.0
1606515567.99	160000	29.893784	0.0	10358641	136	160.0
1606515568.27	160000	30.627595	0.0	14315696	186	160.0
1606515568.78	160000	31.107652	0.0	23283631	382	160.0
1606515569.69	160000	31.197537	0.0	37521367	688	160.0
1606515570.26	160000	31.630859	0.0	22241104	438	160.0
1606515570.67	160000	32.223432	0.0	15813346	307	160.0
1606515571.1	160000	32.791037	0.0	17116450	331	160.0
1606515571.77	160000	33.12233	0.0	18867054	479	160.0
1606515572.42	160000	33.47847	0.0	17393609	543	160.0
1606515574.06	160000	32.834216	0.0	24759401	1506	160.0
1606515574.82	160000	33.080793	0.0	25782433	611	160.0
1606515575.42	160000	33.4813	0.0	25885372	427	160.0
1606515575.98	160000	33.91715	0.0	26242011	419	160.0
1606515576.51	160000	34.389573	0.0	23865378	381	160.0
1606515577.01	160000	34.894537	0.0	25470681	352	160.0
1606515577.55	160000	35.354788	0.0	27258768	369	160.0
1606515577.91	160000	36.00273	0.0	17853711	247	160.0
1606515578.21	160000	36.693924	0.0	14829893	217	160.0
1606515578.75	160000	37.160389	0.0	27779697	370	160.0
1606515579.26	160000	37.649901	0.0	27714923	356	160.0
1606515579.73	160000	38.175037	0.0	25946474	322	160.0
1606515580.1	160000	38.816766	0.0	19596259	235	160.0
1606515580.52	160000	39.395377	0.0	23774167	285	160.0
1606515580.86	160000	40.063595	0.0	19373656	216	160.0
1606515581.25	160000	40.658057	0.0	23977420	266	160.0
1606515581.68	160000	41.232533	0.0	24493733	291	160.0
1606515581.96	160000	41.958197	0.0	14528511	190	160.0
1606515582.28	160000	42.638246	0.0	16841176	221	160.0
1606515582.58	160000	43.332286	0.0	16743604	209	160.0
1606515582.89	160000	44.026481	0.0	17975224	201	160.0
1606515583.27	160000	44.647681	0.0	22329548	249	160.0
1606515583.55	160000	45.374132	0.0	16001583	179	160.0
1606515583.85	160000	46.066266	0.0	18238584	206	160.0
1606515584.23	160000	46.695902	0.0	21308824	248	160.0
1606515584.53	160000	47.395277	0.0	17749058	199	160.0
1606515584.77	160000	48.157728	0.0	14127787	159	160.0
1606515585.07	160000	48.853291	0.0	17525699	198	160.0
1606515585.31	160000	49.613262	0.0	14240042	160	160.0
1606515585.65	160000	50.280976	0.0	20324139	215	160.0
1606515585.98	160000	50.94686	0.0	21993033	213	160.0
1606515586.28	160000	51.647799	0.0	18863108	183	160.0
1606515586.54	160000	52.391081	0.0	15964734	155	160.0
1606515586.68	160000	53.253687	0.0	8284939	86	160.0
1606515586.83	160000	54.105573	0.0	9004706	92	160.0
1606515586.94	160000	54.99076	0.0	6955279	71	160.0
1606515587.12	160000	55.81662	0.0	10701639	109	160.0
1606515587.27	160000	56.659899	0.0	9459459	97	160.0
1606515587.34	160000	57.591647	0.0	3212828	31	160.0
1606515587.4	160000	58.540501	0.0	2509989	26	160.0
1606515587.44	160000	59.496408	0.0	2004927	20	160.0
1606515588.47	160000	59.602513	0.0	591360	5	160.0
1606515590.02	160000	59.537259	0.0	2394426	25	160.0
1606515590.33	40000	1.000999	0.028	336477	3	-4.480000000000004
1606515590.64	160000	2.001999	0.0	14912671	134	40.0
1606515591.1	160000	2.597789	0.0	24265636	239	160.0
1606515591.47	160000	3.234222	0.0	22711544	224	160.0
1606515591.77	160000	3.926644	0.0	19639705	186	160.0
1606515592.1	160000	4.602596	0.0	20946809	198	160.0
1606515592.29	160000	5.506026	0.0	11895609	113	160.0
1606515592.41	160000	6.419598	0.0	7597636	72	160.0
1606515593.36	160000	6.49935	0.0	56067905	458	160.0
1606515594.0	160000	6.944156	0.0	45444680	381	160.0
1606515594.79	160000	7.178723	0.0	54798068	476	160.0
1606515595.81	160000	7.19108	0.0	69464107	576	160.0
1606515596.54	160000	7.454374	0.0	50637608	471	160.0
1606515596.83	160000	8.16824	0.0	19559369	169	160.0
1606515597.15	160000	8.852004	0.0	22224402	192	160.0
1606515597.47	160000	9.530524	0.0	22578365	196	160.0
1606515597.59	160000	10.41339	0.0	8346702	66	160.0
1606515597.79	160000	11.213369	0.0	15775481	107	160.0
1606515597.92	160000	12.090176	0.0	9163235	62	160.0
1606515598.42	160000	12.584071	0.0	41307095	282	160.0
1606515598.8	160000	13.205957	0.0	28763893	193	160.0
1606515599.07	160000	13.936333	0.0	21266416	142	160.0
1606515599.38	160000	14.62698	0.0	23702229	159	160.0
1606515599.73	160000	15.283152	0.0	27580394	184	160.0
1606515600.0	160000	16.008452	0.0	20329780	136	160.0
1606515600.21	160000	16.799995	0.0	16109183	104	160.0
1606515600.94	160000	17.076328	0.0	58830800	380	160.0
1606515601.75	160000	17.268009	0.0	66935122	441	160.0
1606515601.95	160000	18.069392	0.0	15251076	105	160.0
