1606511559.72	40000	1.000999	0.055	334476	41	-8.8
1606511561.19	80000	1.474309	0.581	14912671	1281	-52.959999999999994
1606511562.89	80000	1.327853	0.525	22644885	1551	-4.0
1606511564.37	80000	1.419987	0.553	17135714	1389	-8.480000000000004
1606511566.0	160000	1.269451	0.447	19639705	1508	8.480000000000004
1606511567.74	160000	1.268902	0.717	20946809	1626	45.28
1606511568.21	160000	1.800086	0.0	11895609	393	160.0
1606511568.51	160000	2.496676	0.0	7597636	245	160.0
1606511574.05	160000	1.4457	3.487	56067905	5073	-397.91999999999996
1606511576.59	160000	1.476317	1.566	45444680	2326	-90.56
1606511581.0	160000	1.261297	3.199	54798068	4145	-351.84
1606511581.45	80000	1.815196	0.0	20600381	315	0.0
1606511587.35	160000	1.417122	4.505	50637608	5636	-640.8
1606511588.86	160000	1.259062	0.35	19559369	1398	104.0
1606511590.54	160000	1.359844	0.772	22224402	1560	36.480000000000004
1606511591.3	160000	1.602303	0.0	22578365	623	160.0
1606511591.55	160000	2.345146	0.0	8346702	198	160.0
1606511592.05	160000	2.850651	0.0	15775481	396	160.0
1606511592.33	160000	3.567533	0.0	9163235	223	160.0
1606511593.57	160000	3.337222	0.0	41307095	1016	160.0
1606511594.36	160000	3.542279	0.0	28763893	623	160.0
1606511594.93	160000	3.970535	0.0	21266416	448	160.0
1606511595.56	160000	4.344698	0.0	23702229	481	160.0
1606511596.56	160000	4.340099	0.0	27580394	845	160.0
1606511597.86	160000	4.042723	0.0	20329780	1176	160.0
1606511599.3	160000	3.603992	0.0	16109183	1342	160.0
1606511602.0	80000	1.915274	0.0	34554431	2468	0.0
1606511602.74	80000	2.172374	0.0	37801487	507	80.0
1606511603.2	160000	2.71469	0.0	15251076	363	80.0
1606511603.69	160000	3.220297	0.0	16574034	389	160.0
1606511604.28	160000	3.633353	0.0	13009028	506	160.0
1606511604.88	160000	4.02837	0.0	12791674	530	160.0
1606511605.4	160000	4.509116	0.0	11137898	451	160.0
1606511605.92	160000	4.991681	0.0	11485310	450	160.0
1606511606.44	160000	5.478872	0.0	12428518	438	160.0
1606511606.85	160000	6.065802	0.0	9963766	351	160.0
1606511607.36	160000	6.556346	0.0	12189364	438	160.0
1606511607.79	160000	7.129678	0.0	10142396	363	160.0
1606511608.25	160000	7.672263	0.0	10185488	388	160.0
1606511608.87	160000	8.051833	0.0	14061455	541	160.0
1606511609.98	160000	7.944949	0.0	20074099	991	160.0
1606511613.28	160000	5.646199	0.0	46115254	3047	160.0
1606511617.07	160000	2.852501	0.0	40906522	3559	160.0
1606511617.24	160000	3.68795	0.0	7891151	112	160.0
1606511617.66	160000	4.268336	0.0	21012466	297	160.0
1606511618.11	160000	4.817717	0.0	23519424	306	160.0
1606511618.46	160000	5.464767	0.0	18715420	222	160.0
1606511618.77	160000	6.158499	0.0	17000816	202	160.0
1606511619.03	160000	6.903636	0.0	14448126	170	160.0
1606511619.16	160000	7.770414	0.0	6958676	82	160.0
1606511619.33	160000	8.596357	0.0	9088791	105	160.0
1606511619.47	160000	9.459415	0.0	7211881	87	160.0
1606511619.54	160000	10.394837	0.0	3063586	35	160.0
1606511619.6	160000	11.335485	0.0	2782179	33	160.0
1606511619.78	160000	12.158834	0.0	9958410	118	160.0
1606511620.0	160000	12.934215	0.0	12158708	153	160.0
1606511620.24	160000	13.700046	0.0	12300216	162	160.0
1606511620.54	160000	14.397768	0.0	15815684	209	160.0
1606511620.8	160000	15.14106	0.0	13526256	179	160.0
1606511621.03	160000	15.914463	0.0	11995130	156	160.0
1606511621.27	160000	16.668609	0.0	13394791	165	160.0
1606511621.53	160000	17.415722	0.0	14135828	174	160.0
1606511621.81	160000	18.138584	0.0	15366126	190	160.0
1606511622.06	160000	18.884682	0.0	14248439	159	160.0
1606511622.29	160000	19.65202	0.0	13843717	148	160.0
1606511622.54	160000	20.407917	0.0	14665119	159	160.0
1606511622.9	160000	21.04406	0.0	21079187	235	160.0
1606511623.33	160000	21.622199	0.0	25480074	278	160.0
1606511623.72	160000	22.232203	0.0	23021754	251	160.0
1606511624.18	160000	22.768137	0.0	27527834	302	160.0
1606511624.62	160000	23.3291	0.0	26155848	290	160.0
1606511624.93	160000	24.023237	0.0	17849379	198	160.0
1606511625.18	160000	24.77117	0.0	16546531	149	160.0
1606511625.45	160000	25.504708	0.0	17718949	161	160.0
1606511625.71	160000	26.249623	0.0	17337137	156	160.0
1606511626.01	160000	26.949481	0.0	20008245	181	160.0
1606511626.96	160000	26.992147	0.0	58430914	565	160.0
1606511627.21	160000	27.747034	0.0	16292703	140	160.0
1606511627.58	160000	28.383288	0.0	25587422	221	160.0
1606511627.92	160000	29.04327	0.0	23982306	207	160.0
1606511628.1	160000	29.859246	0.0	13347845	105	160.0
1606511628.3	160000	30.664609	0.0	14337991	113	160.0
1606511628.49	160000	31.468975	0.0	14584990	115	160.0
1606511628.69	160000	32.278628	0.0	13962401	113	160.0
1606511628.88	160000	33.081685	0.0	14393788	113	160.0
1606511629.08	160000	33.883518	0.0	14649457	115	160.0
1606511629.27	160000	34.700516	0.0	13409715	107	160.0
1606511629.46	160000	35.503816	0.0	13909605	110	160.0
1606511629.65	160000	36.314575	0.0	13301968	112	160.0
1606511629.92	160000	37.049661	0.0	19025846	148	160.0
1606511630.19	160000	37.784951	0.0	19295426	149	160.0
1606511630.44	160000	38.53617	0.0	18261873	142	160.0
1606511630.71	160000	39.262179	0.0	19847604	153	160.0
1606511630.97	160000	40.008543	0.0	18767181	146	160.0
1606511631.28	160000	40.695064	0.0	22420858	177	160.0
1606511631.55	160000	41.425748	0.0	19324333	153	160.0
1606511631.84	160000	42.143177	0.0	20392234	160	160.0
1606511631.95	160000	43.029945	0.0	7671072	60	160.0
1606511632.19	160000	43.794591	0.0	17781906	128	160.0
1606511632.36	160000	44.622913	0.0	12839336	93	160.0
1606511632.5	160000	45.479685	0.0	10779770	78	160.0
1606511632.69	160000	46.292031	0.0	14606687	106	160.0
1606511633.23	160000	46.749025	0.0	41866951	292	160.0
1606511633.68	160000	47.304969	0.0	37238410	233	160.0
1606511633.85	160000	48.132439	0.0	14347759	94	160.0
1606511633.99	160000	48.995524	0.0	11399187	71	160.0
1606511634.12	160000	49.868122	0.0	10358641	62	160.0
1606511634.29	160000	50.699548	0.0	14315696	86	160.0
1606511634.56	160000	51.428652	0.0	23283631	140	160.0
1606511635.01	160000	51.975729	0.0	37521367	226	160.0
1606511635.29	160000	52.711969	0.0	22241104	137	160.0
1606511635.48	160000	53.508262	0.0	15813346	94	160.0
1606511635.69	160000	54.303669	0.0	17116450	104	160.0
1606511635.92	160000	55.079401	0.0	18867054	114	160.0
1606511636.12	160000	55.875463	0.0	17393609	103	160.0
1606511636.41	160000	56.590988	0.0	24759401	145	160.0
1606511636.7	160000	57.296439	0.0	25782433	151	160.0
1606511637.02	160000	57.979686	0.0	25885372	151	160.0
1606511637.37	160000	58.634437	0.0	26242011	194	160.0
1606511637.69	160000	59.312184	0.0	23865378	171	160.0
1606511638.02	160000	59.984862	0.0	25470681	183	160.0
1606511639.37	160000	59.73954	0.0	27258768	181	160.0
1606511640.1	160000	59.990511	0.0	17853711	132	160.0
1606511641.33	160000	59.741528	0.0	14829893	140	160.0
1606511642.81	160000	59.197567	0.0	27779697	1319	160.0
1606511645.16	160000	57.845448	0.0	27714923	2198	160.0
1606511647.29	160000	56.717705	0.0	25946474	1974	160.0
1606511648.33	160000	56.679174	0.0	19596259	925	160.0
1606511648.95	160000	57.062879	0.0	23774167	477	160.0
1606511649.49	160000	57.523609	0.0	19373656	421	160.0
1606511650.16	160000	57.847872	0.0	23977420	535	160.0
1606511650.93	160000	58.082686	0.0	24493733	634	160.0
1606511653.84	160000	56.172366	0.0	14528511	2822	160.0
1606511655.79	160000	55.224963	0.0	16841176	1848	160.0
1606511657.36	160000	54.658232	0.0	16743604	1465	160.0
1606511658.73	160000	54.282061	0.0	17975224	1276	160.0
1606511659.44	160000	54.574687	0.0	22329548	578	160.0
1606511659.76	160000	55.259187	0.0	16001583	221	160.0
1606511660.12	160000	55.898826	0.0	18238584	253	160.0
1606511660.51	160000	56.512753	0.0	21308824	252	160.0
1606511660.82	160000	57.201075	0.0	17749058	210	160.0
1606511661.07	160000	57.951141	0.0	14127787	167	160.0
1606511661.4	160000	58.619903	0.0	17525699	220	160.0
1606511661.67	160000	59.356176	0.0	14240042	179	160.0
1606511662.05	160000	59.97602	0.0	20324139	260	160.0
1606511663.44	160000	59.76353	0.0	21993033	259	160.0
1606511664.3	160000	59.764513	0.0	18863108	247	160.0
1606511665.6	160000	59.515442	0.0	15964734	196	160.0
1606511666.75	160000	59.516533	0.0	8284939	101	160.0
1606511667.41	160000	59.767526	0.0	9004706	95	160.0
1606511668.52	160000	59.51851	0.0	6955279	65	160.0
1606511669.7	160000	59.519497	0.0	10701639	120	160.0
1606511670.36	160000	59.770532	0.0	9459459	97	160.0
1606511671.43	160000	59.771532	0.0	3212828	29	160.0
1606511672.47	160000	59.772483	0.0	2509989	22	160.0
1606511673.52	160000	59.523473	0.0	2004927	18	160.0
1606511674.54	160000	59.524469	0.0	591360	4	160.0
1606511675.59	160000	59.959228	0.0	2394426	21	160.0
1606511675.89	40000	1.000999	0.023	336477	3	-3.6799999999999997
1606511676.19	160000	2.001999	0.0	14912671	116	40.0
1606511676.62	160000	2.642531	0.0	24265636	199	160.0
1606511676.95	160000	3.313766	0.0	22711544	186	160.0
1606511677.24	160000	4.031466	0.0	19639705	160	160.0
1606511677.93	160000	4.399856	0.0	20946809	559	160.0
1606511678.9	160000	4.460118	0.0	11895609	896	160.0
1606511679.65	160000	4.762569	0.0	7597636	695	160.0
1606511681.51	80000	3.956104	0.0	29583867	1634	0.0
1606511682.2	160000	4.26641	0.0	45444680	373	80.0
1606511683.04	160000	4.425725	0.0	54798068	473	160.0
1606511684.07	160000	4.390711	0.0	69464107	566	160.0
1606511684.8	160000	4.667661	0.0	50637608	446	160.0
1606511685.1	160000	5.372593	0.0	19559369	181	160.0
1606511685.47	160000	5.993874	0.0	22224402	246	160.0
1606511685.92	160000	6.54759	0.0	22578365	314	160.0
1606511686.09	160000	7.376496	0.0	8346702	116	160.0
1606511686.39	160000	8.084749	0.0	15775481	197	160.0
1606511686.54	160000	8.931076	0.0	9163235	96	160.0
1606511687.2	160000	9.274696	0.0	41307095	424	160.0
1606511687.76	160000	9.713148	0.0	28763893	364	160.0
1606511688.18	160000	10.330835	0.0	21266416	273	160.0
1606511688.62	160000	10.919623	0.0	23702229	271	160.0
1606511689.08	160000	11.456907	0.0	27580394	306	160.0
1606511689.68	160000	11.856988	0.0	20329780	469	160.0
1606511690.83	160000	11.717512	0.0	16109183	1040	160.0
1606511695.93	160000	7.612475	0.0	58830800	4755	160.0
1606511697.4	160000	7.149101	0.0	66935122	1100	160.0
