1606545155.83	40000	1.000999	0.038	334476	26	-6.079999999999998
1606545157.22	80000	1.198114	0.207	14912671	1180	6.880000000000003
1606545159.36	80000	1.346384	1.261	22644885	1994	-121.75999999999999
1606545160.87	80000	1.425674	0.561	17135714	1411	-9.760000000000005
1606545162.31	160000	1.255559	0.251	19639705	1334	39.84
1606545164.16	160000	1.242625	0.807	20946809	1730	30.879999999999995
1606545165.09	160000	1.339519	0.0	11895609	850	160.0
1606545165.69	160000	1.750976	0.0	7597636	536	160.0
1606545168.3	80000	1.341158	1.212	29583867	2386	-193.92
1606545169.51	80000	1.304471	0.166	15816325	1114	53.44
1606545170.63	80000	1.471374	0.29	15275967	1048	33.6
1606545172.41	80000	1.262186	0.558	20600381	1658	-9.280000000000001
1606545173.83	80000	1.320972	0.49	17710542	1323	1.5999999999999943
1606545175.34	160000	1.310723	0.498	19559369	1399	0.3199999999999932
1606545177.49	160000	1.279879	1.106	22224402	2005	-16.960000000000008
1606545186.14	160000	1.418862	7.8	22578365	8532	-1088.0
1606545186.86	160000	1.700523	0.0	8346702	663	160.0
1606545188.08	160000	1.485728	0.0	15775481	1117	160.0
1606545188.71	160000	1.859377	0.0	9163235	567	160.0
1606545191.34	160000	1.473274	1.246	41307095	2381	-39.360000000000014
1606545194.29	160000	1.434312	1.908	28763893	2801	-145.27999999999997
1606545196.08	160000	1.378709	0.732	21266416	1668	42.879999999999995
1606545197.88	160000	1.362041	0.79	23702229	1688	33.599999999999994
1606545199.43	160000	1.403437	0.592	27580394	1415	65.28
1606545200.69	160000	1.496441	0.345	20329780	1139	104.8
1606545201.88	160000	1.339315	0.034	16109183	1095	154.56
1606545203.83	80000	1.376415	0.986	34554431	1773	-157.76
1606545205.44	80000	1.363481	0.598	37801487	1430	-15.680000000000007
1606545206.1	160000	1.706596	0.0	15251076	563	80.0
1606545206.87	160000	1.931475	0.0	16574034	662	160.0
1606545207.84	160000	1.971595	0.0	13009028	883	160.0
1606545212.02	160000	1.464926	2.681	12791674	4120	-268.96
1606545214.34	160000	1.395756	1.25	11137898	2261	-40.0
1606545215.32	160000	1.423544	0.0	11485310	904	160.0
1606545216.45	160000	1.398631	0.104	12428518	1064	143.36
1606545217.31	160000	1.531966	0.0	9963766	798	160.0
1606545218.22	160000	1.623971	0.0	12189364	835	160.0
1606545219.01	160000	1.838076	0.0	10142396	724	160.0
1606545219.83	160000	2.020109	0.0	10185488	753	160.0
1606545220.95	160000	1.899085	0.0	14061455	1039	160.0
1606545222.69	160000	1.251405	0.054	20074099	1619	151.36
1606545224.66	80000	1.307077	1.027	26113743	1841	-164.32
1606545226.69	80000	1.334867	1.055	22860019	1900	-88.80000000000001
1606545227.35	160000	1.673682	0.0	7891151	605	80.0
1606545228.98	160000	1.392118	0.341	21012466	1512	105.44
1606545230.84	160000	1.484538	0.951	23519424	1747	7.840000000000003
1606545232.2	160000	1.436632	0.315	18715420	1270	109.6
1606545233.56	160000	1.254862	0.173	17000816	1261	132.32
1606545234.71	160000	1.428831	0.322	14448126	1073	108.47999999999999
1606545235.3	160000	1.831525	0.0	6958676	541	160.0
1606545236.02	160000	2.117084	0.0	9088791	660	160.0
1606545236.6	160000	2.540775	0.0	7211881	529	160.0
1606545236.85	160000	3.28888	0.0	3063586	226	160.0
1606545237.08	160000	4.055031	0.0	2782179	203	160.0
1606545237.99	160000	4.150374	0.0	9958410	844	160.0
1606545239.08	160000	4.060763	0.0	12158708	1017	160.0
1606545239.98	160000	4.158463	0.0	12300216	829	160.0
1606545241.53	160000	3.613127	0.0	15815684	1445	160.0
1606545242.75	160000	3.394622	0.0	13526256	1141	160.0
1606545243.74	160000	3.4012	0.0	11995130	924	160.0
1606545244.83	160000	3.324703	0.0	13394791	997	160.0
1606545245.99	160000	3.152627	0.0	14135828	1083	160.0
1606545247.21	160000	2.941008	0.0	15366126	1126	160.0
1606545248.55	160000	2.596424	0.0	14248439	1261	160.0
1606545249.9	160000	2.252002	0.0	13843717	1264	160.0
1606545251.49	160000	1.660423	0.0	14665119	1508	160.0
1606545253.48	160000	1.268128	0.594	21079187	1879	64.96
1606545255.64	160000	1.363438	1.259	25480074	2035	-41.44
1606545257.11	160000	1.373692	0.471	23021754	1332	84.64
1606545258.72	160000	1.346444	0.586	27527834	1461	66.24
1606545259.56	160000	1.508672	0.0	26155848	678	160.0
1606545260.06	160000	2.009155	0.0	17849379	386	160.0
1606545260.47	160000	2.599018	0.0	16546531	306	160.0
1606545260.85	160000	3.222004	0.0	17718949	272	160.0
1606545261.23	160000	3.845194	0.0	17337137	273	160.0
1606545261.64	160000	4.428005	0.0	20008245	302	160.0
1606545263.23	160000	3.846593	0.0	58430914	1131	160.0
1606545264.0	160000	4.072506	0.0	16292703	654	160.0
1606545265.05	160000	4.023098	0.0	25587422	911	160.0
1606545268.18	160000	1.900068	0.0	23982306	2983	160.0
1606545269.65	160000	1.423426	0.0	13347845	1396	160.0
1606545270.47	160000	1.606804	0.0	14337991	737	160.0
1606545271.11	160000	1.968893	0.0	14584990	556	160.0
1606545273.99	160000	1.44646	1.357	13962401	2810	-57.120000000000005
1606545277.12	160000	1.304816	1.987	14393788	3057	-157.92000000000002
1606545278.14	160000	1.28782	0.0	14649457	940	160.0
1606545278.98	160000	1.47609	0.032	13409715	757	154.88
1606545279.86	160000	1.596543	0.0	13909605	797	160.0
1606545280.69	160000	1.767663	0.0	13301968	748	160.0
1606545282.09	160000	1.367995	0.0	19025846	1282	160.0
1606545283.46	160000	1.32944	0.328	19295426	1266	107.52000000000001
1606545284.63	160000	1.408042	0.251	18261873	1082	119.84
1606545285.84	160000	1.411065	0.209	19847604	1101	126.56
1606545286.82	160000	1.434111	0.0	18767181	870	160.0
1606545287.81	160000	1.4925	0.049	22420858	858	152.16
1606545288.55	160000	1.750733	0.0	19324333	621	160.0
1606545289.21	160000	2.101225	0.0	20392234	526	160.0
1606545289.46	160000	2.849182	0.0	7671072	198	160.0
1606545289.96	160000	3.35021	0.0	17781906	385	160.0
1606545290.32	160000	3.989689	0.0	12839336	278	160.0
1606545290.63	160000	4.681667	0.0	10779770	242	160.0
1606545291.05	160000	5.260561	0.0	14606687	337	160.0
1606545292.16	160000	5.154799	0.0	41866951	857	160.0
1606545293.04	160000	5.270588	0.0	37238410	662	160.0
1606545293.37	160000	5.944043	0.0	14347759	246	160.0
1606545293.61	160000	6.701539	0.0	11399187	161	160.0
1606545293.82	160000	7.493711	0.0	10358641	141	160.0
1606545294.1	160000	8.219985	0.0	14315696	191	160.0
1606545294.54	160000	8.776305	0.0	23283631	311	160.0
1606545295.22	160000	9.097372	0.0	37521367	449	160.0
1606545295.61	160000	9.710742	0.0	22241104	263	160.0
1606545295.88	160000	10.444131	0.0	15813346	168	160.0
1606545296.17	160000	11.155631	0.0	17116450	182	160.0
1606545296.48	160000	11.838749	0.0	18867054	201	160.0
1606545296.79	160000	12.529835	0.0	17393609	207	160.0
1606545297.24	160000	13.081521	0.0	24759401	301	160.0
1606545297.67	160000	13.658985	0.0	25782433	277	160.0
1606545298.03	160000	14.296	0.0	25885372	199	160.0
1606545298.38	160000	14.949875	0.0	26242011	202	160.0
1606545298.73	160000	15.602935	0.0	23865378	193	160.0
1606545299.08	160000	16.246103	0.0	25470681	216	160.0
1606545299.48	160000	16.85383	0.0	27258768	231	160.0
1606545299.73	160000	17.603228	0.0	17853711	145	160.0
1606545299.93	160000	18.397229	0.0	14829893	120	160.0
1606545300.33	160000	18.999167	0.0	27779697	225	160.0
1606545300.74	160000	19.596466	0.0	27714923	248	160.0
1606545301.17	160000	20.164487	0.0	25946474	281	160.0
1606545301.5	160000	20.832963	0.0	19596259	211	160.0
1606545301.83	160000	21.508684	0.0	23774167	192	160.0
1606545302.1	160000	22.237288	0.0	19373656	156	160.0
1606545302.43	160000	22.913658	0.0	23977420	192	160.0
1606545302.77	160000	23.567742	0.0	24493733	210	160.0
1606545302.99	160000	24.352509	0.0	14528511	130	160.0
1606545303.24	160000	25.102081	0.0	16841176	150	160.0
1606545303.5	160000	25.844551	0.0	16743604	151	160.0
1606545303.79	160000	26.552868	0.0	17975224	181	160.0
1606545304.15	160000	27.195172	0.0	22329548	227	160.0
1606545304.41	160000	27.934196	0.0	16001583	163	160.0
1606545304.76	160000	28.587052	0.0	18238584	241	160.0
1606545305.26	160000	29.090863	0.0	21308824	356	160.0
1606545305.65	160000	29.6946	0.0	17749058	292	160.0
1606545305.95	160000	30.40514	0.0	14127787	208	160.0
1606545306.32	160000	31.027596	0.0	17525699	265	160.0
1606545306.62	160000	31.733166	0.0	14240042	208	160.0
1606545307.03	160000	32.325868	0.0	20324139	288	160.0
1606545307.47	160000	32.883681	0.0	21993033	313	160.0
1606545307.93	160000	33.421367	0.0	18863108	348	160.0
1606545308.36	160000	33.998732	0.0	15964734	318	160.0
1606545308.58	160000	34.778192	0.0	8284939	164	160.0
1606545314.35	160000	30.010981	0.0	9004706	5704	160.0
1606545316.46	160000	28.896377	0.0	6955279	2067	160.0
1606545319.99	160000	26.370571	0.0	10701639	3459	160.0
1606545320.79	160000	26.568913	0.0	9459459	740	160.0
1606545321.08	160000	27.280427	0.0	3212828	257	160.0
1606545321.32	160000	28.04777	0.0	2509989	200	160.0
1606545321.5	160000	28.863321	0.0	2004927	161	160.0
1606545321.56	160000	29.80151	0.0	591360	46	160.0
1606545322.01	160000	30.788458	0.0	2394426	423	160.0
1606545322.38	40000	1.000999	0.098	336477	70	-15.68
1606545324.17	80000	1.422751	0.889	14912671	1666	-102.24000000000001
1606545326.36	80000	1.454197	1.19	22644885	2027	-110.4
1606545328.15	160000	1.405238	0.697	22711544	1663	-31.519999999999996
1606545329.26	160000	1.317998	0.0	19639705	996	160.0
1606545335.69	160000	1.27461	5.333	20946809	6305	-693.28
1606545336.07	160000	1.897647	0.0	11895609	297	160.0
1606545336.3	160000	2.660311	0.0	7597636	186	160.0
1606545337.86	160000	2.106422	0.0	56067905	1063	160.0
1606545338.62	160000	2.343776	0.0	45444680	523	160.0
1606545339.54	160000	2.426238	0.0	54798068	602	160.0
1606545340.8	160000	2.167579	0.0	69464107	777	160.0
1606545341.69	160000	2.285486	0.0	50637608	582	160.0
1606545342.02	160000	2.948199	0.0	19559369	207	160.0
1606545342.39	160000	3.578813	0.0	22224402	237	160.0
1606545342.77	160000	4.239063	0.0	22578365	241	160.0
1606545342.91	160000	5.104877	0.0	8346702	80	160.0
1606545343.15	160000	5.886175	0.0	15775481	148	160.0
1606545343.3	160000	6.73651	0.0	9163235	86	160.0
1606545343.92	160000	7.119914	0.0	41307095	391	160.0
1606545344.4	160000	7.639117	0.0	28763893	297	160.0
1606545344.77	160000	8.276342	0.0	21266416	234	160.0
1606545345.16	160000	8.879882	0.0	23702229	245	160.0
1606545345.62	160000	9.435055	0.0	27580394	288	160.0
1606545345.97	160000	10.074641	0.0	20329780	213	160.0
1606545346.25	160000	10.798887	0.0	16109183	172	160.0
1606545347.27	160000	10.781629	0.0	58830800	686	160.0
