1606527600.16	40000	1.000999	0.015	334476	4	-2.3999999999999986
1606527600.59	160000	1.854599	0.0	14912671	212	40.0
1606527601.15	160000	2.402514	0.0	24265636	334	160.0
1606527601.56	160000	2.986114	0.0	22711544	265	160.0
1606527601.9	160000	3.640565	0.0	19639705	228	160.0
1606527602.25	160000	4.427371	0.0	20946809	207	160.0
1606527602.44	160000	5.233566	0.0	11895609	112	160.0
1606527602.57	160000	6.108908	0.0	7597636	72	160.0
1606527603.8	160000	5.976071	0.0	56067905	743	160.0
1606527606.49	160000	4.343619	0.0	45444680	2430	160.0
1606527607.69	160000	4.141806	0.0	54798068	890	160.0
1606527611.92	160000	1.263845	0.248	69464107	3760	120.32
1606527615.76	160000	1.265265	2.834	50637608	3594	-293.44
1606527617.49	160000	1.350408	0.819	19559369	1632	28.960000000000008
1606527619.51	160000	1.420367	1.074	22224402	1892	-11.840000000000003
1606527621.23	160000	1.495579	0.81	22578365	1606	30.400000000000006
1606527621.66	160000	2.073086	0.0	8346702	367	160.0
1606527622.32	160000	2.417706	0.0	15775481	559	160.0
1606527622.58	160000	3.148952	0.0	9163235	204	160.0
1606527623.83	160000	2.907446	0.0	41307095	1014	160.0
1606527624.69	160000	3.045735	0.0	28763893	683	160.0
1606527625.3	160000	3.435601	0.0	21266416	488	160.0
1606527626.08	160000	3.661413	0.0	23702229	615	160.0
1606527626.89	160000	3.851659	0.0	27580394	655	160.0
1606527627.85	160000	3.891525	0.0	20329780	826	160.0
1606527629.93	160000	2.810673	0.0	16109183	1985	160.0
1606527635.78	80000	1.310001	3.349	34554431	5644	-535.84
1606527638.01	80000	1.410616	1.334	37801487	2042	-133.44
1606527638.65	160000	1.772964	0.0	15251076	543	80.0
1606527639.31	160000	2.113245	0.0	16574034	557	160.0
1606527639.72	160000	2.710421	0.0	13009028	326	160.0
1606527640.13	160000	3.295492	0.0	12791674	332	160.0
1606527640.42	160000	3.999885	0.0	11137898	228	160.0
1606527640.72	160000	4.70707	0.0	11485310	222	160.0
1606527641.03	160000	5.393702	0.0	12428518	240	160.0
1606527641.28	160000	6.149729	0.0	9963766	181	160.0
1606527641.51	160000	6.915795	0.0	12189364	161	160.0
1606527641.71	160000	7.717781	0.0	10142396	134	160.0
1606527641.91	160000	8.519579	0.0	10185488	134	160.0
1606527642.18	160000	9.250838	0.0	14061455	185	160.0
1606527642.64	160000	9.790743	0.0	20074099	340	160.0
1606527643.66	160000	9.771549	0.0	46115254	767	160.0
1606527644.54	160000	9.893723	0.0	40906522	632	160.0
1606527644.72	160000	10.713506	0.0	7891151	124	160.0
1606527645.18	160000	11.250821	0.0	21012466	340	160.0
1606527645.62	160000	11.811335	0.0	23519424	304	160.0
1606527645.97	160000	12.46312	0.0	18715420	237	160.0
1606527646.29	160000	13.14453	0.0	17000816	215	160.0
1606527646.6	160000	13.836499	0.0	14448126	221	160.0
1606527646.76	160000	14.683104	0.0	6958676	106	160.0
1606527646.98	160000	15.461543	0.0	9088791	166	160.0
1606527647.14	160000	16.303761	0.0	7211881	110	160.0
1606527647.21	160000	17.230955	0.0	3063586	47	160.0
1606527647.29	160000	18.156755	0.0	2782179	47	160.0
1606527647.54	160000	18.913642	0.0	9958410	182	160.0
1606527647.83	160000	19.612565	0.0	12158708	220	160.0
1606527648.13	160000	20.313889	0.0	12300216	225	160.0
1606527648.54	160000	20.912973	0.0	15815684	305	160.0
1606527648.88	160000	21.568258	0.0	13526256	267	160.0
1606527649.19	160000	22.261175	0.0	11995130	237	160.0
1606527649.48	160000	22.97572	0.0	13394791	203	160.0
1606527649.76	160000	23.692442	0.0	14135828	201	160.0
1606527650.07	160000	24.387347	0.0	15366126	219	160.0
1606527650.38	160000	25.073926	0.0	14248439	232	160.0
1606527650.87	160000	25.586901	0.0	13843717	400	160.0
1606527656.7	160000	20.760365	0.0	14665119	5729	160.0
1606527660.62	160000	17.833158	0.0	21079187	3798	160.0
1606527662.89	160000	16.56858	0.0	25480074	2129	160.0
1606527664.88	160000	15.579984	0.0	23021754	1857	160.0
1606527667.37	160000	14.093663	0.0	27527834	2330	160.0
1606527669.65	160000	12.810765	0.0	26155848	2120	160.0
1606527670.98	160000	12.478959	0.0	17849379	1226	160.0
1606527672.19	160000	12.27192	0.0	16546531	1109	160.0
1606527673.49	160000	11.978765	0.0	17718949	1184	160.0
1606527674.69	160000	11.773456	0.0	17337137	1099	160.0
1606527675.43	160000	12.037226	0.0	20008245	620	160.0
1606527678.31	160000	10.153928	0.0	58430914	2555	160.0
1606527680.71	160000	8.753832	0.0	16292703	2296	160.0
1606527682.89	160000	7.58332	0.0	25587422	2020	160.0
1606527683.82	160000	7.651395	0.0	23982306	795	160.0
1606527684.08	160000	8.396372	0.0	13347845	177	160.0
1606527684.35	160000	9.122061	0.0	14337991	189	160.0
1606527684.63	160000	9.847448	0.0	14584990	188	160.0
1606527684.88	160000	10.591499	0.0	13962401	175	160.0
1606527685.15	160000	11.327232	0.0	14393788	181	160.0
1606527685.42	160000	12.060051	0.0	14649457	184	160.0
1606527685.66	160000	12.819039	0.0	13409715	162	160.0
1606527685.91	160000	13.57178	0.0	13909605	167	160.0
1606527686.14	160000	14.33573	0.0	13301968	160	160.0
1606527686.5	160000	14.986451	0.0	19025846	228	160.0
1606527686.81	160000	15.673656	0.0	19295426	198	160.0
1606527687.1	160000	16.381171	0.0	18261873	188	160.0
1606527687.43	160000	17.05176	0.0	19847604	204	160.0
1606527687.73	160000	17.757936	0.0	18767181	179	160.0
1606527688.07	160000	18.412078	0.0	22420858	216	160.0
1606527688.38	160000	19.110792	0.0	19324333	181	160.0
1606527688.7	160000	19.789482	0.0	20392234	202	160.0
1606527688.83	160000	20.655341	0.0	7671072	82	160.0
1606527689.13	160000	21.364014	0.0	17781906	188	160.0
1606527689.35	160000	22.144826	0.0	12839336	133	160.0
1606527689.53	160000	22.963115	0.0	10779770	113	160.0
1606527689.76	160000	23.733124	0.0	14606687	147	160.0
1606527690.43	160000	24.065878	0.0	41866951	423	160.0
1606527691.82	160000	23.677728	0.0	37238410	1174	160.0
1606527692.03	160000	24.462982	0.0	14347759	132	160.0
1606527692.21	160000	25.28952	0.0	11399187	104	160.0
1606527692.37	160000	26.128753	0.0	10358641	95	160.0
1606527692.58	160000	26.916337	0.0	14315696	131	160.0
1606527692.91	160000	27.59011	0.0	23283631	200	160.0
1606527693.45	160000	28.053005	0.0	37521367	325	160.0
1606527693.76	160000	28.74368	0.0	22241104	185	160.0
1606527693.99	160000	29.510163	0.0	15813346	127	160.0
1606527694.23	160000	30.2716	0.0	17116450	141	160.0
1606527694.51	160000	30.994215	0.0	18867054	160	160.0
1606527694.76	160000	31.745547	0.0	17393609	143	160.0
1606527695.1	160000	32.402932	0.0	24759401	205	160.0
1606527695.46	160000	33.045516	0.0	25782433	214	160.0
1606527695.85	160000	33.661684	0.0	25885372	226	160.0
1606527696.21	160000	34.297381	0.0	26242011	218	160.0
1606527696.57	160000	34.946139	0.0	23865378	198	160.0
1606527696.92	160000	35.587277	0.0	25470681	211	160.0
1606527697.31	160000	36.200573	0.0	27258768	226	160.0
1606527697.56	160000	36.949878	0.0	17853711	148	160.0
1606527697.78	160000	37.736334	0.0	14829893	130	160.0
1606527698.18	160000	38.33129	0.0	27779697	240	160.0
1606527698.59	160000	38.922742	0.0	27714923	243	160.0
1606527698.96	160000	39.559319	0.0	25946474	215	160.0
1606527699.24	160000	40.276446	0.0	19596259	163	160.0
1606527699.58	160000	40.944074	0.0	23774167	195	160.0
1606527699.86	160000	41.670717	0.0	19373656	166	160.0
1606527700.19	160000	42.329811	0.0	23977420	204	160.0
1606527700.55	160000	42.972051	0.0	24493733	217	160.0
1606527700.76	160000	43.767534	0.0	14528511	123	160.0
1606527700.99	160000	44.530688	0.0	16841176	141	160.0
1606527701.24	160000	45.286557	0.0	16743604	142	160.0
1606527701.49	160000	46.031479	0.0	17975224	152	160.0
1606527701.81	160000	46.719286	0.0	22329548	188	160.0
1606527702.04	160000	47.49269	0.0	16001583	134	160.0
1606527702.3	160000	48.227405	0.0	18238584	153	160.0
1606527702.61	160000	48.918388	0.0	21308824	179	160.0
1606527702.86	160000	49.673394	0.0	17749058	144	160.0
1606527703.05	160000	50.477763	0.0	14127787	115	160.0
1606527703.31	160000	51.224614	0.0	17525699	142	160.0
1606527703.51	160000	52.028286	0.0	14240042	115	160.0
1606527703.79	160000	52.749486	0.0	20324139	166	160.0
1606527704.1	160000	53.443695	0.0	21993033	182	160.0
1606527704.37	160000	54.165899	0.0	18863108	156	160.0
1606527704.61	160000	54.92931	0.0	15964734	132	160.0
1606527704.73	160000	55.808787	0.0	8284939	67	160.0
1606527704.86	160000	56.677916	0.0	9004706	73	160.0
1606527704.97	160000	57.57165	0.0	6955279	57	160.0
1606527705.13	160000	58.416662	0.0	10701639	87	160.0
1606527705.27	160000	59.277832	0.0	9459459	77	160.0
1606527705.83	160000	59.870753	0.0	3212828	26	160.0
1606527706.88	160000	59.871754	0.0	2509989	22	160.0
1606527707.92	160000	59.622834	0.0	2004927	16	160.0
1606527708.95	160000	59.623838	0.0	591360	5	160.0
1606527710.5	160000	59.558565	0.0	2394426	20	160.0
1606527710.82	40000	1.000999	0.024	336477	3	-3.8400000000000034
1606527711.1	160000	2.001999	0.0	14912671	122	40.0
1606527711.53	160000	2.658647	0.0	24265636	197	160.0
1606527711.87	160000	3.322481	0.0	22711544	190	160.0
1606527712.17	160000	4.02609	0.0	19639705	166	160.0
1606527712.48	160000	4.717925	0.0	20946809	177	160.0
1606527712.65	160000	5.545508	0.0	11895609	101	160.0
1606527712.76	160000	6.462791	0.0	7597636	63	160.0
1606527713.71	160000	6.597456	0.0	56067905	459	160.0
1606527714.33	160000	7.011663	0.0	45444680	363	160.0
1606527715.07	160000	7.30213	0.0	54798068	442	160.0
1606527716.12	160000	7.305392	0.0	69464107	576	160.0
1606527716.82	160000	7.60086	0.0	50637608	425	160.0
1606527717.11	160000	8.319508	0.0	19559369	163	160.0
1606527717.43	160000	9.002128	0.0	22224402	186	160.0
1606527717.75	160000	9.680075	0.0	22578365	189	160.0
1606527717.87	160000	10.556604	0.0	8346702	70	160.0
1606527718.1	160000	11.327631	0.0	15775481	133	160.0
1606527718.24	160000	12.192273	0.0	9163235	77	160.0
1606527718.81	160000	12.618144	0.0	41307095	345	160.0
1606527719.27	160000	13.16375	0.0	28763893	264	160.0
1606527719.59	160000	13.839791	0.0	21266416	195	160.0
1606527719.96	160000	14.482577	0.0	23702229	200	160.0
1606527720.35	160000	15.089226	0.0	27580394	224	160.0
1606527720.65	160000	15.782329	0.0	20329780	166	160.0
1606527720.9	160000	16.542701	0.0	16109183	140	160.0
1606527721.78	160000	16.663755	0.0	58830800	518	160.0
1606527722.77	160000	16.66744	0.0	66935122	620	160.0
