1606521434.54	40000	1.000999	0.043	334476	31	-6.880000000000003
1606521436.2	80000	1.454141	0.765	14912671	1473	-82.4
1606521437.21	80000	1.475387	0.0	22644885	841	80.0
1606521437.96	160000	1.761183	0.0	22711544	595	80.0
1606521440.75	160000	1.315272	1.286	19639705	2682	-45.75999999999999
1606521442.33	160000	1.308076	0.554	20946809	1472	71.36
1606521443.31	160000	1.357583	0.03	11895609	905	155.2
1606521443.94	160000	1.735746	0.0	7597636	572	160.0
1606521446.42	80000	1.279096	1.026	29583867	2247	-164.16
1606521447.68	80000	1.422448	0.406	15816325	1172	15.040000000000006
1606521448.91	80000	1.329572	0.134	15275967	1151	58.56
1606521449.91	80000	1.464443	0.13	20600381	871	59.2
1606521451.64	160000	1.259006	0.527	50637608	1362	-4.319999999999993
1606521452.41	160000	1.488942	0.0	19559369	643	160.0
1606521457.47	160000	1.374303	3.945	22224402	4940	-471.20000000000005
1606521459.17	160000	1.320406	0.643	22578365	1577	57.120000000000005
1606521459.64	160000	1.852536	0.0	8346702	407	160.0
1606521460.43	160000	2.060192	0.0	15775481	697	160.0
1606521460.87	160000	2.629077	0.0	9163235	371	160.0
1606521462.93	160000	1.561594	0.0	41307095	1836	160.0
1606521464.23	160000	1.467777	0.201	28763893	1133	127.84
1606521466.83	160000	1.419823	1.554	21266416	2496	-88.63999999999999
1606521472.61	160000	1.474948	4.833	23702229	5648	-613.28
1606521473.8	80000	1.286027	0.0	14862949	1101	0.0
1606521475.32	160000	1.309992	0.541	20329780	1398	-6.560000000000002
1606521476.8	160000	1.352032	0.524	16109183	1397	76.16
1606521479.74	80000	1.377136	1.959	34554431	2752	-313.44
1606521482.0	80000	1.337429	1.219	37801487	2063	-115.03999999999999
1606521482.59	160000	1.748917	0.0	15251076	496	80.0
1606521483.63	160000	1.721905	0.0	16574034	913	160.0
1606521484.6	160000	1.735982	0.0	13009028	890	160.0
1606521485.56	160000	1.776715	0.0	12791674	884	160.0
1606521486.4	160000	1.93778	0.0	11137898	771	160.0
1606521487.27	160000	2.073356	0.0	11485310	793	160.0
1606521488.3	160000	2.038485	0.0	12428518	951	160.0
1606521489.24	160000	2.103643	0.0	9963766	874	160.0
1606521490.28	160000	2.064974	0.0	12189364	967	160.0
1606521491.15	160000	2.196812	0.0	10142396	806	160.0
1606521492.05	160000	2.293015	0.0	10185488	841	160.0
1606521492.83	160000	2.516899	0.0	14061455	694	160.0
1606521493.25	160000	3.093763	0.0	20074099	305	160.0
1606521494.12	160000	3.224235	0.0	46115254	616	160.0
1606521494.78	160000	3.564977	0.0	40906522	434	160.0
1606521494.92	160000	4.425319	0.0	7891151	89	160.0
1606521495.29	160000	5.065834	0.0	21012466	234	160.0
1606521495.68	160000	5.669662	0.0	23519424	263	160.0
1606521496.0	160000	6.353369	0.0	18715420	198	160.0
1606521496.29	160000	7.065162	0.0	17000816	180	160.0
1606521496.53	160000	7.825389	0.0	14448126	154	160.0
1606521496.66	160000	8.693247	0.0	6958676	73	160.0
1606521496.81	160000	9.542803	0.0	9088791	91	160.0
1606521496.93	160000	10.422528	0.0	7211881	71	160.0
1606521496.99	160000	11.36487	0.0	3063586	30	160.0
1606521497.05	160000	12.312119	0.0	2782179	28	160.0
1606521497.21	160000	13.150195	0.0	9958410	101	160.0
1606521497.41	160000	13.955182	0.0	12158708	121	160.0
1606521497.61	160000	14.756914	0.0	12300216	122	160.0
1606521497.87	160000	15.492054	0.0	15815684	159	160.0
1606521498.09	160000	16.274787	0.0	13526256	140	160.0
1606521498.29	160000	17.07874	0.0	11995130	124	160.0
1606521498.5	160000	17.862235	0.0	13394791	139	160.0
1606521498.73	160000	18.636856	0.0	14135828	146	160.0
1606521498.97	160000	19.395666	0.0	15366126	156	160.0
1606521499.2	160000	20.165795	0.0	14248439	144	160.0
1606521499.42	160000	20.945918	0.0	13843717	140	160.0
1606521499.66	160000	21.713376	0.0	14665119	148	160.0
1606521500.0	160000	22.375484	0.0	21079187	207	160.0
1606521500.39	160000	22.981634	0.0	25480074	250	160.0
1606521500.76	160000	23.614953	0.0	23021754	225	160.0
1606521501.18	160000	24.199507	0.0	27527834	261	160.0
1606521501.58	160000	24.797111	0.0	26155848	250	160.0
1606521501.86	160000	25.512977	0.0	17849379	170	160.0
1606521502.14	160000	26.240701	0.0	16546531	168	160.0
1606521502.43	160000	26.953072	0.0	17718949	180	160.0
1606521502.71	160000	27.671134	0.0	17337137	177	160.0
1606521503.02	160000	28.36395	0.0	20008245	185	160.0
1606521503.96	160000	28.423455	0.0	58430914	540	160.0
1606521504.22	160000	29.168409	0.0	16292703	141	160.0
1606521504.58	160000	29.799812	0.0	25587422	222	160.0
1606521504.93	160000	30.457098	0.0	23982306	201	160.0
1606521505.12	160000	31.26639	0.0	13347845	103	160.0
1606521505.31	160000	32.074915	0.0	14337991	111	160.0
1606521505.51	160000	32.878025	0.0	14584990	113	160.0
1606521505.71	160000	33.686295	0.0	13962401	109	160.0
1606521505.92	160000	34.474613	0.0	14393788	118	160.0
1606521506.13	160000	35.265522	0.0	14649457	125	160.0
1606521506.32	160000	36.07101	0.0	13409715	114	160.0
1606521506.52	160000	36.871748	0.0	13909605	119	160.0
1606521506.71	160000	37.68032	0.0	13301968	114	160.0
1606521507.0	160000	38.394723	0.0	19025846	168	160.0
1606521507.29	160000	39.110442	0.0	19295426	173	160.0
1606521507.56	160000	39.835941	0.0	18261873	162	160.0
1606521507.86	160000	40.539882	0.0	19847604	177	160.0
1606521508.13	160000	41.269837	0.0	18767181	164	160.0
1606521508.45	160000	41.949757	0.0	22420858	196	160.0
1606521508.74	160000	42.665203	0.0	19324333	166	160.0
1606521509.01	160000	43.389007	0.0	20392234	162	160.0
1606521509.12	160000	44.278364	0.0	7671072	60	160.0
1606521509.37	160000	45.037708	0.0	17781906	140	160.0
1606521509.55	160000	45.860361	0.0	12839336	101	160.0
1606521509.7	160000	46.702117	0.0	10779770	83	160.0
1606521509.9	160000	47.509403	0.0	14606687	111	160.0
1606521510.45	160000	47.957593	0.0	41866951	302	160.0
1606521510.94	160000	48.472922	0.0	37238410	267	160.0
1606521511.41	160000	49.002484	0.0	14347759	385	160.0
1606521511.78	160000	49.628211	0.0	11399187	305	160.0
1606521512.59	160000	49.822647	0.0	10358641	739	160.0
1606521513.87	160000	49.539992	0.0	14315696	1200	160.0
1606521514.33	160000	50.081021	0.0	23283631	326	160.0
1606521515.42	160000	49.997685	0.0	37521367	861	160.0
1606521517.0	160000	49.416842	0.0	22241104	1453	160.0
1606521517.42	160000	49.995768	0.0	15813346	321	160.0
1606521517.88	160000	50.537776	0.0	17116450	354	160.0
1606521518.28	160000	51.13895	0.0	18867054	286	160.0
1606521518.65	160000	51.773387	0.0	17393609	264	160.0
1606521519.45	160000	51.966776	0.0	24759401	663	160.0
1606521520.93	160000	51.498463	0.0	25782433	1314	160.0
1606521524.32	160000	49.106138	0.0	25885372	3225	160.0
1606521526.89	160000	47.537232	0.0	26242011	2411	160.0
1606521527.77	160000	47.654395	0.0	23865378	725	160.0
1606521528.6	160000	47.825041	0.0	25470681	684	160.0
1606521529.47	160000	47.952037	0.0	27258768	710	160.0
1606521530.05	160000	48.382586	0.0	17853711	463	160.0
1606521530.5	160000	48.931859	0.0	14829893	366	160.0
1606521531.34	160000	49.092913	0.0	27779697	673	160.0
1606521532.13	160000	49.305434	0.0	27714923	633	160.0
1606521532.87	160000	49.560589	0.0	25946474	586	160.0
1606521533.48	160000	49.957741	0.0	19596259	487	160.0
1606521534.19	160000	50.247644	0.0	23774167	576	160.0
1606521534.74	160000	50.696861	0.0	19373656	429	160.0
1606521535.4	160000	51.033792	0.0	23977420	528	160.0
1606521536.08	160000	51.359204	0.0	24493733	540	160.0
1606521536.49	160000	51.950083	0.0	14528511	325	160.0
1606521536.97	160000	52.468441	0.0	16841176	376	160.0
1606521537.41	160000	53.030439	0.0	16743604	336	160.0
1606521537.88	160000	53.563441	0.0	17975224	360	160.0
1606521538.44	160000	54.007145	0.0	22329548	426	160.0
1606521538.84	160000	54.607309	0.0	16001583	304	160.0
1606521539.3	160000	55.147244	0.0	18238584	352	160.0
1606521539.85	160000	55.594954	0.0	21308824	426	160.0
1606521540.25	160000	56.200672	0.0	17749058	292	160.0
1606521540.55	160000	56.894061	0.0	14127787	218	160.0
1606521540.96	160000	57.48922	0.0	17525699	298	160.0
1606521541.27	160000	58.181369	0.0	14240042	225	160.0
1606521541.7	160000	58.745004	0.0	20324139	322	160.0
1606521542.16	160000	59.298629	0.0	21993033	325	160.0
1606521542.51	160000	59.946158	0.0	18863108	232	160.0
1606521543.8	160000	59.677295	0.0	15964734	197	160.0
1606521544.95	160000	59.678216	0.0	8284939	93	160.0
1606521545.61	160000	59.929282	0.0	9004706	106	160.0
1606521546.74	160000	59.930285	0.0	6955279	81	160.0
1606521547.91	160000	59.681262	0.0	10701639	107	160.0
1606521548.55	160000	59.932283	0.0	9459459	72	160.0
1606521549.6	160000	59.933245	0.0	3212828	23	160.0
1606521550.65	160000	59.934245	0.0	2509989	20	160.0
1606521551.69	160000	59.935246	0.0	2004927	13	160.0
1606521552.71	160000	59.936301	0.0	591360	3	160.0
1606521554.25	160000	59.870995	0.0	2394426	17	160.0
1606521554.58	40000	1.000999	0.024	336477	3	-3.8400000000000034
1606521554.88	160000	2.001999	0.0	14912671	134	40.0
1606521555.31	160000	2.637534	0.0	24265636	196	160.0
1606521555.6	160000	3.349563	0.0	22711544	141	160.0
1606521555.84	160000	4.104264	0.0	19639705	122	160.0
1606521556.1	160000	4.846416	0.0	20946809	131	160.0
1606521556.3	160000	5.650703	0.0	11895609	122	160.0
1606521556.42	160000	6.526651	0.0	7597636	77	160.0
1606521557.5	160000	6.62544	0.0	56067905	582	160.0
1606521559.5	160000	5.724158	0.0	45444680	1747	160.0
1606521560.23	160000	5.987397	0.0	54798068	422	160.0
1606521561.19	160000	6.041054	0.0	69464107	473	160.0
1606521561.95	160000	6.270113	0.0	50637608	472	160.0
1606521562.23	160000	6.9938	0.0	19559369	153	160.0
1606521562.5	160000	7.729125	0.0	22224402	135	160.0
1606521562.77	160000	8.450725	0.0	22578365	137	160.0
1606521562.89	160000	9.341307	0.0	8346702	50	160.0
1606521563.08	160000	10.146795	0.0	15775481	95	160.0
1606521563.22	160000	11.005003	0.0	9163235	78	160.0
1606521563.81	160000	11.427106	0.0	41307095	345	160.0
1606521564.23	160000	11.996602	0.0	28763893	241	160.0
1606521564.55	160000	12.684094	0.0	21266416	187	160.0
1606521564.91	160000	13.323133	0.0	23702229	206	160.0
1606521565.34	160000	13.896886	0.0	27580394	267	160.0
1606521565.73	160000	14.509145	0.0	20329780	248	160.0
1606521566.03	160000	15.21023	0.0	16109183	196	160.0
1606521567.11	160000	15.163339	0.0	58830800	715	160.0
1606521568.13	160000	15.170572	0.0	66935122	648	160.0
