1606465297.95	40000	1.000999	0.052	334476	41	-8.32
1606465299.43	80000	1.45511	0.552	14912671	1284	-48.31999999999999
1606465301.28	80000	1.341774	0.711	22644885	1708	-33.760000000000005
1606465302.79	80000	1.399773	0.546	17135714	1418	-7.359999999999999
1606465304.44	160000	1.268151	0.491	19639705	1535	1.4399999999999977
1606465306.04	160000	1.362458	0.635	20946809	1492	58.400000000000006
1606465306.95	160000	1.482058	0.03	11895609	836	155.2
1606465307.67	160000	1.764845	0.0	7597636	668	160.0
1606465310.2	80000	1.21953	0.99	29583867	2311	-158.4
1606465311.8	80000	1.270714	0.648	15816325	1505	-23.680000000000007
1606465316.52	80000	1.419351	3.857	15275967	4628	-537.12
1606465320.18	80000	1.277455	2.529	20600381	3549	-324.64
1606465322.23	80000	1.307631	1.072	17710542	1944	-91.52000000000001
1606465324.28	160000	1.380194	1.124	19559369	1938	-99.84
1606465326.25	160000	1.231217	0.819	22224402	1833	28.960000000000008
1606465327.58	160000	1.331515	0.431	22578365	1206	91.04
1606465328.02	160000	1.895782	0.0	8346702	377	160.0
1606465328.74	160000	2.17581	0.0	15775481	622	160.0
1606465329.13	160000	2.785245	0.0	9163235	336	160.0
1606465330.74	160000	2.174774	0.0	41307095	1336	160.0
1606465331.71	160000	2.208497	0.0	28763893	803	160.0
1606465332.5	160000	2.420711	0.0	21266416	650	160.0
1606465333.33	160000	2.587941	0.0	23702229	691	160.0
1606465334.14	160000	2.773761	0.0	27580394	660	160.0
1606465334.55	160000	3.364493	0.0	20329780	282	160.0
1606465334.87	160000	4.046378	0.0	16109183	224	160.0
1606465336.13	160000	3.793771	0.0	58830800	788	160.0
1606465337.36	160000	3.558638	0.0	66935122	878	160.0
1606465337.68	160000	4.244916	0.0	15251076	221	160.0
1606465338.02	160000	4.900833	0.0	16574034	246	160.0
1606465338.71	160000	5.213217	0.0	13009028	611	160.0
1606465341.79	160000	3.138638	0.0	12791674	2997	160.0
1606465343.94	160000	1.987042	0.0	11137898	2076	160.0
1606465344.86	160000	2.072087	0.0	11485310	845	160.0
1606465345.79	160000	2.135176	0.0	12428518	864	160.0
1606465346.59	160000	2.340017	0.0	9963766	735	160.0
1606465347.72	160000	2.212117	0.0	12189364	1058	160.0
1606465348.57	160000	2.36468	0.0	10142396	786	160.0
1606465349.33	160000	2.601163	0.0	10185488	700	160.0
1606465350.42	160000	2.511359	0.0	14061455	1007	160.0
1606465351.96	160000	1.972266	0.0	20074099	1421	160.0
1606465353.91	80000	1.273962	0.25	26113743	1815	-40.0
1606465357.04	160000	1.26035	2.117	40906522	2926	-258.72
1606465357.68	160000	1.629586	0.0	7891151	577	160.0
1606465359.41	160000	1.409428	0.517	21012466	1635	77.28
1606465361.13	160000	1.427463	0.728	23519424	1597	43.519999999999996
1606465362.82	160000	1.406698	0.675	18715420	1602	52.0
1606465364.06	160000	1.332032	0.157	17000816	1143	134.88
1606465365.28	160000	1.490621	0.385	14448126	1150	98.4
1606465365.95	160000	1.827793	0.0	6958676	618	160.0
1606465366.82	160000	1.957155	0.0	9088791	813	160.0
1606465367.43	160000	2.342606	0.0	7211881	570	160.0
1606465367.66	160000	3.111522	0.0	3063586	206	160.0
1606465367.88	160000	3.900155	0.0	2782179	187	160.0
1606465368.63	160000	4.145538	0.0	9958410	694	160.0
1606465369.65	160000	4.130253	0.0	12158708	945	160.0
1606465370.81	160000	3.970686	0.0	12300216	1086	160.0
1606465372.46	160000	3.321139	0.0	15815684	1560	160.0
1606465373.66	160000	3.127016	0.0	13526256	1117	160.0
1606465374.57	160000	3.217628	0.0	11995130	840	160.0
1606465375.57	160000	3.214997	0.0	13394791	927	160.0
1606465376.72	160000	3.063752	0.0	14135828	1072	160.0
1606465378.74	160000	2.049113	0.0	15366126	1923	160.0
1606465382.84	160000	1.390015	2.446	14248439	4034	-231.36
1606465383.87	160000	1.3629	0.0	13843717	942	160.0
1606465384.97	160000	1.338153	0.075	14665119	1022	148.0
1606465386.75	160000	1.4145	0.85	21079187	1667	24.0
1606465388.75	160000	1.26517	0.853	25480074	1876	23.52000000000001
1606465389.97	160000	1.369427	0.327	23021754	1104	107.68
1606465393.67	160000	1.446985	2.774	27527834	3558	-283.84
1606465395.61	160000	1.471709	0.967	26155848	1806	5.280000000000001
1606465400.56	160000	1.43918	3.913	17849379	4849	-466.08000000000004
1606465401.84	160000	1.32782	0.168	16546531	1191	133.12
1606465403.27	160000	1.272117	0.375	17718949	1332	100.0
1606465404.06	160000	1.485152	0.0	17337137	686	160.0
1606465404.92	160000	1.623053	0.0	20008245	751	160.0
1606465408.36	160000	1.396507	2.206	58430914	3171	-192.95999999999998
1606465409.11	160000	1.641242	0.0	16292703	648	160.0
1606465410.28	160000	1.479015	0.0	25587422	1009	160.0
1606465411.34	160000	1.471032	0.05	23982306	924	152.0
1606465411.94	160000	1.865928	0.0	13347845	524	160.0
1606465412.59	160000	2.214259	0.0	14337991	571	160.0
1606465413.29	160000	2.517855	0.0	14584990	615	160.0
1606465414.24	160000	2.576255	0.0	13962401	863	160.0
1606465417.42	160000	1.414185	1.026	14393788	3106	-4.159999999999997
1606465421.67	160000	1.440935	3.272	14649457	4172	-363.52
1606465425.68	160000	1.463911	3.033	13409715	3944	-325.28
1606465427.06	160000	1.497884	0.413	13909605	1309	93.92
1606465428.51	160000	1.411319	0.36	13301968	1381	102.4
1606465433.37	160000	1.27272	3.723	19025846	4750	-435.67999999999995
1606465435.13	160000	1.4967	0.978	19295426	1656	3.5200000000000102
1606465436.32	160000	1.475309	0.163	18261873	1092	133.92000000000002
1606465437.24	160000	1.542075	0.0	19847604	805	160.0
1606465437.83	160000	1.957252	0.0	18767181	478	160.0
1606465438.31	160000	2.482393	0.0	22420858	334	160.0
1606465438.71	160000	3.078414	0.0	19324333	286	160.0
1606465439.12	160000	3.667056	0.0	20392234	293	160.0
1606465439.3	160000	4.494231	0.0	7671072	110	160.0
1606465439.66	160000	5.128689	0.0	17781906	255	160.0
1606465439.93	160000	5.864627	0.0	12839336	185	160.0
1606465440.15	160000	6.646105	0.0	10779770	154	160.0
1606465440.44	160000	7.354384	0.0	14606687	208	160.0
1606465441.39	160000	7.408008	0.0	41866951	699	160.0
1606465442.3	160000	7.501674	0.0	37238410	670	160.0
1606465442.65	160000	8.150077	0.0	14347759	267	160.0
1606465443.01	160000	8.790536	0.0	11399187	292	160.0
1606465443.34	160000	9.459276	0.0	10358641	266	160.0
1606465443.78	160000	10.0254	0.0	14315696	354	160.0
1606465444.45	160000	10.349006	0.0	23283631	542	160.0
1606465445.46	160000	10.348646	0.0	37521367	779	160.0
1606465446.09	160000	10.709427	0.0	22241104	511	160.0
1606465446.58	160000	11.226141	0.0	15813346	384	160.0
1606465447.02	160000	11.785621	0.0	17116450	336	160.0
1606465447.5	160000	12.302702	0.0	18867054	369	160.0
1606465447.92	160000	12.887255	0.0	17393609	313	160.0
1606465448.49	160000	13.315374	0.0	24759401	429	160.0
1606465449.06	160000	13.750143	0.0	25782433	420	160.0
1606465449.64	160000	14.175723	0.0	25885372	412	160.0
1606465450.16	160000	14.647731	0.0	26242011	380	160.0
1606465450.67	160000	15.144937	0.0	23865378	346	160.0
1606465451.18	160000	15.63908	0.0	25470681	357	160.0
1606465451.72	160000	16.096192	0.0	27258768	376	160.0
1606465452.07	160000	16.750993	0.0	17853711	241	160.0
1606465452.37	160000	17.449816	0.0	14829893	200	160.0
1606465452.9	160000	17.915767	0.0	27779697	374	160.0
1606465453.43	160000	18.384996	0.0	27714923	374	160.0
1606465453.95	160000	18.873123	0.0	25946474	361	160.0
1606465454.33	160000	19.493282	0.0	19596259	260	160.0
1606465454.78	160000	20.040888	0.0	23774167	319	160.0
1606465455.16	160000	20.665941	0.0	19373656	261	160.0
1606465455.62	160000	21.205722	0.0	23977420	323	160.0
1606465456.13	160000	21.697855	0.0	24493733	370	160.0
1606465456.43	160000	22.391145	0.0	14528511	223	160.0
1606465456.79	160000	23.036867	0.0	16841176	254	160.0
1606465457.12	160000	23.711995	0.0	16743604	224	160.0
1606465457.46	160000	24.370044	0.0	17975224	226	160.0
1606465457.87	160000	24.960584	0.0	22329548	282	160.0
1606465458.17	160000	25.661875	0.0	16001583	202	160.0
1606465458.51	160000	26.32749	0.0	18238584	229	160.0
1606465458.9	160000	26.931325	0.0	21308824	268	160.0
1606465459.23	160000	27.602872	0.0	17749058	224	160.0
1606465459.5	160000	28.338603	0.0	14127787	177	160.0
1606465459.82	160000	29.017619	0.0	17525699	220	160.0
1606465460.08	160000	29.759515	0.0	14240042	176	160.0
1606465460.45	160000	30.386344	0.0	20324139	257	160.0
1606465460.86	160000	30.984046	0.0	21993033	276	160.0
1606465461.22	160000	31.618968	0.0	18863108	248	160.0
1606465461.53	160000	32.311718	0.0	15964734	209	160.0
1606465461.7	160000	33.146796	0.0	8284939	109	160.0
1606465461.87	160000	33.975457	0.0	9004706	114	160.0
1606465462.01	160000	34.839441	0.0	6955279	87	160.0
1606465462.21	160000	35.637476	0.0	10701639	136	160.0
1606465462.39	160000	36.45637	0.0	9459459	113	160.0
1606465462.46	160000	37.386909	0.0	3212828	40	160.0
1606465462.52	160000	38.332203	0.0	2509989	32	160.0
1606465462.56	160000	39.285991	0.0	2004927	25	160.0
1606465462.58	160000	40.265221	0.0	591360	8	160.0
1606465462.64	160000	41.644661	0.0	2394426	32	160.0
1606465462.94	40000	1.000999	0.022	336477	4	-3.520000000000003
1606465463.3	160000	2.001999	0.0	14912671	195	40.0
1606465463.85	160000	2.492306	0.0	24265636	317	160.0
1606465464.29	160000	3.049539	0.0	22711544	300	160.0
1606465464.67	160000	3.668707	0.0	19639705	259	160.0
1606465465.12	160000	4.282135	0.0	20946809	322	160.0
1606465465.38	160000	5.023617	0.0	11895609	188	160.0
1606465465.55	160000	5.902847	0.0	7597636	121	160.0
1606465466.76	160000	5.75474	0.0	56067905	737	160.0
1606465467.54	160000	5.996407	0.0	45444680	546	160.0
1606465468.5	160000	6.071711	0.0	54798068	657	160.0
1606465469.79	160000	5.772529	0.0	69464107	819	160.0
1606465470.69	160000	5.879257	0.0	50637608	615	160.0
1606465471.04	160000	6.528756	0.0	19559369	230	160.0
1606465471.43	160000	7.134787	0.0	22224402	262	160.0
1606465471.83	160000	7.732746	0.0	22578365	269	160.0
1606465471.99	160000	8.574905	0.0	8346702	103	160.0
1606465472.28	160000	9.285027	0.0	15775481	193	160.0
1606465472.46	160000	10.113578	0.0	9163235	113	160.0
1606465473.22	160000	10.355033	0.0	41307095	533	160.0
1606465473.8	160000	10.774406	0.0	28763893	403	160.0
1606465474.21	160000	11.360413	0.0	21266416	291	160.0
1606465474.68	160000	11.888159	0.0	23702229	325	160.0
1606465475.24	160000	12.369659	0.0	27580394	371	160.0
1606465475.66	160000	12.977389	0.0	20329780	273	160.0
1606465475.97	160000	13.66279	0.0	16109183	213	160.0
1606465477.07	160000	13.572163	0.0	58830800	756	160.0
