1606507658.46	40000	1.000999	0.033	334476	22	-5.280000000000001
1606507659.71	80000	1.371609	0.251	14912671	1041	-0.1599999999999966
1606507661.49	80000	1.334226	0.716	22644885	1631	-34.56
1606507662.89	80000	1.416421	0.461	17135714	1309	6.239999999999995
1606507664.37	160000	1.24857	0.291	19639705	1368	33.44
1606507665.97	160000	1.371543	0.663	20946809	1487	53.92
1606507666.97	160000	1.373766	0.0	11895609	926	160.0
1606507667.58	160000	1.758274	0.0	7597636	563	160.0
1606507668.86	80000	1.482692	0.0	29583867	1029	0.0
1606507670.01	160000	1.334781	0.0	45444680	777	80.0
1606507671.3	160000	1.258108	0.144	54798068	989	136.96
1606507679.18	160000	1.262267	6.891	69464107	7465	-942.56
1606507681.37	160000	1.293896	1.224	50637608	1954	-35.84
1606507681.97	160000	1.696536	0.0	19559369	469	160.0
1606507682.62	160000	2.045775	0.0	22224402	515	160.0
1606507683.23	160000	2.436109	0.0	22578365	484	160.0
1606507683.47	160000	3.205506	0.0	8346702	177	160.0
1606507683.88	160000	3.793913	0.0	15775481	318	160.0
1606507684.13	160000	4.545197	0.0	9163235	192	160.0
1606507685.13	160000	4.544225	0.0	41307095	776	160.0
1606507686.51	160000	4.162031	0.0	28763893	1206	160.0
1606507692.4	160000	1.269523	2.003	21266416	5778	-160.48000000000002
1606507694.2	160000	1.273391	0.802	23702229	1661	31.680000000000007
1606507695.3	160000	1.325842	0.153	27580394	965	135.52
1606507695.78	160000	1.849669	0.0	20329780	345	160.0
1606507696.08	160000	2.549574	0.0	16109183	196	160.0
1606507697.2	160000	2.427494	0.0	58830800	780	160.0
1606507698.38	160000	2.249787	0.0	66935122	828	160.0
1606507698.65	160000	2.981512	0.0	15251076	176	160.0
1606507698.95	160000	3.68534	0.0	16574034	192	160.0
1606507699.18	160000	4.456209	0.0	13009028	150	160.0
1606507699.42	160000	5.218362	0.0	12791674	163	160.0
1606507699.61	160000	6.02843	0.0	11137898	122	160.0
1606507699.8	160000	6.841594	0.0	11485310	115	160.0
1606507700.0	160000	7.642507	0.0	12428518	123	160.0
1606507700.17	160000	8.474386	0.0	9963766	100	160.0
1606507700.36	160000	9.277414	0.0	12189364	123	160.0
1606507700.54	160000	10.105396	0.0	10142396	107	160.0
1606507700.7	160000	10.939802	0.0	10185488	103	160.0
1606507700.93	160000	11.714992	0.0	14061455	143	160.0
1606507701.25	160000	12.394959	0.0	20074099	204	160.0
1606507702.06	160000	12.590876	0.0	46115254	544	160.0
1606507702.82	160000	12.830594	0.0	40906522	528	160.0
1606507702.94	160000	13.704225	0.0	7891151	72	160.0
1606507703.26	160000	14.389472	0.0	21012466	193	160.0
1606507703.61	160000	15.041495	0.0	23519424	215	160.0
1606507703.9	160000	15.753562	0.0	18715420	177	160.0
1606507704.16	160000	16.490676	0.0	17000816	161	160.0
1606507704.39	160000	17.267181	0.0	14448126	136	160.0
1606507704.5	160000	18.156301	0.0	6958676	65	160.0
1606507704.64	160000	19.014875	0.0	9088791	85	160.0
1606507704.77	160000	19.891673	0.0	7211881	70	160.0
1606507704.82	160000	20.834403	0.0	3063586	28	160.0
1606507704.87	160000	21.783218	0.0	2782179	26	160.0
1606507705.03	160000	22.630604	0.0	9958410	91	160.0
1606507705.21	160000	23.445766	0.0	12158708	112	160.0
1606507705.4	160000	24.255968	0.0	12300216	115	160.0
1606507705.65	160000	25.011933	0.0	15815684	145	160.0
1606507705.85	160000	25.812841	0.0	13526256	119	160.0
1606507706.03	160000	26.63771	0.0	11995130	105	160.0
1606507706.22	160000	27.444807	0.0	13394791	118	160.0
1606507706.43	160000	28.240834	0.0	14135828	124	160.0
1606507706.64	160000	29.022566	0.0	15366126	133	160.0
1606507706.84	160000	29.827177	0.0	14248439	114	160.0
1606507707.03	160000	30.637278	0.0	13843717	111	160.0
1606507707.24	160000	31.432147	0.0	14665119	118	160.0
1606507707.54	160000	32.137784	0.0	21079187	169	160.0
1606507707.91	160000	32.766734	0.0	25480074	229	160.0
1606507708.25	160000	33.425866	0.0	23021754	208	160.0
1606507708.65	160000	34.026756	0.0	27527834	249	160.0
1606507709.03	160000	34.64224	0.0	26155848	229	160.0
1606507709.29	160000	35.381123	0.0	17849379	159	160.0
1606507709.54	160000	36.137287	0.0	16546531	146	160.0
1606507709.78	160000	36.897285	0.0	17718949	133	160.0
1606507710.01	160000	37.669538	0.0	17337137	127	160.0
1606507710.27	160000	38.408455	0.0	20008245	147	160.0
1606507711.24	160000	38.436453	0.0	58430914	661	160.0
1606507711.68	160000	38.997686	0.0	16292703	336	160.0
1606507712.06	160000	39.62588	0.0	25587422	229	160.0
1606507712.42	160000	40.272144	0.0	23982306	221	160.0
1606507712.61	160000	41.070926	0.0	13347845	119	160.0
1606507712.83	160000	41.857858	0.0	14337991	126	160.0
1606507713.04	160000	42.646104	0.0	14584990	128	160.0
1606507713.25	160000	43.442386	0.0	13962401	122	160.0
1606507713.46	160000	44.227099	0.0	14393788	126	160.0
1606507713.72	160000	44.972056	0.0	14649457	166	160.0
1606507714.26	160000	45.431421	0.0	13409715	463	160.0
1606507714.76	160000	45.938829	0.0	13909605	407	160.0
1606507715.06	160000	46.633363	0.0	13301968	227	160.0
1606507715.5	160000	47.193333	0.0	19025846	324	160.0
1606507716.98	160000	46.719059	0.0	19295426	1361	160.0
1606507718.38	160000	46.312907	0.0	18261873	1301	160.0
1606507720.16	160000	45.535328	0.0	19847604	1660	160.0
1606507721.84	160000	44.864423	0.0	18767181	1563	160.0
1606507723.78	160000	43.920618	0.0	22420858	1813	160.0
1606507725.36	160000	43.337827	0.0	19324333	1469	160.0
1606507727.03	160000	42.666956	0.0	20392234	1557	160.0
1606507727.63	160000	43.067294	0.0	7671072	552	160.0
1606507729.13	160000	42.572635	0.0	17781906	1390	160.0
1606507730.32	160000	42.386663	0.0	12839336	1108	160.0
1606507731.37	160000	42.338428	0.0	10779770	985	160.0
1606507732.74	160000	41.962031	0.0	14606687	1294	160.0
1606507736.29	160000	39.419126	0.0	41866951	3290	160.0
1606507739.33	160000	37.381889	0.0	37238410	2813	160.0
1606507740.46	160000	37.24665	0.0	14347759	1051	160.0
1606507741.37	160000	37.337838	0.0	11399187	838	160.0
1606507742.2	160000	37.514809	0.0	10358641	755	160.0
1606507743.3	160000	37.416829	0.0	14315696	1015	160.0
1606507745.44	160000	36.274531	0.0	23283631	2009	160.0
1606507748.39	160000	34.325678	0.0	37521367	2734	160.0
1606507750.06	160000	33.655255	0.0	22241104	1551	160.0
1606507751.3	160000	33.420382	0.0	15813346	1136	160.0
1606507752.66	160000	33.054402	0.0	17116450	1268	160.0
1606507754.13	160000	32.592014	0.0	18867054	1348	160.0
1606507755.71	160000	32.00558	0.0	17393609	1481	160.0
1606507757.76	160000	30.959925	0.0	24759401	1901	160.0
1606507759.87	160000	29.848908	0.0	25782433	1963	160.0
1606507761.05	160000	29.66881	0.0	25885372	1019	160.0
1606507762.19	160000	29.531451	0.0	26242011	988	160.0
1606507763.61	160000	29.111123	0.0	23865378	1268	160.0
1606507765.79	160000	27.940064	0.0	25470681	2027	160.0
1606507767.92	160000	26.80595	0.0	27258768	1972	160.0
1606507769.38	160000	26.346376	0.0	17853711	1354	160.0
1606507770.63	160000	26.098241	0.0	14829893	1163	160.0
1606507773.01	160000	24.721617	0.0	27779697	2209	160.0
1606507773.53	160000	25.206503	0.0	27714923	353	160.0
1606507774.01	160000	25.719333	0.0	25946474	329	160.0
1606507774.36	160000	26.367273	0.0	19596259	234	160.0
1606507774.79	160000	26.94243	0.0	23774167	284	160.0
1606507775.14	160000	27.593671	0.0	19373656	231	160.0
1606507775.57	160000	28.170151	0.0	23977420	285	160.0
1606507776.0	160000	28.738211	0.0	24493733	292	160.0
1606507776.25	160000	29.490181	0.0	14528511	161	160.0
1606507776.54	160000	30.200295	0.0	16841176	186	160.0
1606507776.84	160000	30.901154	0.0	16743604	201	160.0
1606507777.27	160000	31.469419	0.0	17975224	328	160.0
1606507778.11	160000	31.632247	0.0	22329548	703	160.0
1606507779.57	160000	31.172855	0.0	16001583	1360	160.0
1606507780.53	160000	31.215723	0.0	18238584	847	160.0
1606507781.69	160000	31.055964	0.0	21308824	1025	160.0
1606507783.5	160000	30.245978	0.0	17749058	1703	160.0
1606507784.39	160000	30.356206	0.0	14127787	807	160.0
1606507785.08	160000	30.67172	0.0	17525699	584	160.0
1606507785.89	160000	30.861039	0.0	14240042	725	160.0
1606507788.21	160000	29.538671	0.0	20324139	2202	160.0
1606507789.94	160000	28.813237	0.0	21993033	1596	160.0
1606507791.78	160000	27.972269	0.0	18863108	1714	160.0
1606507792.39	160000	28.361076	0.0	15964734	512	160.0
1606507792.6	160000	29.148874	0.0	8284939	157	160.0
1606507792.83	160000	29.920075	0.0	9004706	170	160.0
1606507793.01	160000	30.742253	0.0	6955279	131	160.0
1606507793.25	160000	31.511017	0.0	10701639	165	160.0
1606507793.44	160000	32.316717	0.0	9459459	135	160.0
1606507793.52	160000	33.241296	0.0	3212828	46	160.0
1606507793.58	160000	34.1813	0.0	2509989	35	160.0
1606507793.63	160000	35.13127	0.0	2004927	28	160.0
1606507793.65	160000	36.107776	0.0	591360	8	160.0
1606507793.71	160000	37.485557	0.0	2394426	35	160.0
1606507794.04	40000	1.000999	0.027	336477	4	-4.32
1606507795.75	160000	1.307808	0.716	14912671	1574	-74.56
1606507796.75	160000	1.373409	0.057	24265636	757	150.88
1606507797.37	160000	1.80423	0.0	22711544	468	160.0
1606507797.91	160000	2.287775	0.0	19639705	406	160.0
1606507798.44	160000	2.789251	0.0	20946809	394	160.0
1606507798.72	160000	3.509118	0.0	11895609	207	160.0
1606507798.9	160000	4.327539	0.0	7597636	132	160.0
1606507800.38	160000	3.900711	0.0	56067905	995	160.0
1606507802.5	160000	2.781711	0.0	45444680	1869	160.0
1606507807.19	160000	1.275257	2.181	54798068	4426	-188.95999999999998
1606507809.91	160000	1.273417	1.715	69464107	2297	-114.39999999999998
1606507811.7	160000	1.422922	0.945	50637608	1549	8.800000000000011
1606507812.24	160000	1.884429	0.0	19559369	421	160.0
1606507812.87	160000	2.256115	0.0	22224402	496	160.0
1606507813.64	160000	2.482089	0.0	22578365	645	160.0
1606507814.02	160000	3.104196	0.0	8346702	326	160.0
1606507815.04	160000	3.090603	0.0	15775481	916	160.0
1606507815.78	160000	3.349308	0.0	9163235	683	160.0
1606507817.55	160000	2.577793	0.0	41307095	1546	160.0
1606507819.46	160000	1.672955	0.0	28763893	1726	160.0
1606507822.5	160000	1.376458	1.738	21266416	2928	-118.07999999999998
1606507824.52	160000	1.365857	1.015	23702229	1892	-2.4000000000000057
1606507827.33	160000	1.382452	1.826	27580394	2674	-132.16000000000003
1606507829.03	160000	1.459698	0.774	20329780	1583	36.16
1606507830.6	160000	1.485225	0.591	16109183	1483	65.44
1606507831.84	80000	1.250972	0.008	34554431	1041	-1.2800000000000011
1606507832.6	80000	1.495361	0.0	37801487	541	80.0
