1606469138.01	40000	1.000999	0.034	334476	23	-5.439999999999998
1606469139.34	80000	1.256433	0.205	14912671	1119	7.200000000000003
1606469140.81	80000	1.333515	0.514	22644885	1324	-2.239999999999995
1606469145.02	80000	1.436905	3.291	17135714	4116	-446.55999999999995
1606469145.99	80000	1.492864	0.0	13114792	880	80.0
1606469146.63	160000	1.90305	0.0	20946809	495	80.0
1606469146.99	160000	2.539524	0.0	11895609	291	160.0
1606469147.27	160000	3.262007	0.0	7597636	226	160.0
1606469149.45	160000	2.083125	0.0	56067905	1676	160.0
1606469150.92	160000	1.613202	0.0	45444680	1212	160.0
1606469155.29	160000	1.297138	3.058	54798068	4114	-329.28
1606469155.87	80000	1.71882	0.0	20600381	450	0.0
1606469164.02	160000	1.357452	6.783	50637608	7890	-1005.28
1606469165.18	160000	1.391683	0.196	19559369	1056	128.64
1606469165.86	160000	1.716693	0.0	22224402	553	160.0
1606469166.6	160000	1.975083	0.0	22578365	606	160.0
1606469166.88	160000	2.697425	0.0	8346702	223	160.0
1606469167.35	160000	3.232753	0.0	15775481	370	160.0
1606469167.62	160000	3.956801	0.0	9163235	206	160.0
1606469168.88	160000	3.705412	0.0	41307095	1034	160.0
1606469170.08	160000	3.495595	0.0	28763893	1034	160.0
1606469171.48	160000	3.099004	0.0	21266416	1274	160.0
1606469172.84	160000	2.747902	0.0	23702229	1215	160.0
1606469173.47	160000	3.116622	0.0	27580394	467	160.0
1606469173.82	160000	3.763649	0.0	20329780	233	160.0
1606469174.11	160000	4.479166	0.0	16109183	185	160.0
1606469175.34	160000	4.246553	0.0	58830800	824	160.0
1606469177.62	160000	2.966253	0.0	66935122	1926	160.0
1606469178.27	160000	3.315363	0.0	15251076	564	160.0
1606469178.89	160000	3.695984	0.0	16574034	517	160.0
1606469179.7	160000	3.886359	0.0	13009028	727	160.0
1606469180.77	160000	3.821526	0.0	12791674	989	160.0
1606469181.22	160000	4.373784	0.0	11137898	378	160.0
1606469181.41	160000	5.182657	0.0	11485310	120	160.0
1606469181.62	160000	5.978618	0.0	12428518	130	160.0
1606469181.79	160000	6.801735	0.0	9963766	104	160.0
1606469181.99	160000	7.601001	0.0	12189364	128	160.0
1606469182.17	160000	8.431722	0.0	10142396	108	160.0
1606469182.36	160000	9.243025	0.0	10185488	121	160.0
1606469182.61	160000	9.993086	0.0	14061455	166	160.0
1606469182.96	160000	10.639002	0.0	20074099	237	160.0
1606469183.7	160000	10.902384	0.0	46115254	485	160.0
1606469184.36	160000	11.244813	0.0	40906522	412	160.0
1606469184.49	160000	12.110396	0.0	7891151	80	160.0
1606469184.83	160000	12.777194	0.0	21012466	213	160.0
1606469185.21	160000	13.405844	0.0	23519424	240	160.0
1606469185.54	160000	14.066984	0.0	18715420	220	160.0
1606469185.84	160000	14.767478	0.0	17000816	200	160.0
1606469186.1	160000	15.510704	0.0	14448126	170	160.0
1606469186.22	160000	16.389001	0.0	6958676	75	160.0
1606469186.39	160000	17.220331	0.0	9088791	100	160.0
1606469186.52	160000	18.088161	0.0	7211881	78	160.0
1606469186.58	160000	19.026588	0.0	3063586	33	160.0
1606469186.64	160000	19.970811	0.0	2782179	31	160.0
1606469186.81	160000	20.804934	0.0	9958410	107	160.0
1606469187.01	160000	21.603356	0.0	12158708	131	160.0
1606469187.22	160000	22.400395	0.0	12300216	131	160.0
1606469187.48	160000	23.138682	0.0	15815684	155	160.0
1606469187.69	160000	23.924361	0.0	13526256	132	160.0
1606469187.89	160000	24.733363	0.0	11995130	119	160.0
1606469188.1	160000	25.523779	0.0	13394791	132	160.0
1606469188.32	160000	26.296651	0.0	14135828	142	160.0
1606469188.57	160000	27.054977	0.0	15366126	155	160.0
1606469188.79	160000	27.829865	0.0	14248439	143	160.0
1606469189.01	160000	28.610931	0.0	13843717	140	160.0
1606469189.27	160000	29.359214	0.0	14665119	163	160.0
1606469189.68	160000	29.941784	0.0	21079187	300	160.0
1606469190.19	160000	30.436237	0.0	25480074	363	160.0
1606469192.84	160000	28.792753	0.0	23021754	2496	160.0
1606469195.14	160000	27.487813	0.0	27527834	2147	160.0
1606469197.33	160000	26.301737	0.0	26155848	2023	160.0
1606469197.7	160000	26.934174	0.0	17849379	263	160.0
1606469198.04	160000	27.59345	0.0	16546531	244	160.0
1606469198.39	160000	28.239435	0.0	17718949	240	160.0
1606469198.71	160000	28.926964	0.0	17337137	212	160.0
1606469199.07	160000	29.565124	0.0	20008245	245	160.0
1606469200.11	160000	29.529163	0.0	58430914	716	160.0
1606469200.46	160000	30.179001	0.0	16292703	249	160.0
1606469201.05	160000	30.589286	0.0	25587422	448	160.0
1606469201.95	160000	30.691238	0.0	23982306	763	160.0
1606469204.42	160000	29.21748	0.0	13347845	2387	160.0
1606469206.17	160000	28.475868	0.0	14337991	1661	160.0
1606469207.72	160000	27.926377	0.0	14584990	1468	160.0
1606469225.03	160000	11.610552	0.0	13962401	17229	160.0
1606469243.97	80000	1.401612	7.734	7120614	66	-1237.44
1606469244.2	160000	2.176267	0.0	14649457	136	80.0
1606469244.41	160000	2.963182	0.0	13409715	125	160.0
1606469244.61	160000	3.761614	0.0	13909605	122	160.0
1606469244.8	160000	4.572929	0.0	13301968	113	160.0
1606469245.08	160000	5.297013	0.0	19025846	162	160.0
1606469245.36	160000	6.021474	0.0	19295426	164	160.0
1606469245.62	160000	6.75701	0.0	18261873	150	160.0
1606469245.9	160000	7.481018	0.0	19847604	155	160.0
1606469246.15	160000	8.225385	0.0	18767181	148	160.0
1606469246.47	160000	8.914254	0.0	22420858	175	160.0
1606469246.71	160000	9.673389	0.0	19324333	124	160.0
1606469246.96	160000	10.426384	0.0	20392234	131	160.0
1606469247.06	160000	11.325542	0.0	7671072	50	160.0
1606469247.28	160000	12.106705	0.0	17781906	115	160.0
1606469247.44	160000	12.948468	0.0	12839336	83	160.0
1606469247.58	160000	13.809306	0.0	10779770	73	160.0
1606469247.77	160000	14.622674	0.0	14606687	104	160.0
1606469248.31	160000	15.082274	0.0	41866951	300	160.0
1606469248.78	160000	15.608868	0.0	37238410	251	160.0
1606469248.95	160000	16.442108	0.0	14347759	86	160.0
1606469249.09	160000	17.306153	0.0	11399187	69	160.0
1606469249.21	160000	18.177931	0.0	10358641	62	160.0
1606469249.38	160000	19.010027	0.0	14315696	87	160.0
1606469249.7	160000	19.693834	0.0	23283631	173	160.0
1606469250.3	160000	20.097571	0.0	37521367	379	160.0
1606469250.73	160000	20.665122	0.0	22241104	306	160.0
1606469251.38	160000	21.013345	0.0	15813346	551	160.0
1606469252.4	160000	20.996717	0.0	17116450	903	160.0
1606469255.6	160000	18.798664	0.0	18867054	3088	160.0
1606469257.83	160000	17.571405	0.0	17393609	2128	160.0
1606469259.81	160000	16.593012	0.0	24759401	1842	160.0
1606469261.74	160000	15.665404	0.0	25782433	1783	160.0
1606469262.86	160000	15.539529	0.0	25885372	961	160.0
1606469263.28	160000	16.127385	0.0	26242011	246	160.0
1606469263.65	160000	16.751963	0.0	23865378	223	160.0
1606469264.06	160000	17.345841	0.0	25470681	245	160.0
1606469264.5	160000	17.907927	0.0	27258768	260	160.0
1606469264.92	160000	18.492162	0.0	17853711	309	160.0
1606469265.34	160000	19.06559	0.0	14829893	340	160.0
1606469266.15	160000	19.261308	0.0	27779697	646	160.0
1606469267.81	160000	18.599616	0.0	27714923	1503	160.0
1606469269.78	160000	17.637069	0.0	25946474	1805	160.0
1606469271.37	160000	17.047685	0.0	19596259	1475	160.0
1606469272.17	160000	17.249276	0.0	23774167	648	160.0
1606469272.66	160000	17.751489	0.0	19373656	382	160.0
1606469273.25	160000	18.162892	0.0	23977420	453	160.0
1606469273.86	160000	18.561817	0.0	24493733	462	160.0
1606469274.21	160000	19.206028	0.0	14528511	269	160.0
1606469274.63	160000	19.793087	0.0	16841176	312	160.0
1606469275.01	160000	20.408205	0.0	16743604	279	160.0
1606469275.43	160000	20.987968	0.0	17975224	308	160.0
1606469275.97	160000	21.449574	0.0	22329548	404	160.0
1606469276.38	160000	22.040062	0.0	16001583	315	160.0
1606469276.86	160000	22.568183	0.0	18238584	364	160.0
1606469277.43	160000	22.999657	0.0	21308824	439	160.0
1606469277.92	160000	23.510886	0.0	17749058	383	160.0
1606469278.32	160000	24.112426	0.0	14127787	316	160.0
1606469278.81	160000	24.618801	0.0	17525699	387	160.0
1606469279.19	160000	25.238785	0.0	14240042	296	160.0
1606469279.75	160000	25.680341	0.0	20324139	437	160.0
1606469280.28	160000	26.14825	0.0	21993033	399	160.0
1606469280.74	160000	26.688686	0.0	18863108	342	160.0
1606469281.1	160000	27.336873	0.0	15964734	254	160.0
1606469281.29	160000	28.150095	0.0	8284939	132	160.0
1606469281.5	160000	28.935901	0.0	9004706	143	160.0
1606469281.66	160000	29.777974	0.0	6955279	111	160.0
1606469281.88	160000	30.555252	0.0	10701639	156	160.0
1606469282.08	160000	31.35823	0.0	9459459	133	160.0
1606469282.16	160000	32.282695	0.0	3212828	46	160.0
1606469282.23	160000	33.215522	0.0	2509989	42	160.0
1606469282.28	160000	34.163828	0.0	2004927	28	160.0
1606469282.3	160000	35.139844	0.0	591360	8	160.0
1606469282.36	160000	36.514964	0.0	2394426	34	160.0
1606469282.69	40000	1.000999	0.035	336477	2	-5.600000000000001
1606469283.01	160000	2.001999	0.0	14912671	152	40.0
1606469283.48	160000	2.572815	0.0	24265636	248	160.0
1606469283.85	160000	3.206626	0.0	22711544	229	160.0
1606469284.15	160000	3.905338	0.0	19639705	178	160.0
1606469284.46	160000	4.593539	0.0	20946809	190	160.0
1606469284.66	160000	5.441859	0.0	11895609	108	160.0
1606469284.78	160000	6.354248	0.0	7597636	62	160.0
1606469285.68	160000	6.499206	0.0	56067905	415	160.0
1606469286.24	160000	6.990185	0.0	45444680	312	160.0
1606469286.92	160000	7.315765	0.0	54798068	380	160.0
1606469287.86	160000	7.424305	0.0	69464107	470	160.0
1606469288.67	160000	7.61579	0.0	50637608	530	160.0
1606469291.13	160000	6.161082	0.0	19559369	2340	160.0
1606469292.78	160000	5.513775	0.0	22224402	1515	160.0
1606469294.45	160000	4.839737	0.0	22578365	1540	160.0
1606469295.13	160000	5.193829	0.0	8346702	600	160.0
1606469295.95	160000	5.370151	0.0	15775481	727	160.0
1606469296.12	160000	6.20061	0.0	9163235	108	160.0
1606469296.84	160000	6.488236	0.0	41307095	491	160.0
1606469297.33	160000	6.994426	0.0	28763893	309	160.0
1606469297.69	160000	7.638428	0.0	21266416	229	160.0
1606469298.12	160000	8.211978	0.0	23702229	261	160.0
1606469298.59	160000	8.741138	0.0	27580394	315	160.0
1606469298.96	160000	9.365463	0.0	20329780	242	160.0
1606469299.24	160000	10.094318	0.0	16109183	174	160.0
1606469300.23	160000	10.106675	0.0	58830800	654	160.0
1606469302.61	160000	8.721853	0.0	66935122	2016	160.0
