1606445299.64	40000	1.000999	0.177	334476	164	-28.32
1606445305.39	160000	1.261094	4.618	14912671	5550	-698.88
1606445313.26	160000	1.345112	6.927	24265636	7684	-948.3199999999999
1606445315.06	160000	1.42314	0.861	22711544	1680	22.24000000000001
1606445317.21	160000	1.305566	0.998	19639705	2034	0.3199999999999932
1606445320.06	160000	1.278455	1.797	20946809	2738	-127.51999999999998
1606445322.23	160000	1.348839	1.239	11895609	2099	-38.24000000000001
1606445323.7	160000	1.339133	0.461	7597636	1426	86.24
1606445327.97	110000	1.061779	2.998	48103258	3862	-419.68
1606445332.99	160000	1.298965	4.251	45444680	4793	-570.16
1606445341.0	160000	1.301003	7.011	54798068	7745	-961.76
1606445341.93	40000	1.366887	0.0	10578989	849	-80.0
1606445346.38	160000	1.315557	3.397	50637608	4188	-503.52
1606445348.1	160000	1.463177	0.859	19559369	1608	22.560000000000002
1606445349.73	160000	1.322762	0.496	22224402	1525	80.64
1606445351.46	160000	1.319618	0.727	22578365	1612	43.68000000000001
1606445352.09	160000	1.695467	0.0	8346702	572	160.0
1606445353.26	160000	1.52214	0.0	15775481	1080	160.0
1606445353.95	160000	1.833374	0.0	9163235	631	160.0
1606445357.23	160000	1.301306	1.741	41307095	3077	-118.56
1606445359.72	160000	1.292979	1.484	28763893	2354	-77.44
1606445361.52	160000	1.278519	0.783	21266416	1686	34.72
1606445363.4	160000	1.312952	0.914	23702229	1756	13.759999999999991
1606445365.69	160000	1.47785	1.455	27580394	2161	-72.80000000000001
1606445367.52	160000	1.433545	0.78	20329780	1721	35.2
1606445368.82	160000	1.464108	0.332	16109183	1214	106.88
1606445374.28	160000	1.297617	4.288	58830800	5077	-526.08
1606445379.72	160000	1.337031	4.482	66935122	5112	-557.12
1606445380.99	160000	1.319189	0.252	15251076	1191	119.68
1606445382.37	160000	1.323101	0.386	16574034	1295	98.24000000000001
1606445383.37	160000	1.46028	0.137	13009028	932	138.07999999999998
1606445384.46	160000	1.401609	0.029	12791674	1007	155.36
1606445385.53	160000	1.357301	0.027	11137898	1002	155.68
1606445386.43	160000	1.459266	0.0	11485310	830	160.0
1606445387.73	160000	1.406472	0.237	12428518	1229	122.08
1606445388.65	160000	1.485402	0.0	9963766	858	160.0
1606445390.31	160000	1.396079	0.573	12189364	1598	68.32
1606445391.16	160000	1.550244	0.0	10142396	784	160.0
1606445391.89	160000	1.822019	0.0	10185488	665	160.0
1606445392.81	160000	1.899305	0.0	14061455	830	160.0
1606445395.0	160000	1.473526	0.767	20074099	2091	37.28
1606445402.84	160000	1.492146	6.856	46115254	7622	-936.96
1606445408.14	160000	1.34905	4.155	40906522	5080	-504.79999999999995
1606445409.37	160000	1.255505	0.132	7891151	1179	138.88
1606445411.82	160000	1.388932	1.582	21012466	2339	-93.12
1606445413.51	160000	1.44329	0.747	23519424	1578	40.480000000000004
1606445414.84	160000	1.465737	0.351	18715420	1232	103.84
1606445416.07	160000	1.323024	0.083	17000816	1131	146.72
1606445416.88	160000	1.516744	0.0	14448126	710	160.0
1606445417.64	160000	1.759445	0.0	6958676	708	160.0
1606445418.51	160000	1.889545	0.0	9088791	810	160.0
1606445421.0	160000	1.409632	1.013	7211881	2446	-2.0800000000000125
1606445421.24	160000	2.170233	0.0	3063586	212	160.0
1606445421.46	160000	2.948042	0.0	2782179	193	160.0
1606445422.28	160000	3.130718	0.0	9958410	761	160.0
1606445423.33	160000	3.086208	0.0	12158708	974	160.0
1606445424.46	160000	2.957526	0.0	12300216	1047	160.0
1606445425.78	160000	2.636358	0.0	15815684	1226	160.0
1606445426.78	160000	2.639093	0.0	13526256	921	160.0
1606445427.78	160000	2.639997	0.0	11995130	929	160.0
1606445428.82	160000	2.599273	0.0	13394791	966	160.0
1606445435.86	160000	1.433248	4.875	14135828	6967	-620.0
1606445436.97	160000	1.360697	0.035	15366126	1022	154.4
1606445437.32	160000	2.014606	0.0	14248439	260	160.0
1606445437.66	160000	2.673959	0.0	13843717	256	160.0
1606445438.02	160000	3.312803	0.0	14665119	268	160.0
1606445438.4	160000	3.933507	0.0	21079187	254	160.0
1606445438.86	160000	4.47299	0.0	25480074	320	160.0
1606445439.27	160000	5.066567	0.0	23021754	265	160.0
1606445439.73	160000	5.604043	0.0	27527834	313	160.0
1606445440.24	160000	6.103722	0.0	26155848	328	160.0
1606445440.63	160000	6.711723	0.0	17849379	285	160.0
1606445441.0	160000	7.346685	0.0	16546531	259	160.0
1606445441.37	160000	7.976581	0.0	17718949	258	160.0
1606445441.72	160000	8.6247	0.0	17337137	252	160.0
1606445442.16	160000	9.185403	0.0	20008245	311	160.0
1606445444.09	160000	8.257971	0.0	58430914	1602	160.0
1606445444.88	160000	8.469847	0.0	16292703	676	160.0
1606445447.63	160000	6.71931	0.0	25587422	2593	160.0
1606445455.54	160000	1.355347	1.548	23982306	7792	-87.68
1606445457.77	160000	1.404534	1.278	13347845	2159	-44.47999999999999
1606445458.95	160000	1.434193	0.207	14337991	1107	126.88
1606445460.02	160000	1.389327	0.032	14584990	993	154.88
1606445463.37	160000	1.425815	2.385	13962401	3269	-221.60000000000002
1606445468.17	160000	1.311488	3.679	14393788	4709	-428.64
1606445469.67	160000	1.4917	0.68	14649457	1423	51.2
1606445470.86	160000	1.422522	0.118	13409715	1119	141.12
1606445472.2	160000	1.292268	0.215	13909605	1272	125.6
1606445473.22	160000	1.276797	0.0	13301968	942	160.0
1606445474.4	160000	1.248198	0.148	19025846	1066	136.32
1606445475.53	160000	1.408885	0.293	19295426	1036	113.12
1606445476.61	160000	1.452877	0.119	18261873	974	140.96
1606445477.39	160000	1.674572	0.0	19847604	655	160.0
1606445477.88	160000	2.187883	0.0	18767181	375	160.0
1606445484.3	160000	1.324632	4.564	22420858	6294	-570.24
1606445485.79	160000	1.389545	0.553	19324333	1380	71.52
1606445487.4	160000	1.443638	0.659	20392234	1490	54.56
1606445487.96	160000	1.880042	0.0	7671072	511	160.0
1606445493.3	160000	1.336678	3.796	17781906	5245	-447.36
1606445495.23	160000	1.402686	0.994	12839336	1858	0.960000000000008
1606445496.83	160000	1.397432	0.593	10779770	1542	65.12
1606445497.71	160000	1.520999	0.0	14606687	790	160.0
1606445498.84	160000	1.389009	0.0	41866951	878	160.0
1606445499.58	160000	1.655484	0.0	37238410	505	160.0
1606445499.82	160000	2.412203	0.0	14347759	162	160.0
1606445500.03	160000	3.201144	0.0	11399187	134	160.0
1606445500.22	160000	4.011106	0.0	10358641	114	160.0
1606445500.46	160000	4.77668	0.0	14315696	149	160.0
1606445500.82	160000	5.414671	0.0	23283631	222	160.0
1606445501.41	160000	5.83458	0.0	37521367	357	160.0
1606445501.77	160000	6.463617	0.0	22241104	235	160.0
1606445502.05	160000	7.192131	0.0	15813346	168	160.0
1606445502.33	160000	7.907352	0.0	17116450	182	160.0
1606445502.65	160000	8.592987	0.0	18867054	200	160.0
1606445502.95	160000	9.295374	0.0	17393609	184	160.0
1606445503.35	160000	9.889993	0.0	24759401	263	160.0
1606445503.88	160000	10.368307	0.0	25782433	377	160.0
1606445504.42	160000	10.827014	0.0	25885372	379	160.0
1606445510.93	160000	5.319882	0.0	26242011	6345	160.0
1606445513.44	160000	3.810075	0.0	23865378	2356	160.0
1606445515.03	160000	3.217678	0.0	25470681	1453	160.0
1606445516.1	160000	3.144598	0.0	27258768	900	160.0
1606445516.8	160000	3.449292	0.0	17853711	590	160.0
1606445517.38	160000	3.874293	0.0	14829893	489	160.0
1606445518.47	160000	3.782474	0.0	27779697	932	160.0
1606445519.54	160000	3.710832	0.0	27714923	915	160.0
1606445520.55	160000	3.703122	0.0	25946474	858	160.0
1606445521.33	160000	3.927359	0.0	19596259	653	160.0
1606445522.26	160000	3.994628	0.0	23774167	799	160.0
1606445523.01	160000	4.244239	0.0	19373656	640	160.0
1606445523.94	160000	4.316237	0.0	23977420	792	160.0
1606445524.89	160000	4.37175	0.0	24493733	810	160.0
1606445525.45	160000	4.807271	0.0	14528511	480	160.0
1606445526.12	160000	5.143653	0.0	16841176	558	160.0
1606445526.78	160000	5.486181	0.0	16743604	553	160.0
1606445527.48	160000	5.785801	0.0	17975224	594	160.0
1606445528.36	160000	5.904911	0.0	22329548	751	160.0
1606445528.98	160000	6.28115	0.0	16001583	528	160.0
