1606443389.23	40000	1.000999	0.093	334476	80	-14.880000000000003
1606443390.89	160000	1.266207	0.545	14912671	1465	-47.2
1606443392.22	160000	1.340293	0.371	24265636	1138	100.64
1606443392.61	160000	1.972962	0.0	22711544	240	160.0
1606443392.94	160000	2.645696	0.0	19639705	206	160.0
1606443393.21	160000	3.398383	0.0	20946809	129	160.0
1606443393.36	160000	4.244546	0.0	11895609	73	160.0
1606443393.46	160000	5.146083	0.0	7597636	47	160.0
1606443394.28	160000	5.359569	0.0	56067905	353	160.0
1606443394.8	160000	5.890593	0.0	45444680	275	160.0
1606443395.85	160000	5.843956	0.0	54798068	742	160.0
1606443401.3	160000	1.39385	0.0	69464107	4972	160.0
1606443405.48	160000	1.486049	3.281	50637608	3943	-364.96000000000004
1606443406.49	160000	1.477626	0.0	19559369	890	160.0
1606443407.3	160000	1.674937	0.0	22224402	673	160.0
1606443408.17	160000	1.802495	0.0	22578365	743	160.0
1606443408.4	160000	2.569257	0.0	8346702	179	160.0
1606443408.85	160000	3.136839	0.0	15775481	340	160.0
1606443409.11	160000	3.869675	0.0	9163235	195	160.0
1606443410.16	160000	3.820527	0.0	41307095	822	160.0
1606443410.9	160000	4.075634	0.0	28763893	567	160.0
1606443414.19	160000	1.790033	0.0	21266416	3156	160.0
1606443416.21	160000	1.277397	0.511	23702229	1888	78.24
1606443417.58	160000	1.289695	0.37	27580394	1214	100.8
1606443418.55	160000	1.372623	0.059	20329780	837	150.56
1606443419.37	160000	1.556367	0.0	16109183	714	160.0
1606443422.29	160000	1.471489	1.831	58830800	2619	-132.95999999999998
1606443424.7	160000	1.303063	1.249	66935122	2098	-39.84
1606443425.3	160000	1.702794	0.0	15251076	508	160.0
1606443425.86	160000	2.148465	0.0	16574034	451	160.0
1606443426.3	160000	2.705399	0.0	13009028	368	160.0
1606443426.84	160000	3.173381	0.0	12791674	454	160.0
1606443428.4	160000	2.610452	0.0	11137898	1494	160.0
1606443430.17	160000	1.837869	0.0	11485310	1701	160.0
1606443431.1	160000	1.911815	0.0	12428518	852	160.0
1606443432.09	160000	1.92465	0.0	9963766	925	160.0
1606443433.24	160000	1.77039	0.0	12189364	1084	160.0
1606443434.01	160000	2.000625	0.0	10142396	702	160.0
1606443434.97	160000	2.051197	0.0	10185488	884	160.0
1606443436.15	160000	1.870484	0.0	14061455	1094	160.0
1606443437.79	160000	1.286046	0.046	20074099	1521	152.64
1606443441.39	160000	1.364608	2.691	46115254	3373	-270.56
1606443444.73	160000	1.277195	2.248	40906522	3123	-199.68
1606443445.39	160000	1.620755	0.0	7891151	595	160.0
1606443447.12	160000	1.306715	0.422	21012466	1630	92.48
1606443449.18	160000	1.479806	1.228	23519424	1940	-36.47999999999999
1606443450.64	160000	1.458906	0.44	18715420	1364	89.6
1606443451.98	160000	1.368363	0.25	17000816	1252	120.0
1606443453.06	160000	1.401188	0.11	14448126	1004	142.4
1606443453.62	160000	1.844307	0.0	6958676	509	160.0
1606443454.37	160000	2.095355	0.0	9088791	692	160.0
1606443455.02	160000	2.44543	0.0	7211881	602	160.0
1606443455.3	160000	3.162852	0.0	3063586	255	160.0
1606443455.55	160000	3.915991	0.0	2782179	220	160.0
1606443456.41	160000	4.067429	0.0	9958410	789	160.0
1606443457.37	160000	4.097153	0.0	12158708	890	160.0
1606443458.42	160000	4.056049	0.0	12300216	969	160.0
1606443459.75	160000	3.727048	0.0	15815684	1234	160.0
1606443460.97	160000	3.504628	0.0	13526256	1146	160.0
1606443462.0	160000	3.478262	0.0	11995130	955	160.0
1606443463.01	160000	3.460992	0.0	13394791	938	160.0
1606443464.26	160000	3.218779	0.0	14135828	1156	160.0
1606443465.87	160000	2.603591	0.0	15366126	1530	160.0
1606443467.03	160000	2.444961	0.0	14248439	1079	160.0
1606443468.12	160000	2.363867	0.0	13843717	1001	160.0
1606443469.39	160000	2.089043	0.0	14665119	1185	160.0
1606443471.45	160000	1.278252	0.249	21079187	1949	120.16
1606443473.66	160000	1.279801	1.207	25480074	2082	-33.120000000000005
1606443475.59	160000	1.487715	1.142	23021754	1813	-22.72
1606443477.55	160000	1.381422	0.848	27527834	1824	24.319999999999993
1606443479.09	160000	1.480588	0.636	26155848	1396	58.239999999999995
1606443480.0	160000	1.569911	0.0	17849379	808	160.0
1606443480.75	160000	1.819263	0.0	16546531	653	160.0
1606443481.52	160000	2.053358	0.0	17718949	657	160.0
1606443483.05	160000	1.524089	0.0	17337137	1425	160.0
1606443484.2	160000	1.375882	0.0	20008245	1020	160.0
1606443491.76	160000	1.372618	6.553	58430914	7268	-888.48
1606443492.4	160000	1.730576	0.0	16292703	538	160.0
1606443493.4	160000	1.731585	0.0	25587422	849	160.0
1606443494.28	160000	1.853655	0.0	23982306	744	160.0
1606443494.76	160000	2.376238	0.0	13347845	398	160.0
1606443495.24	160000	2.889488	0.0	14337991	407	160.0
1606443495.73	160000	3.407868	0.0	14584990	402	160.0
1606443496.17	160000	3.964048	0.0	13962401	361	160.0
1606443496.62	160000	4.511892	0.0	14393788	372	160.0
1606443497.07	160000	5.065284	0.0	14649457	364	160.0
1606443497.49	160000	5.651931	0.0	13409715	334	160.0
1606443497.88	160000	6.262154	0.0	13909605	306	160.0
1606443498.24	160000	6.899657	0.0	13301968	286	160.0
1606443498.77	160000	7.379433	0.0	19025846	406	160.0
1606443499.27	160000	7.868382	0.0	19295426	393	160.0
1606443499.75	160000	8.396204	0.0	18261873	368	160.0
1606443500.26	160000	8.887693	0.0	19847604	388	160.0
1606443500.73	160000	9.416856	0.0	18767181	361	160.0
1606443501.25	160000	9.893216	0.0	22420858	399	160.0
1606443501.72	160000	10.424572	0.0	19324333	342	160.0
1606443502.19	160000	10.958238	0.0	20392234	349	160.0
1606443502.39	160000	11.763394	0.0	7671072	146	160.0
1606443502.81	160000	12.335225	0.0	17781906	327	160.0
1606443503.15	160000	13.000836	0.0	12839336	250	160.0
1606443503.43	160000	13.725616	0.0	10779770	210	160.0
1606443503.76	160000	14.389427	0.0	14606687	256	160.0
1606443504.65	160000	14.505709	0.0	41866951	652	160.0
1606443505.43	160000	14.727455	0.0	37238410	559	160.0
1606443505.74	160000	15.412966	0.0	14347759	221	160.0
1606443506.01	160000	16.15032	0.0	11399187	193	160.0
1606443506.25	160000	16.909603	0.0	10358641	176	160.0
1606443506.57	160000	17.586223	0.0	14315696	242	160.0
1606443507.32	160000	17.838412	0.0	23283631	622	160.0
1606443516.67	160000	9.49461	0.0	37521367	9112	160.0
1606443519.52	160000	7.642727	0.0	22241104	2717	160.0
1606443520.74	160000	7.42668	0.0	15813346	1120	160.0
1606443522.15	160000	7.010159	0.0	17116450	1315	160.0
1606443523.02	160000	7.149903	0.0	18867054	748	160.0
1606443523.43	160000	7.740047	0.0	17393609	302	160.0
1606443523.99	160000	8.17925	0.0	24759401	411	160.0
1606443524.57	160000	8.599737	0.0	25782433	425	160.0
1606443525.16	160000	9.005571	0.0	25885372	430	160.0
1606443525.77	160000	9.403005	0.0	26242011	442	160.0
1606443526.33	160000	9.842988	0.0	23865378	406	160.0
1606443526.9	160000	10.274159	0.0	25470681	427	160.0
1606443527.47	160000	10.70309	0.0	27258768	393	160.0
1606443527.83	160000	11.34032	0.0	17853711	258	160.0
1606443528.14	160000	12.032706	0.0	14829893	222	160.0
1606443528.73	160000	12.444976	0.0	27779697	421	160.0
1606443529.57	160000	12.60168	0.0	27714923	687	160.0
1606443536.76	160000	6.418844	0.0	25946474	7020	160.0
1606443537.35	160000	6.824138	0.0	19596259	474	160.0
1606443538.0	160000	7.181342	0.0	23774167	507	160.0
1606443538.4	160000	7.777439	0.0	19373656	288	160.0
1606443538.89	160000	8.288508	0.0	23977420	357	160.0
1606443539.38	160000	8.807805	0.0	24493733	342	160.0
1606443539.67	160000	9.511513	0.0	14528511	203	160.0
1606443540.01	160000	10.17761	0.0	16841176	233	160.0
1606443540.34	160000	10.847139	0.0	16743604	229	160.0
1606443540.71	160000	11.481003	0.0	17975224	246	160.0
1606443541.14	160000	12.043389	0.0	22329548	303	160.0
1606443541.46	160000	12.725473	0.0	16001583	217	160.0
1606443541.82	160000	13.366356	0.0	18238584	248	160.0
1606443542.33	160000	13.863299	0.0	21308824	374	160.0
1606443542.75	160000	14.445395	0.0	17749058	311	160.0
1606443543.06	160000	15.13555	0.0	14127787	225	160.0
1606443543.43	160000	15.760919	0.0	17525699	270	160.0
1606443543.74	160000	16.451368	0.0	14240042	220	160.0
1606443544.21	160000	16.98774	0.0	20324139	346	160.0
1606443544.72	160000	17.478424	0.0	21993033	387	160.0
1606443545.12	160000	18.075033	0.0	18863108	286	160.0
1606443545.44	160000	18.753946	0.0	15964734	225	160.0
1606443545.61	160000	19.585807	0.0	8284939	116	160.0
1606443545.8	160000	20.403256	0.0	9004706	126	160.0
1606443545.94	160000	21.259638	0.0	6955279	98	160.0
1606443546.15	160000	22.048748	0.0	10701639	149	160.0
1606443546.34	160000	22.859709	0.0	9459459	131	160.0
1606443546.42	160000	23.787454	0.0	3212828	45	160.0
1606443546.48	160000	24.728373	0.0	2509989	35	160.0
1606443546.53	160000	25.678502	0.0	2004927	28	160.0
1606443546.55	160000	26.654127	0.0	591360	8	160.0
1606443546.62	160000	28.032282	0.0	2394426	34	160.0
1606443546.96	40000	1.000999	0.05	336477	6	-8.0
1606443547.42	160000	1.838877	0.0	14912671	287	40.0
1606443548.3	160000	1.963823	0.0	24265636	648	160.0
1606443551.53	160000	1.416213	1.674	22711544	3107	-107.83999999999997
1606443552.61	160000	1.366983	0.0	19639705	957	160.0
1606443553.28	160000	1.741236	0.0	20946809	547	160.0
1606443553.59	160000	2.429361	0.0	11895609	230	160.0
1606443553.79	160000	3.23093	0.0	7597636	148	160.0
1606443555.18	160000	2.846468	0.0	56067905	917	160.0
1606443556.1	160000	2.9303	0.0	45444680	677	160.0
1606443557.2	160000	2.831358	0.0	54798068	793	160.0
1606443558.61	160000	2.415585	0.0	69464107	950	160.0
1606443559.55	160000	2.476276	0.0	50637608	656	160.0
1606443559.92	160000	3.111362	0.0	19559369	248	160.0
1606443560.32	160000	3.708544	0.0	22224402	272	160.0
1606443560.75	160000	4.317194	0.0	22578365	276	160.0
1606443560.91	160000	5.157972	0.0	8346702	102	160.0
1606443561.23	160000	5.835051	0.0	15775481	223	160.0
1606443561.43	160000	6.641709	0.0	9163235	132	160.0
1606443562.24	160000	6.833311	0.0	41307095	585	160.0
1606443562.8	160000	7.275447	0.0	28763893	382	160.0
1606443563.2	160000	7.870431	0.0	21266416	282	160.0
1606443563.67	160000	8.401572	0.0	23702229	317	160.0
1606443565.16	160000	7.9173	0.0	27580394	1326	160.0
1606443565.91	160000	8.167718	0.0	20329780	617	160.0
1606443571.32	160000	3.758442	0.0	16109183	5308	160.0
1606443573.54	160000	2.536274	0.0	58830800	1888	160.0
