1606459281.72	40000	1.000999	0.032	334476	21	-5.119999999999997
1606459284.85	80000	1.405954	2.144	14912671	2932	-303.04
1606459288.88	80000	1.329514	2.924	22644885	3884	-387.84
1606459290.23	80000	1.404313	0.382	17135714	1253	18.880000000000003
1606459291.83	160000	1.241718	0.422	19639705	1448	12.480000000000004
1606459294.49	160000	1.254262	1.627	20946809	2545	-100.32
1606459295.62	160000	1.373461	0.25	11895609	1065	120.0
1606459296.22	160000	1.776503	0.0	7597636	547	160.0
1606459298.83	80000	1.378509	1.199	29583867	2377	-191.84
1606459300.05	80000	1.333795	0.184	15816325	1131	50.56
1606459302.75	80000	1.269252	1.634	15275967	2621	-181.44
1606459304.48	80000	1.404908	0.858	20600381	1617	-57.28
1606459305.83	80000	1.237795	0.19	17710542	1251	49.6
1606459307.6	160000	1.455815	0.989	19559369	1660	-78.24000000000001
1606459309.45	160000	1.446501	0.838	22224402	1724	25.919999999999987
1606459311.16	160000	1.284248	0.545	22578365	1586	72.8
1606459311.69	160000	1.759852	0.0	8346702	471	160.0
1606459312.7	160000	1.744727	0.0	15775481	920	160.0
1606459313.19	160000	2.256719	0.0	9163235	400	160.0
1606459318.61	160000	1.334902	3.496	41307095	5159	-399.36
1606459322.37	160000	1.33159	2.752	28763893	3613	-280.32
1606459323.96	160000	1.335481	0.586	21266416	1464	66.24
1606459325.97	160000	1.422998	1.11	23702229	1895	-17.599999999999994
1606459328.3	160000	1.284604	1.18	27580394	2184	-28.80000000000001
1606459330.08	160000	1.466002	0.968	20329780	1658	5.1200000000000045
1606459331.42	160000	1.435179	0.308	16109183	1257	110.72
1606459334.37	80000	1.494775	2.005	34554431	2774	-320.8
1606459337.41	80000	1.251574	1.796	37801487	2853	-207.36
1606459338.76	160000	1.299482	0.397	15251076	1266	16.47999999999999
1606459340.13	160000	1.420065	0.49	16574034	1281	81.6
1606459341.17	160000	1.41236	0.022	13009028	953	156.48
1606459342.14	160000	1.435752	0.0	12791674	892	160.0
1606459343.07	160000	1.509557	0.0	11137898	858	160.0
1606459344.0	160000	1.575304	0.0	11485310	864	160.0
1606459344.98	160000	1.604119	0.0	12428518	895	160.0
1606459347.4	160000	1.466581	1.288	9963766	2373	-46.08000000000001
1606459348.36	160000	1.505615	0.0	12189364	860	160.0
1606459349.48	160000	1.391537	0.0	10142396	1045	160.0
1606459351.47	160000	1.257506	0.859	10185488	1937	22.560000000000002
1606459352.78	160000	1.36744	0.414	14061455	1235	93.76
1606459354.5	160000	1.282608	0.636	20074099	1616	58.239999999999995
1606459356.8	80000	1.420278	1.437	26113743	2168	-229.92
1606459358.95	80000	1.358392	1.084	22860019	2023	-93.44
1606459359.72	160000	1.59222	0.0	7891151	709	80.0
1606459362.98	160000	1.443944	2.116	21012466	3153	-178.56
1606459365.83	160000	1.311284	1.711	23519424	2725	-113.75999999999999
1606459367.15	160000	1.274154	0.283	18715420	1215	114.72
1606459368.24	160000	1.308232	0.13	17000816	1003	139.2
1606459369.1	160000	1.453616	0.0	14448126	768	160.0
1606459369.52	160000	2.039133	0.0	6958676	366	160.0
1606459370.06	160000	2.497807	0.0	9088791	477	160.0
1606459370.44	160000	3.12024	0.0	7211881	332	160.0
1606459370.6	160000	3.95374	0.0	3063586	140	160.0
1606459370.76	160000	4.798319	0.0	2782179	127	160.0
1606459371.27	160000	5.287071	0.0	9958410	448	160.0
1606459371.87	160000	5.687274	0.0	12158708	529	160.0
1606459372.41	160000	6.151883	0.0	12300216	460	160.0
1606459373.02	160000	6.539553	0.0	15815684	514	160.0
1606459373.5	160000	7.067488	0.0	13526256	395	160.0
1606459373.92	160000	7.641646	0.0	11995130	349	160.0
1606459374.36	160000	8.209366	0.0	13394791	353	160.0
1606459374.79	160000	8.776951	0.0	14135828	348	160.0
1606459375.25	160000	9.314752	0.0	15366126	374	160.0
1606459375.64	160000	9.928077	0.0	14248439	305	160.0
1606459376.02	160000	10.549423	0.0	13843717	296	160.0
1606459376.38	160000	11.187374	0.0	14665119	261	160.0
1606459376.86	160000	11.711844	0.0	21079187	352	160.0
1606459377.44	160000	12.137153	0.0	25480074	399	160.0
1606459377.9	160000	12.669893	0.0	23021754	322	160.0
1606459378.47	160000	13.107293	0.0	27527834	388	160.0
1606459379.0	160000	13.571721	0.0	26155848	377	160.0
1606459379.51	160000	14.064996	0.0	17849379	402	160.0
1606459380.15	160000	14.422678	0.0	16546531	508	160.0
1606459380.91	160000	14.667798	0.0	17718949	652	160.0
1606459381.5	160000	15.083164	0.0	17337137	475	160.0
1606459382.03	160000	15.549947	0.0	20008245	418	160.0
1606459383.34	160000	15.248647	0.0	58430914	828	160.0
1606459383.65	160000	15.930429	0.0	16292703	201	160.0
1606459384.14	160000	16.45079	0.0	25587422	318	160.0
1606459384.58	160000	17.005863	0.0	23982306	294	160.0
1606459384.82	160000	17.762112	0.0	13347845	164	160.0
1606459385.09	160000	18.506909	0.0	14337991	174	160.0
1606459385.35	160000	19.235289	0.0	14584990	175	160.0
1606459385.61	160000	19.982577	0.0	13962401	174	160.0
1606459385.85	160000	20.735058	0.0	14393788	168	160.0
1606459386.11	160000	21.479432	0.0	14649457	170	160.0
1606459386.36	160000	22.235879	0.0	13409715	160	160.0
1606459386.63	160000	22.961251	0.0	13909605	191	160.0
1606459386.88	160000	23.718116	0.0	13301968	167	160.0
1606459387.23	160000	24.364103	0.0	19025846	239	160.0
1606459387.68	160000	24.918502	0.0	19295426	321	160.0
1606459388.1	160000	25.498081	0.0	18261873	310	160.0
1606459388.48	160000	26.116269	0.0	19847604	258	160.0
1606459388.81	160000	26.783927	0.0	18767181	219	160.0
1606459389.21	160000	27.384777	0.0	22420858	267	160.0
1606459389.55	160000	28.046033	0.0	19324333	221	160.0
1606459389.91	160000	28.696366	0.0	20392234	234	160.0
1606459390.05	160000	29.554012	0.0	7671072	86	160.0
1606459390.36	160000	30.247999	0.0	17781906	202	160.0
1606459390.59	160000	31.012529	0.0	12839336	151	160.0
1606459390.78	160000	31.825826	0.0	10779770	120	160.0
1606459391.03	160000	32.57899	0.0	14606687	163	160.0
1606459396.18	160000	28.431606	0.0	41866951	4892	160.0
1606459399.27	160000	26.337969	0.0	37238410	2876	160.0
1606459399.63	160000	26.977841	0.0	14347759	269	160.0
1606459399.91	160000	27.695723	0.0	11399187	208	160.0
1606459400.18	160000	28.434856	0.0	10358641	193	160.0
1606459400.45	160000	29.166512	0.0	14315696	187	160.0
1606459400.84	160000	29.77665	0.0	23283631	254	160.0
1606459401.45	160000	30.162732	0.0	37521367	397	160.0
1606459401.84	160000	30.772877	0.0	22241104	268	160.0
1606459402.14	160000	31.472096	0.0	15813346	198	160.0
1606459402.44	160000	32.180859	0.0	17116450	187	160.0
1606459402.72	160000	32.896846	0.0	18867054	180	160.0
1606459403.02	160000	33.601422	0.0	17393609	156	160.0
1606459403.41	160000	34.207774	0.0	24759401	248	160.0
1606459403.79	160000	34.835039	0.0	25782433	223	160.0
1606459404.18	160000	35.444715	0.0	25885372	223	160.0
1606459404.57	160000	36.05728	0.0	26242011	234	160.0
1606459404.95	160000	36.676362	0.0	23865378	217	160.0
1606459405.33	160000	37.297939	0.0	25470681	230	160.0
1606459405.75	160000	37.872354	0.0	27258768	252	160.0
1606459406.03	160000	38.596344	0.0	17853711	165	160.0
1606459406.26	160000	39.373258	0.0	14829893	137	160.0
1606459406.71	160000	39.918807	0.0	27779697	295	160.0
1606459407.28	160000	40.347176	0.0	27714923	310	160.0
1606459407.73	160000	40.900623	0.0	25946474	293	160.0
1606459408.07	160000	41.566657	0.0	19596259	222	160.0
1606459408.52	160000	42.114432	0.0	23774167	281	160.0
1606459408.95	160000	42.682204	0.0	19373656	320	160.0
1606459409.86	160000	42.775217	0.0	23977420	758	160.0
1606459411.12	160000	42.514441	0.0	24493733	1121	160.0
1606459412.8	160000	41.833086	0.0	14528511	1597	160.0
1606459416.72	160000	38.918549	0.0	16841176	3798	160.0
1606459418.34	160000	38.299334	0.0	16743604	1518	160.0
1606459419.57	160000	38.069164	0.0	17975224	1124	160.0
1606459420.32	160000	38.318558	0.0	22329548	617	160.0
1606459420.81	160000	38.836097	0.0	16001583	386	160.0
1606459421.4	160000	39.243819	0.0	18238584	426	160.0
1606459427.07	160000	34.572535	0.0	21308824	5535	160.0
1606459428.57	160000	34.080647	0.0	17749058	1387	160.0
1606459429.72	160000	33.922565	0.0	14127787	1076	160.0
1606459430.52	160000	34.127138	0.0	17525699	691	160.0
1606459431.03	160000	34.61473	0.0	14240042	432	160.0
1606459431.74	160000	34.905224	0.0	20324139	590	160.0
1606459432.44	160000	35.212527	0.0	21993033	564	160.0
1606459433.05	160000	35.604027	0.0	18863108	492	160.0
1606459433.57	160000	36.079267	0.0	15964734	421	160.0
1606459433.84	160000	36.81732	0.0	8284939	205	160.0
1606459434.12	160000	37.534121	0.0	9004706	224	160.0
1606459434.34	160000	38.315573	0.0	6955279	173	160.0
1606459434.67	160000	38.98632	0.0	10701639	260	160.0
1606459434.95	160000	39.707651	0.0	9459459	220	160.0
1606459435.05	160000	40.606199	0.0	3212828	74	160.0
1606459435.13	160000	41.525478	0.0	2509989	57	160.0
1606459435.2	160000	42.457097	0.0	2004927	46	160.0
1606459435.23	160000	43.42932	0.0	591360	13	160.0
1606459435.31	160000	44.784023	0.0	2394426	55	160.0
1606459435.68	40000	1.000999	0.029	336477	7	-4.640000000000001
1606459436.18	160000	1.782071	0.0	14912671	323	40.0
1606459436.96	160000	1.999859	0.0	24265636	514	160.0
1606459437.58	160000	2.42974	0.0	22711544	462	160.0
1606459438.16	160000	2.926192	0.0	19639705	397	160.0
1606459438.72	160000	3.388932	0.0	20946809	421	160.0
1606459439.02	160000	4.087603	0.0	11895609	230	160.0
1606459439.22	160000	4.91531	0.0	7597636	148	160.0
1606459440.79	160000	4.402005	0.0	56067905	1085	160.0
1606459441.8	160000	4.397442	0.0	45444680	755	160.0
1606459442.93	160000	4.260107	0.0	54798068	836	160.0
1606459444.39	160000	3.80926	0.0	69464107	976	160.0
1606459445.33	160000	3.862383	0.0	50637608	662	160.0
1606459445.71	160000	4.489932	0.0	19559369	254	160.0
1606459446.15	160000	5.04687	0.0	22224402	309	160.0
1606459446.6	160000	5.597511	0.0	22578365	313	160.0
1606459446.76	160000	6.43898	0.0	8346702	101	160.0
1606459447.05	160000	7.150306	0.0	15775481	193	160.0
1606459447.23	160000	7.968164	0.0	9163235	119	160.0
1606459448.02	160000	8.210717	0.0	41307095	553	160.0
1606459448.7	160000	8.565383	0.0	28763893	480	160.0
1606459449.15	160000	9.114716	0.0	21266416	327	160.0
1606459449.66	160000	9.60359	0.0	23702229	361	160.0
1606459450.2	160000	10.070648	0.0	27580394	376	160.0
1606459450.61	160000	10.657765	0.0	20329780	280	160.0
1606459450.88	160000	11.385487	0.0	16109183	176	160.0
1606459451.87	160000	11.402889	0.0	58830800	642	160.0
1606459452.87	160000	11.399811	0.0	66935122	632	160.0
