1606604277.43	40000	1.000999	0.035	334476	24	-5.600000000000001
1606604278.91	80000	1.47578	0.582	14912671	1271	-53.120000000000005
1606604280.97	80000	1.340716	0.9	22644885	1930	-64.0
1606604282.52	80000	1.429062	0.615	17135714	1465	-18.400000000000006
1606604284.21	160000	1.27843	0.502	19639705	1572	-0.3199999999999932
1606604285.99	160000	1.277157	0.751	20946809	1673	39.84
1606604287.02	160000	1.278742	0.03	11895609	960	155.2
1606604287.69	160000	1.610326	0.0	7597636	617	160.0
1606604290.21	80000	1.312945	1.221	29583867	2305	-195.36
1606604291.3	80000	1.266221	0.043	15816325	997	73.12
1606604291.96	80000	1.6051	0.0	15275967	571	80.0
1606604293.57	80000	1.330458	0.335	20600381	1504	26.4
1606604295.07	80000	1.416838	0.582	17710542	1403	-13.120000000000005
1606604297.25	160000	1.499511	1.254	19559369	2060	-120.63999999999999
1606604298.98	160000	1.254513	0.492	22224402	1615	81.28
1606604300.36	160000	1.496855	0.622	22578365	1257	60.480000000000004
1606604300.85	160000	2.003561	0.0	8346702	436	160.0
1606604301.79	160000	2.073789	0.0	15775481	832	160.0
1606604302.34	160000	2.517818	0.0	9163235	489	160.0
1606604308.46	160000	1.373157	3.971	41307095	5874	-475.36
1606604311.1	160000	1.345885	1.61	28763893	2497	-97.60000000000002
1606604312.84	160000	1.456353	0.855	21266416	1624	23.19999999999999
1606604314.82	160000	1.297732	0.818	23702229	1852	29.120000000000005
1606604317.03	160000	1.381451	1.288	27580394	2073	-46.08000000000001
1606604318.66	160000	1.412985	0.667	20329780	1526	53.28
1606604319.83	160000	1.338853	0.088	16109183	1076	145.92
1606604322.38	80000	1.427717	1.646	34554431	2395	-263.36
1606604325.47	80000	1.324623	1.979	37801487	2896	-236.64
1606604326.84	160000	1.304633	0.352	15251076	1292	23.680000000000007
1606604328.23	160000	1.407482	0.491	16574034	1306	81.44
1606604329.34	160000	1.398702	0.102	13009028	1039	143.68
1606604330.37	160000	1.368622	0.0	12791674	954	160.0
1606604331.27	160000	1.484134	0.012	11137898	829	158.08
1606604332.28	160000	1.497914	0.027	11485310	941	155.68
1606604333.29	160000	1.490073	0.0	12428518	926	160.0
1606604334.09	160000	1.692553	0.0	9963766	733	160.0
1606604335.05	160000	1.733991	0.0	12189364	881	160.0
1606604335.93	160000	1.854276	0.0	10142396	814	160.0
1606604337.0	160000	1.788082	0.0	10185488	1001	160.0
1606604338.19	160000	1.600502	0.0	14061455	1103	160.0
1606604339.82	160000	1.300658	0.335	20074099	1527	106.4
1606604342.07	80000	1.385998	1.328	26113743	2101	-212.48
1606604343.88	80000	1.435337	0.864	22860019	1688	-58.24000000000001
1606604344.53	160000	1.788273	0.0	7891151	591	80.0
1606604346.21	160000	1.331759	0.223	21012466	1559	124.32
1606604348.06	160000	1.30012	0.816	23519424	1732	29.439999999999998
1606604349.78	160000	1.373389	0.791	18715420	1621	33.44
1606604351.09	160000	1.414888	0.348	17000816	1216	104.32
1606604352.33	160000	1.258908	0.088	14448126	1165	145.92
1606604352.9	160000	1.690615	0.0	6958676	521	160.0
1606604353.59	160000	2.003893	0.0	9088791	627	160.0
1606604354.13	160000	2.461487	0.0	7211881	494	160.0
1606604354.37	160000	3.222759	0.0	3063586	209	160.0
1606604354.59	160000	4.006997	0.0	2782179	189	160.0
1606604355.39	160000	4.206472	0.0	9958410	737	160.0
1606604356.41	160000	4.182804	0.0	12158708	949	160.0
1606604357.48	160000	4.121279	0.0	12300216	978	160.0
1606604358.99	160000	3.60593	0.0	15815684	1417	160.0
1606604360.03	160000	3.574819	0.0	13526256	952	160.0
1606604360.96	160000	3.643323	0.0	11995130	857	160.0
1606604361.95	160000	3.651683	0.0	13394791	908	160.0
1606604363.03	160000	3.576229	0.0	14135828	990	160.0
1606604364.17	160000	3.436594	0.0	15366126	1054	160.0
1606604365.38	160000	3.224889	0.0	14248439	1125	160.0
1606604366.58	160000	3.021302	0.0	13843717	1125	160.0
1606604367.86	160000	2.749924	0.0	14665119	1184	160.0
1606604369.67	160000	1.936459	0.0	21079187	1691	160.0
1606604371.62	160000	1.371528	0.382	25480074	1814	98.88
1606604373.07	160000	1.498105	0.579	23021754	1322	67.36
1606604374.57	160000	1.33373	0.335	27527834	1347	106.4
1606604375.68	160000	1.419622	0.193	26155848	968	129.12
1606604376.33	160000	1.767456	0.0	17849379	543	160.0
1606604376.93	160000	2.174557	0.0	16546531	487	160.0
1606604377.6	160000	2.500082	0.0	17718949	565	160.0
1606604378.31	160000	2.794924	0.0	17337137	585	160.0
1606604379.07	160000	3.033357	0.0	20008245	638	160.0
1606604380.9	160000	2.201579	0.0	58430914	1364	160.0
1606604381.29	160000	2.816719	0.0	16292703	278	160.0
1606604381.88	160000	3.224589	0.0	25587422	437	160.0
1606604382.4	160000	3.712955	0.0	23982306	371	160.0
1606604382.68	160000	4.427887	0.0	13347845	205	160.0
1606604382.97	160000	5.141919	0.0	14337991	200	160.0
1606604383.22	160000	5.887558	0.0	14584990	171	160.0
1606604383.47	160000	6.640193	0.0	13962401	165	160.0
1606604383.73	160000	7.389978	0.0	14393788	169	160.0
1606604383.98	160000	8.133314	0.0	14649457	162	160.0
1606604384.2	160000	8.912065	0.0	13409715	140	160.0
1606604384.43	160000	9.688925	0.0	13909605	145	160.0
1606604384.65	160000	10.473156	0.0	13301968	138	160.0
1606604384.97	160000	11.149339	0.0	19025846	194	160.0
1606604385.26	160000	11.856429	0.0	19295426	184	160.0
1606604385.55	160000	12.573903	0.0	18261873	175	160.0
1606604385.87	160000	13.250015	0.0	19847604	190	160.0
1606604386.18	160000	13.946639	0.0	18767181	194	160.0
1606604386.54	160000	14.580314	0.0	22420858	232	160.0
1606604386.86	160000	15.262649	0.0	19324333	199	160.0
1606604387.36	160000	15.77855	0.0	20392234	363	160.0
1606604387.55	160000	16.577504	0.0	7671072	138	160.0
1606604387.96	160000	17.165107	0.0	17781906	309	160.0
1606604388.24	160000	17.892141	0.0	12839336	188	160.0
1606604388.46	160000	18.667004	0.0	10779770	157	160.0
1606604388.77	160000	19.36507	0.0	14606687	214	160.0
1606604389.56	160000	19.573239	0.0	41866951	530	160.0
1606604390.46	160000	19.671945	0.0	37238410	663	160.0
1606604390.95	160000	20.184287	0.0	14347759	406	160.0
1606604391.38	160000	20.766338	0.0	11399187	348	160.0
1606604391.76	160000	21.372805	0.0	10358641	316	160.0
1606604392.16	160000	21.978008	0.0	14315696	305	160.0
1606604392.71	160000	22.42529	0.0	23283631	423	160.0
1606604393.61	160000	22.529117	0.0	37521367	680	160.0
1606604394.16	160000	22.979126	0.0	22241104	428	160.0
1606604394.62	160000	23.520471	0.0	15813346	353	160.0
1606604395.8	160000	23.345522	0.0	17116450	1070	160.0
1606604403.71	160000	16.431671	0.0	18867054	7790	160.0
1606604405.11	160000	16.030402	0.0	17393609	1293	160.0
1606604407.17	160000	14.975575	0.0	24759401	1904	160.0
1606604409.54	160000	13.609663	0.0	25782433	2201	160.0
1606604411.64	160000	12.50422	0.0	25885372	1937	160.0
1606604413.84	160000	11.305009	0.0	26242011	2054	160.0
1606604416.06	160000	10.091819	0.0	23865378	2053	160.0
1606604419.2	160000	7.951097	0.0	25470681	2989	160.0
1606604421.66	160000	6.492786	0.0	27258768	2278	160.0
1606604423.57	160000	5.581169	0.0	17853711	1808	160.0
1606604428.4	160000	1.751322	0.0	14829893	4738	160.0
1606604431.26	160000	1.416235	1.527	27779697	2727	-84.32
1606604437.87	160000	1.444635	5.632	27714923	6463	-741.12
1606604439.85	160000	1.327412	0.862	25946474	1847	22.080000000000013
1606604440.97	160000	1.43993	0.235	19596259	1023	122.4
1606604441.94	160000	1.476211	0.0	23774167	818	160.0
1606604442.7	160000	1.717931	0.0	19373656	640	160.0
1606604443.68	160000	1.731304	0.0	23977420	841	160.0
1606604444.75	160000	1.664718	0.0	24493733	922	160.0
1606604445.47	160000	1.952303	0.0	14528511	622	160.0
1606604446.61	160000	1.806117	0.0	16841176	1041	160.0
1606604448.04	160000	1.414655	0.038	16743604	1322	153.92
1606604450.48	160000	1.470799	1.495	17975224	2346	-79.19999999999999
1606604451.45	160000	1.500889	0.0	22329548	834	160.0
1606604451.92	160000	2.035212	0.0	16001583	357	160.0
1606604452.63	160000	2.325618	0.0	18238584	595	160.0
1606604457.51	160000	1.470015	3.021	21308824	4761	-323.36
1606604458.83	160000	1.492374	0.343	17749058	1230	105.12
1606604459.92	160000	1.398488	0.0	14127787	1011	160.0
1606604461.47	160000	1.316298	0.467	17525699	1451	85.28
1606604462.67	160000	1.305087	0.183	14240042	1117	130.72
1606604464.48	160000	1.489001	0.992	20324139	1705	1.2800000000000011
1606604466.14	160000	1.481769	0.654	21993033	1554	55.36
1606604467.67	160000	1.386412	0.432	18863108	1423	90.88
1606604469.02	160000	1.319349	0.281	15964734	1261	115.03999999999999
1606604469.8	160000	1.534935	0.0	8284939	731	160.0
1606604470.6	160000	1.737359	0.0	9004706	740	160.0
1606604471.17	160000	2.170825	0.0	6955279	519	160.0
1606604472.11	160000	2.235169	0.0	10701639	854	160.0
1606604472.89	160000	2.449419	0.0	9459459	724	160.0
1606604473.17	160000	3.180142	0.0	3212828	238	160.0
1606604473.37	160000	3.969668	0.0	2509989	184	160.0
1606604473.51	160000	4.830914	0.0	2004927	116	160.0
1606604473.56	160000	5.782119	0.0	591360	34	160.0
1606604473.73	160000	7.053406	0.0	2394426	139	160.0
1606604474.05	40000	1.000999	0.03	336477	19	-4.799999999999997
1606604475.1	160000	1.229403	0.0	14912671	909	40.0
1606604476.85	160000	1.392437	0.884	24265636	1555	18.560000000000002
1606604477.97	160000	1.400814	0.057	22711544	976	150.88
1606604478.76	160000	1.644584	0.0	19639705	657	160.0
1606604479.62	160000	1.845508	0.0	20946809	731	160.0
1606604480.31	160000	2.15463	0.0	11895609	613	160.0
1606604481.11	160000	2.360681	0.0	7597636	741	160.0
1606604483.6	80000	1.29736	0.426	29583867	2303	-68.16
1606604487.83	160000	1.474609	3.41	45444680	3972	-465.6
1606604488.53	80000	1.778754	0.0	15275967	605	0.0
1606604491.28	160000	1.250311	1.218	69464107	2287	-114.88
1606604495.42	160000	1.247233	3.169	50637608	3910	-347.04
1606604496.95	160000	1.261003	0.54	19559369	1404	73.6
1606604498.72	160000	1.301896	0.803	22224402	1649	31.52000000000001
1606604500.55	160000	1.356054	0.891	22578365	1716	17.439999999999998
1606604501.19	160000	1.725545	0.0	8346702	571	160.0
1606604502.44	160000	1.468439	0.0	15775481	1156	160.0
1606604503.28	160000	1.633464	0.0	9163235	773	160.0
1606604506.51	160000	1.251852	1.85	41307095	3029	-136.0
