1606525437.69	40000	1.000999	0.025	334476	14	-4.0
1606525438.58	80000	1.496364	0.0	14912671	663	40.0
1606525440.42	80000	1.332599	0.636	22644885	1685	-21.760000000000005
1606525441.64	160000	1.427948	0.292	22711544	1097	33.28
1606525442.91	160000	1.282904	0.096	19639705	1155	144.64
1606525445.11	160000	1.279804	1.172	20946809	2090	-27.52000000000001
1606525445.77	160000	1.623058	0.0	11895609	571	160.0
1606525446.2	160000	2.193577	0.0	7597636	376	160.0
1606525452.1	160000	1.335206	4.04	56067905	5423	-486.4
1606525455.97	160000	1.495327	3.027	45444680	3641	-324.32
1606525456.98	80000	1.485218	0.0	15275967	901	0.0
1606525458.26	80000	1.260345	0.048	20600381	1159	72.32
1606525464.02	160000	1.322738	4.834	50637608	5495	-693.44
1606525466.37	160000	1.407887	1.427	19559369	2239	-68.32
1606525468.79	160000	1.327408	1.34	22224402	2305	-54.400000000000006
1606525470.93	160000	1.378964	1.189	22578365	2017	-30.24000000000001
1606525471.77	160000	1.539117	0.0	8346702	778	160.0
1606525473.91	160000	1.367516	0.971	15775481	2058	4.639999999999986
1606525477.08	160000	1.339909	2.14	9163235	3116	-182.39999999999998
1606525482.41	80000	1.480974	4.468	20277060	5215	-714.88
1606525483.77	80000	1.449958	0.329	14877694	1288	27.36
1606525485.6	160000	1.257226	0.639	21266416	1720	-22.239999999999995
1606525487.49	160000	1.419364	1.04	23702229	1760	-6.400000000000006
1606525489.87	160000	1.460196	1.433	27580394	2250	-69.28
1606525491.58	160000	1.394172	0.643	20329780	1604	57.120000000000005
1606525493.01	160000	1.287715	0.318	16109183	1341	109.12
1606525495.65	80000	1.356473	1.706	34554431	2453	-272.96
1606525498.7	80000	1.312902	2.007	37801487	2857	-241.12
1606525499.82	160000	1.321086	0.128	15251076	1040	59.52000000000001
1606525501.25	160000	1.449852	0.557	16574034	1339	70.88
1606525502.13	160000	1.573734	0.0	13009028	800	160.0
1606525502.84	160000	1.857652	0.0	12791674	633	160.0
1606525503.17	160000	2.533264	0.0	11137898	256	160.0
1606525503.5	160000	3.201433	0.0	11485310	257	160.0
1606525503.86	160000	3.849308	0.0	12428518	277	160.0
1606525504.03	160000	4.671098	0.0	9963766	104	160.0
1606525504.23	160000	5.473033	0.0	12189364	127	160.0
1606525504.4	160000	6.306797	0.0	10142396	106	160.0
1606525504.57	160000	7.137431	0.0	10185488	106	160.0
1606525504.8	160000	7.910115	0.0	14061455	147	160.0
1606525505.11	160000	8.595948	0.0	20074099	194	160.0
1606525505.82	160000	8.894145	0.0	46115254	452	160.0
1606525506.47	160000	9.240839	0.0	40906522	427	160.0
1606525506.61	160000	10.103714	0.0	7891151	82	160.0
1606525506.96	160000	10.757027	0.0	21012466	220	160.0
1606525507.34	160000	11.371705	0.0	23519424	253	160.0
1606525507.66	160000	12.057527	0.0	18715420	199	160.0
1606525507.94	160000	12.774535	0.0	17000816	180	160.0
1606525508.18	160000	13.53824	0.0	14448126	152	160.0
1606525508.3	160000	14.413858	0.0	6958676	73	160.0
1606525508.46	160000	15.261082	0.0	9088791	95	160.0
1606525508.58	160000	16.140771	0.0	7211881	76	160.0
1606525508.64	160000	17.082263	0.0	3063586	32	160.0
1606525508.69	160000	18.027456	0.0	2782179	29	160.0
1606525508.86	160000	18.863963	0.0	9958410	105	160.0
1606525509.07	160000	19.661977	0.0	12158708	130	160.0
1606525509.28	160000	20.444478	0.0	12300216	131	160.0
1606525509.54	160000	21.183008	0.0	15815684	169	160.0
1606525509.77	160000	21.96032	0.0	13526256	145	160.0
1606525509.97	160000	22.759212	0.0	11995130	129	160.0
1606525510.19	160000	23.540195	0.0	13394791	140	160.0
1606525510.42	160000	24.308996	0.0	14135828	148	160.0
1606525510.67	160000	25.062534	0.0	15366126	161	160.0
1606525510.92	160000	25.813172	0.0	14248439	155	160.0
1606525511.17	160000	26.56397	0.0	13843717	170	160.0
1606525511.43	160000	27.300603	0.0	14665119	180	160.0
1606525511.82	160000	27.91503	0.0	21079187	259	160.0
1606525512.26	160000	28.474766	0.0	25480074	295	160.0
1606525512.66	160000	29.081365	0.0	23021754	259	160.0
1606525513.12	160000	29.621739	0.0	27527834	307	160.0
1606525513.55	160000	30.193255	0.0	26155848	277	160.0
1606525513.85	160000	30.886784	0.0	17849379	189	160.0
1606525514.13	160000	31.605634	0.0	16546531	172	160.0
1606525514.43	160000	32.314454	0.0	17718949	182	160.0
1606525514.71	160000	33.029764	0.0	17337137	178	160.0
1606525515.04	160000	33.704002	0.0	20008245	205	160.0
1606525516.07	160000	33.677994	0.0	58430914	636	160.0
1606525516.39	160000	34.360533	0.0	16292703	207	160.0
1606525516.85	160000	34.893313	0.0	25587422	326	160.0
1606525517.31	160000	35.435513	0.0	23982306	311	160.0
1606525517.56	160000	36.185214	0.0	13347845	169	160.0
1606525517.84	160000	36.914568	0.0	14337991	185	160.0
1606525518.11	160000	37.642782	0.0	14584990	180	160.0
1606525518.36	160000	38.39776	0.0	13962401	164	160.0
1606525518.61	160000	39.142742	0.0	14393788	170	160.0
1606525518.88	160000	39.886115	0.0	14649457	173	160.0
1606525519.11	160000	40.641465	0.0	13409715	154	160.0
1606525519.35	160000	41.402617	0.0	13909605	157	160.0
1606525519.58	160000	42.173438	0.0	13301968	151	160.0
1606525519.93	160000	42.82481	0.0	19025846	224	160.0
1606525520.27	160000	43.487241	0.0	19295426	223	160.0
1606525520.59	160000	44.165741	0.0	18261873	213	160.0
1606525520.95	160000	44.811167	0.0	19847604	229	160.0
1606525521.76	160000	45.000455	0.0	18767181	697	160.0
1606525524.5	160000	43.262722	0.0	22420858	2601	160.0
1606525526.31	160000	42.456939	0.0	19324333	1690	160.0
1606525528.09	160000	41.674086	0.0	20392234	1666	160.0
1606525529.4	160000	41.364365	0.0	7671072	1258	160.0
1606525532.33	160000	39.433499	0.0	17781906	2815	160.0
1606525534.37	160000	38.39377	0.0	12839336	1962	160.0
1606525536.15	160000	37.621511	0.0	10779770	1707	160.0
1606525536.7	160000	38.066959	0.0	14606687	469	160.0
1606525538.28	160000	37.494265	0.0	41866951	1319	160.0
1606525539.48	160000	37.289871	0.0	37238410	978	160.0
1606525539.9	160000	37.874998	0.0	14347759	332	160.0
1606525540.22	160000	38.550611	0.0	11399187	254	160.0
1606525540.5	160000	39.273513	0.0	10358641	211	160.0
1606525540.88	160000	39.896753	0.0	14315696	292	160.0
1606525541.47	160000	40.301196	0.0	23283631	469	160.0
1606525542.47	160000	40.3111	0.0	37521367	776	160.0
1606525543.13	160000	40.645119	0.0	22241104	538	160.0
1606525543.63	160000	41.150975	0.0	15813346	398	160.0
1606525544.16	160000	41.620019	0.0	17116450	431	160.0
1606525544.71	160000	42.068919	0.0	18867054	440	160.0
1606525545.22	160000	42.558246	0.0	17393609	408	160.0
1606525546.07	160000	42.711014	0.0	24759401	707	160.0
1606525547.11	160000	42.678767	0.0	25782433	888	160.0
1606525548.07	160000	42.713048	0.0	25885372	808	160.0
1606525549.04	160000	42.749911	0.0	26242011	802	160.0
1606525549.88	160000	42.903489	0.0	23865378	697	160.0
1606525550.73	160000	43.05369	0.0	25470681	706	160.0
1606525551.62	160000	43.16825	0.0	27258768	716	160.0
1606525552.19	160000	43.600425	0.0	17853711	453	160.0
1606525552.65	160000	44.14459	0.0	14829893	371	160.0
1606525553.51	160000	44.277759	0.0	27779697	711	160.0
1606525554.42	160000	44.376932	0.0	27714923	746	160.0
1606525555.22	160000	44.57172	0.0	25946474	651	160.0
1606525555.88	160000	44.921139	0.0	19596259	534	160.0
1606525556.65	160000	45.148311	0.0	23774167	639	160.0
1606525557.29	160000	45.506263	0.0	19373656	526	160.0
1606525558.11	160000	45.690121	0.0	23977420	680	160.0
1606525558.91	160000	45.887175	0.0	24493733	668	160.0
1606525559.41	160000	46.393622	0.0	14528511	408	160.0
1606525559.96	160000	46.836551	0.0	16841176	455	160.0
1606525560.53	160000	47.276356	0.0	16743604	457	160.0
1606525561.14	160000	47.659821	0.0	17975224	510	160.0
1606525561.93	160000	47.872782	0.0	22329548	658	160.0
1606525562.49	160000	48.314942	0.0	16001583	460	160.0
1606525563.1	160000	48.707076	0.0	18238584	500	160.0
1606525563.77	160000	49.037981	0.0	21308824	534	160.0
1606525564.33	160000	49.477965	0.0	17749058	443	160.0
1606525564.75	160000	50.055254	0.0	14127787	338	160.0
1606525565.3	160000	50.511646	0.0	17525699	440	160.0
1606525565.91	160000	50.901777	0.0	14240042	518	160.0
1606525567.19	160000	50.625212	0.0	20324139	1154	160.0
1606525568.86	160000	49.949859	0.0	21993033	1549	160.0
1606525569.89	160000	49.926568	0.0	18863108	910	160.0
1606525570.54	160000	50.280378	0.0	15964734	551	160.0
1606525570.81	160000	51.004055	0.0	8284939	224	160.0
1606525571.11	160000	51.705282	0.0	9004706	243	160.0
1606525571.35	160000	52.47176	0.0	6955279	185	160.0
1606525571.68	160000	53.136941	0.0	10701639	268	160.0
1606525571.98	160000	53.840729	0.0	9459459	236	160.0
1606525572.1	160000	54.725175	0.0	3212828	76	160.0
1606525572.19	160000	55.636135	0.0	2509989	64	160.0
1606525572.26	160000	56.562591	0.0	2004927	50	160.0
1606525572.29	160000	57.531188	0.0	591360	14	160.0
1606525572.38	160000	58.879948	0.0	2394426	60	160.0
1606525572.77	40000	1.000999	0.063	336477	8	-10.079999999999998
1606525573.31	160000	1.748133	0.0	14912671	375	40.0
1606525574.35	160000	1.701698	0.0	24265636	818	160.0
1606525575.8	160000	1.410593	0.153	22711544	1303	135.52
1606525577.92	160000	1.304421	0.957	19639705	1999	6.8799999999999955
1606525581.91	160000	1.304517	2.971	20946809	3881	-315.36
1606525583.03	160000	1.277385	0.089	11895609	1048	145.76
1606525583.53	160000	1.777389	0.0	7597636	447	160.0
1606525584.57	80000	1.736547	0.0	29583867	824	0.0
1606525586.26	160000	1.340966	0.291	45444680	1407	33.44
1606525588.09	160000	1.387309	0.88	54798068	1513	19.19999999999999
1606525590.3	160000	1.166853	0.982	69464107	1774	2.8799999999999955
1606525591.85	160000	1.274689	0.664	50637608	1314	53.760000000000005
1606525592.47	160000	1.664616	0.0	19559369	491	160.0
1606525593.13	160000	2.009925	0.0	22224402	520	160.0
1606525594.26	160000	1.87003	0.0	22578365	1002	160.0
1606525595.06	160000	2.075092	0.0	8346702	741	160.0
1606525596.17	160000	1.961584	0.0	15775481	1018	160.0
1606525596.6	160000	2.534467	0.0	9163235	369	160.0
1606525597.87	160000	2.263589	0.0	41307095	1046	160.0
1606525598.81	160000	2.328221	0.0	28763893	761	160.0
1606525599.52	160000	2.621991	0.0	21266416	583	160.0
1606525600.32	160000	2.818847	0.0	23702229	650	160.0
1606525601.2	160000	2.937877	0.0	27580394	711	160.0
1606525601.91	160000	3.233998	0.0	20329780	573	160.0
1606525602.5	160000	3.640499	0.0	16109183	495	160.0
1606525604.62	160000	2.521662	0.0	58830800	1779	160.0
1606525610.13	160000	1.450975	3.436	66935122	5195	-389.76
1606525611.72	160000	1.395937	0.529	15251076	1510	75.36
