1606497803.88	40000	1.000999	0.019	334476	7	-3.039999999999999
1606497804.45	160000	1.812317	0.0	14912671	335	40.0
1606497806.03	160000	1.457565	0.2	24265636	1376	128.0
1606497807.71	160000	1.432819	0.627	22711544	1559	59.68000000000001
1606497809.28	160000	1.308615	0.406	19639705	1457	95.04
1606497810.95	160000	1.304407	0.642	20946809	1557	57.28
1606497812.04	160000	1.447244	0.235	11895609	1027	122.4
1606497812.65	160000	1.841549	0.0	7597636	551	160.0
1606497815.22	80000	1.433854	1.167	29583867	2384	-186.72
1606497821.27	160000	1.35117	4.967	45444680	5709	-714.72
1606497822.54	80000	1.318593	0.233	15275967	1175	-37.28
1606497823.81	80000	1.26473	0.214	20600381	1158	45.76
1606497824.67	80000	1.405535	0.0	17710542	755	80.0
1606497825.82	160000	1.256299	0.0	19559369	1040	80.0
1606497826.77	160000	1.301085	0.0	22224402	829	160.0
1606497828.02	160000	1.270429	0.216	22578365	1123	125.44
1606497828.43	160000	1.866243	0.0	8346702	350	160.0
1606497829.21	160000	2.085344	0.0	15775481	684	160.0
1606497829.69	160000	2.608768	0.0	9163235	418	160.0
1606497831.6	160000	1.7007	0.0	41307095	1684	160.0
1606497838.4	160000	1.490845	5.591	28763893	6650	-734.56
1606497840.07	160000	1.333148	0.514	21266416	1563	77.76
1606497842.02	160000	1.347806	0.963	23702229	1816	5.9199999999999875
1606497844.26	160000	1.311066	1.208	27580394	2107	-33.28
1606497846.05	160000	1.269898	0.74	20329780	1676	41.599999999999994
1606497847.38	160000	1.260935	0.326	16109183	1251	107.84
1606497850.46	80000	1.3371	2.153	34554431	2890	-344.48
1606497853.54	80000	1.464718	2.213	37801487	2885	-274.08
1606497854.92	160000	1.453159	0.364	15251076	1294	21.75999999999999
1606497856.39	160000	1.318869	0.337	16574034	1386	106.08
1606497857.64	160000	1.406359	0.337	13009028	1183	106.08
1606497858.73	160000	1.493346	0.176	12791674	1023	131.84
1606497859.69	160000	1.533541	0.0	11137898	894	160.0
1606497860.6	160000	1.629955	0.0	11485310	832	160.0
1606497861.64	160000	1.59241	0.0	12428518	962	160.0
1606497862.47	160000	1.757552	0.0	9963766	774	160.0
1606497863.39	160000	1.837456	0.0	12189364	851	160.0
1606497864.14	160000	2.086137	0.0	10142396	688	160.0
1606497864.89	160000	2.343669	0.0	10185488	680	160.0
1606497865.93	160000	2.298045	0.0	14061455	966	160.0
1606497867.42	160000	1.813294	0.0	20074099	1370	160.0
1606497869.37	80000	1.428935	0.565	26113743	1810	-90.4
1606497872.45	160000	1.469415	2.116	40906522	2868	-258.56
1606497873.1	160000	1.823717	0.0	7891151	594	160.0
1606497874.88	160000	1.354013	0.313	21012466	1666	109.92
1606497876.64	160000	1.408321	0.814	23519424	1641	29.75999999999999
1606497878.31	160000	1.490608	0.754	18715420	1572	39.36
1606497879.91	160000	1.494981	0.602	17000816	1510	63.68000000000001
1606497881.1	160000	1.337475	0.033	14448126	1108	154.72
1606497881.64	160000	1.79635	0.0	6958676	490	160.0
1606497882.33	160000	2.108184	0.0	9088791	629	160.0
1606497882.86	160000	2.578546	0.0	7211881	482	160.0
1606497883.09	160000	3.347573	0.0	3063586	204	160.0
1606497883.34	160000	4.098603	0.0	2782179	223	160.0
1606497884.26	160000	4.184943	0.0	9958410	853	160.0
1606497885.29	160000	4.151838	0.0	12158708	962	160.0
1606497886.28	160000	4.162726	0.0	12300216	914	160.0
1606497887.67	160000	3.771705	0.0	15815684	1296	160.0
1606497888.85	160000	3.595924	0.0	13526256	1095	160.0
1606497889.83	160000	3.613499	0.0	11995130	911	160.0
1606497890.93	160000	3.51842	0.0	13394791	1016	160.0
1606497892.32	160000	3.126874	0.0	14135828	1310	160.0
1606497893.59	160000	2.863172	0.0	15366126	1177	160.0
1606497894.72	160000	2.727178	0.0	14248439	1049	160.0
1606497895.82	160000	2.628184	0.0	13843717	1020	160.0
1606497897.02	160000	2.437165	0.0	14665119	1107	160.0
1606497898.94	160000	1.517331	0.0	21079187	1792	160.0
1606497901.06	160000	1.398691	1.001	25480074	1995	-0.1599999999999966
1606497903.13	160000	1.401277	1.07	23021754	1950	-11.199999999999989
1606497905.44	160000	1.471961	1.384	27527834	2180	-61.44
1606497907.63	160000	1.356447	1.075	26155848	2065	-12.0
1606497909.01	160000	1.432529	0.453	17849379	1286	87.52
1606497910.49	160000	1.385796	0.432	16546531	1387	90.88
1606497911.91	160000	1.318147	0.357	17718949	1334	102.88
1606497913.39	160000	1.407216	0.564	17337137	1385	69.76
1606497914.84	160000	1.490413	0.533	20008245	1344	74.72
1606497921.31	160000	1.273299	5.251	58430914	6099	-680.16
1606497922.11	160000	1.467558	0.0	16292703	685	160.0
1606497923.92	160000	1.276942	0.612	25587422	1675	62.08
1606497924.76	160000	1.431452	0.0	23982306	706	160.0
1606497925.09	160000	2.109877	0.0	13347845	240	160.0
1606497925.43	160000	2.767857	0.0	14337991	258	160.0
1606497925.83	160000	3.367784	0.0	14584990	316	160.0
1606497926.21	160000	3.987811	0.0	13962401	299	160.0
1606497929.4	160000	1.809	0.0	14393788	3098	160.0
1606497931.02	160000	1.395316	0.213	14649457	1543	125.92
1606497932.26	160000	1.35861	0.206	13409715	1165	127.03999999999999
1606497932.72	160000	1.903461	0.0	13909605	373	160.0
1606497933.02	160000	2.603255	0.0	13301968	222	160.0
1606497933.46	160000	3.168286	0.0	19025846	317	160.0
1606497933.92	160000	3.707655	0.0	19295426	336	160.0
1606497934.34	160000	4.285462	0.0	18261873	319	160.0
1606497934.78	160000	4.845658	0.0	19847604	318	160.0
1606497935.18	160000	5.450244	0.0	18767181	290	160.0
1606497935.65	160000	5.980555	0.0	22420858	341	160.0
1606497936.03	160000	6.595225	0.0	19324333	269	160.0
1606497936.43	160000	7.194666	0.0	20392234	281	160.0
1606497936.58	160000	8.048607	0.0	7671072	93	160.0
1606497936.89	160000	8.736606	0.0	17781906	209	160.0
1606497937.13	160000	9.511071	0.0	12839336	151	160.0
1606497937.33	160000	10.304957	0.0	10779770	127	160.0
1606497937.61	160000	11.026222	0.0	14606687	196	160.0
1606497938.62	160000	11.013827	0.0	41866951	761	160.0
1606497939.45	160000	11.184341	0.0	37238410	602	160.0
1606497939.75	160000	11.887316	0.0	14347759	210	160.0
1606497939.99	160000	12.651782	0.0	11399187	165	160.0
1606497940.2	160000	13.435781	0.0	10358641	150	160.0
1606497940.5	160000	14.142912	0.0	14315696	207	160.0
1606497940.97	160000	14.67319	0.0	23283631	338	160.0
1606497941.74	160000	14.902026	0.0	37521367	546	160.0
1606497942.14	160000	15.502118	0.0	22241104	273	160.0
1606497942.45	160000	16.19457	0.0	15813346	194	160.0
1606497942.76	160000	16.880548	0.0	17116450	213	160.0
1606497943.11	160000	17.536085	0.0	18867054	235	160.0
1606497943.43	160000	18.21648	0.0	17393609	217	160.0
1606497943.95	160000	18.694004	0.0	24759401	383	160.0
1606497944.53	160000	19.120385	0.0	25782433	426	160.0
1606497945.13	160000	19.520138	0.0	25885372	441	160.0
1606497945.7	160000	19.950489	0.0	26242011	421	160.0
1606497946.12	160000	20.533879	0.0	23865378	262	160.0
1606497946.54	160000	21.110785	0.0	25470681	281	160.0
1606497947.15	160000	21.503216	0.0	27258768	436	160.0
1606497947.54	160000	22.117156	0.0	17853711	282	160.0
1606497947.88	160000	22.77252	0.0	14829893	249	160.0
1606497948.51	160000	23.142722	0.0	27779697	465	160.0
1606497949.05	160000	23.605641	0.0	27714923	380	160.0
1606497949.56	160000	24.095088	0.0	25946474	355	160.0
1606497952.91	160000	21.749731	0.0	19596259	3224	160.0
1606497954.83	160000	20.835014	0.0	23774167	1780	160.0
1606497956.25	160000	20.424021	0.0	19373656	1296	160.0
1606497957.43	160000	20.233996	0.0	23977420	1042	160.0
1606497958.33	160000	20.330282	0.0	24493733	765	160.0
1606497958.84	160000	20.825584	0.0	14528511	421	160.0
1606497959.42	160000	21.248289	0.0	16841176	477	160.0
1606497959.99	160000	21.682087	0.0	16743604	464	160.0
1606497960.59	160000	22.079695	0.0	17975224	484	160.0
1606497961.14	160000	22.528222	0.0	22329548	423	160.0
1606497961.54	160000	23.131309	0.0	16001583	302	160.0
1606497961.97	160000	23.701966	0.0	18238584	321	160.0
1606497962.47	160000	24.205003	0.0	21308824	366	160.0
1606497962.88	160000	24.794222	0.0	17749058	304	160.0
1606497963.22	160000	25.458345	0.0	14127787	252	160.0
1606497963.63	160000	26.044122	0.0	17525699	312	160.0
1606497963.9	160000	26.776921	0.0	14240042	183	160.0
1606497964.3	160000	27.376625	0.0	20324139	277	160.0
1606497964.71	160000	27.965683	0.0	21993033	283	160.0
1606497965.12	160000	28.561944	0.0	18863108	287	160.0
1606497965.47	160000	29.211789	0.0	15964734	243	160.0
1606497965.65	160000	30.031397	0.0	8284939	125	160.0
1606497965.89	160000	30.788702	0.0	9004706	185	160.0
1606497966.08	160000	31.600041	0.0	6955279	144	160.0
1606497966.37	160000	32.314192	0.0	10701639	222	160.0
1606497966.63	160000	33.059466	0.0	9459459	196	160.0
1606497966.71	160000	33.973996	0.0	3212828	56	160.0
1606497966.78	160000	34.906948	0.0	2509989	44	160.0
1606497966.84	160000	35.851099	0.0	2004927	35	160.0
1606497966.86	160000	36.825914	0.0	591360	10	160.0
1606497966.93	160000	38.195942	0.0	2394426	41	160.0
1606497967.25	40000	1.000999	0.039	336477	5	-6.240000000000002
1606497967.67	160000	1.959282	0.0	14912671	259	40.0
1606497972.56	160000	1.448629	3.345	24265636	4683	-375.20000000000005
1606497975.24	160000	1.387483	1.568	22711544	2554	-90.88
1606497976.29	160000	1.365385	0.0	19639705	936	160.0
1606497977.14	160000	1.566565	0.0	20946809	723	160.0
1606497977.61	160000	2.098561	0.0	11895609	390	160.0
1606497977.92	160000	2.784722	0.0	7597636	266	160.0
1606497980.19	160000	1.51525	0.0	56067905	1814	160.0
1606497981.57	160000	1.196159	0.059	45444680	1122	150.56
1606497983.25	160000	1.334427	0.785	54798068	1420	34.400000000000006
1606497987.74	160000	1.371081	3.522	69464107	4080	-403.52
1606497989.25	160000	1.311357	0.499	50637608	1266	80.16
1606497989.83	160000	1.724694	0.0	19559369	468	160.0
1606497990.39	160000	2.167439	0.0	22224402	429	160.0
1606497990.97	160000	2.598805	0.0	22578365	438	160.0
1606497991.2	160000	3.357462	0.0	8346702	171	160.0
1606497991.62	160000	3.946131	0.0	15775481	315	160.0
1606497991.86	160000	4.706413	0.0	9163235	179	160.0
1606497992.74	160000	4.834631	0.0	41307095	643	160.0
1606497993.38	160000	5.186339	0.0	28763893	467	160.0
1606497993.85	160000	5.716139	0.0	21266416	349	160.0
1606497994.47	160000	6.094753	0.0	23702229	463	160.0
1606497995.15	160000	6.420082	0.0	27580394	517	160.0
1606497995.65	160000	6.93135	0.0	20329780	355	160.0
1606497996.02	160000	7.549285	0.0	16109183	274	160.0
1606497997.35	160000	7.22594	0.0	58830800	986	160.0
