1606447291.1	40000	1.000999	0.035	334476	22	-5.600000000000001
1606447292.51	160000	1.170904	0.191	14912671	1190	9.439999999999998
1606447294.78	160000	1.336511	1.417	24265636	2100	-66.72
1606447296.47	160000	1.434365	0.76	22711544	1564	38.400000000000006
1606447298.21	160000	1.30801	0.589	19639705	1632	65.76
1606447299.82	160000	1.304156	0.586	20946809	1500	66.24
1606447300.84	160000	1.367038	0.085	11895609	953	146.4
1606447301.54	160000	1.673577	0.0	7597636	642	160.0
1606447305.99	160000	1.209058	2.985	56067905	4015	-317.6
1606447309.65	160000	1.377629	2.835	45444680	3451	-293.6
1606447321.35	160000	1.298139	10.611	54798068	11432	-1537.76
1606447325.94	160000	1.406708	3.706	69464107	4207	-432.96000000000004
1606447330.79	160000	1.349344	3.803	50637608	4599	-448.48
1606447332.28	160000	1.40302	0.543	19559369	1390	73.12
1606447333.54	160000	1.447366	0.302	22224402	1143	111.68
1606447334.91	160000	1.499634	0.428	22578365	1254	91.52
1606447335.52	160000	1.892326	0.0	8346702	554	160.0
1606447336.63	160000	1.781922	0.0	15775481	1019	160.0
1606447337.21	160000	2.205614	0.0	9163235	517	160.0
1606447339.15	160000	1.352242	0.083	41307095	1722	146.72
1606447340.37	160000	1.264892	0.084	28763893	1052	146.56
1606447341.37	160000	1.308632	0.045	21266416	884	152.8
1606447346.63	160000	1.398031	4.343	23702229	5108	-534.88
1606447350.09	160000	1.492707	2.557	27580394	3327	-249.12
1606447351.85	160000	1.301603	0.564	20329780	1635	69.76
1606447353.06	160000	1.366942	0.279	16109183	1130	115.36
1606447357.81	160000	1.397544	3.773	58830800	4440	-443.67999999999995
1606447363.26	160000	1.422133	4.481	66935122	5136	-556.96
1606447364.5	160000	1.396764	0.218	15251076	1154	125.12
1606447365.76	160000	1.365832	0.224	16574034	1165	124.16
1606447366.75	160000	1.374782	0.0	13009028	914	160.0
1606447367.77	160000	1.358009	0.0	12791674	940	160.0
1606447368.64	160000	1.48871	0.0	11137898	801	160.0
1606447369.61	160000	1.518401	0.0	11485310	900	160.0
1606447370.58	160000	1.542546	0.0	12428518	905	160.0
1606447371.38	160000	1.745175	0.0	9963766	737	160.0
1606447372.49	160000	1.636143	0.0	12189364	1037	160.0
1606447373.41	160000	1.723926	0.0	10142396	847	160.0
1606447374.15	160000	1.979543	0.0	10185488	681	160.0
1606447375.5	160000	1.629728	0.0	14061455	1270	160.0
1606447377.3	160000	1.351217	0.516	20074099	1695	77.44
1606447380.99	160000	1.345796	2.687	46115254	3467	-269.92
1606447384.84	160000	1.282679	2.786	40906522	3642	-285.76
1606447385.7	160000	1.42437	0.0	7891151	805	160.0
1606447387.68	160000	1.345365	0.898	21012466	1871	16.319999999999993
1606447389.73	160000	1.484942	1.186	23519424	1930	-29.75999999999999
1606447390.93	160000	1.430516	0.153	18715420	1108	135.52
1606447392.12	160000	1.334877	0.084	17000816	1091	146.56
1606447392.85	160000	1.605054	0.0	14448126	642	160.0
1606447393.09	160000	2.359138	0.0	6958676	196	160.0
1606447393.41	160000	3.048568	0.0	9088791	250	160.0
1606447393.63	160000	3.827476	0.0	7211881	171	160.0
1606447393.72	160000	4.73347	0.0	3063586	66	160.0
1606447393.81	160000	5.647951	0.0	2782179	59	160.0
1606447394.08	160000	6.373492	0.0	9958410	214	160.0
1606447394.41	160000	7.044393	0.0	12158708	262	160.0
1606447394.7	160000	7.758575	0.0	12300216	210	160.0
1606447395.04	160000	8.420633	0.0	15815684	248	160.0
1606447395.33	160000	9.13165	0.0	13526256	209	160.0
1606447395.58	160000	9.881811	0.0	11995130	183	160.0
1606447395.86	160000	10.605306	0.0	13394791	203	160.0
1606447396.15	160000	11.312783	0.0	14135828	213	160.0
1606447396.47	160000	11.997775	0.0	15366126	232	160.0
1606447396.91	160000	12.554701	0.0	14248439	364	160.0
1606447397.38	160000	13.092175	0.0	13843717	387	160.0
1606447398.0	160000	13.470627	0.0	14665119	536	160.0
1606447398.92	160000	13.548012	0.0	21079187	803	160.0
1606447400.99	160000	12.480213	0.0	25480074	1924	160.0
1606447404.0	160000	10.474333	0.0	23021754	2869	160.0
1606447405.36	160000	10.108955	0.0	27527834	1212	160.0
1606447411.28	160000	5.195056	0.0	26155848	5758	160.0
1606447412.54	160000	4.930407	0.0	17849379	1156	160.0
1606447413.56	160000	4.917927	0.0	16546531	915	160.0
1606447414.59	160000	4.885647	0.0	17718949	921	160.0
1606447415.87	160000	4.610933	0.0	17337137	1169	160.0
1606447417.31	160000	4.167285	0.0	20008245	1324	160.0
1606447420.93	160000	1.54563	0.0	58430914	3298	160.0
1606447421.73	160000	1.754096	0.0	16292703	687	160.0
1606447422.69	160000	1.788766	0.0	25587422	830	160.0
1606447423.45	160000	2.028177	0.0	23982306	619	160.0
1606447423.86	160000	2.623844	0.0	13347845	324	160.0
1606447424.25	160000	3.229365	0.0	14337991	310	160.0
1606447424.65	160000	3.831656	0.0	14584990	316	160.0
1606447425.06	160000	4.428254	0.0	13962401	321	160.0
1606447425.48	160000	5.010532	0.0	14393788	333	160.0
1606447425.87	160000	5.615535	0.0	14649457	313	160.0
1606447426.21	160000	6.281843	0.0	13409715	252	160.0
1606447426.55	160000	6.94119	0.0	13909605	261	160.0
1606447426.87	160000	7.623993	0.0	13301968	239	160.0
1606447427.3	160000	8.187483	0.0	19025846	325	160.0
1606447427.75	160000	8.745147	0.0	19295426	330	160.0
1606447428.1	160000	9.392218	0.0	18261873	244	160.0
1606447428.5	160000	9.995036	0.0	19847604	276	160.0
1606447428.85	160000	10.643228	0.0	18767181	245	160.0
1606447429.25	160000	11.248274	0.0	22420858	268	160.0
1606447429.62	160000	11.8814	0.0	19324333	236	160.0
1606447429.96	160000	12.538064	0.0	20392234	227	160.0
1606447430.1	160000	13.40337	0.0	7671072	82	160.0
1606447430.4	160000	14.10377	0.0	17781906	189	160.0
1606447430.61	160000	14.890078	0.0	12839336	138	160.0
1606447430.8	160000	15.707325	0.0	10779770	118	160.0
1606447431.05	160000	16.448989	0.0	14606687	174	160.0
1606447431.81	160000	16.693775	0.0	41866951	502	160.0
1606447432.32	160000	17.186886	0.0	37238410	286	160.0
1606447432.52	160000	17.986593	0.0	14347759	116	160.0
1606447432.68	160000	18.827202	0.0	11399187	87	160.0
1606447432.83	160000	19.678047	0.0	10358641	83	160.0
1606447433.04	160000	20.471226	0.0	14315696	123	160.0
1606447433.37	160000	21.140432	0.0	23283631	197	160.0
1606447433.9	160000	21.608257	0.0	37521367	318	160.0
1606447434.21	160000	22.305784	0.0	22241104	181	160.0
1606447434.43	160000	23.079473	0.0	15813346	129	160.0
1606447434.67	160000	23.843361	0.0	17116450	139	160.0
1606447434.96	160000	24.554679	0.0	18867054	182	160.0
1606447435.25	160000	25.265878	0.0	17393609	188	160.0
1606447435.67	160000	25.850456	0.0	24759401	273	160.0
1606447436.04	160000	26.481706	0.0	25782433	226	160.0
1606447436.4	160000	27.116771	0.0	25885372	208	160.0
1606447436.76	160000	27.764426	0.0	26242011	211	160.0
1606447437.13	160000	28.396443	0.0	23865378	212	160.0
1606447437.51	160000	29.016266	0.0	25470681	227	160.0
1606447437.92	160000	29.603225	0.0	27258768	242	160.0
1606447438.2	160000	30.320467	0.0	17853711	181	160.0
1606447438.44	160000	31.088591	0.0	14829893	152	160.0
1606447438.88	160000	31.650926	0.0	27779697	285	160.0
1606447439.51	160000	32.017461	0.0	27714923	462	160.0
1606447440.07	160000	32.455464	0.0	25946474	413	160.0
1606447440.49	160000	33.046385	0.0	19596259	288	160.0
1606447440.97	160000	33.564944	0.0	23774167	348	160.0
1606447441.36	160000	34.175925	0.0	19373656	275	160.0
1606447441.83	160000	34.701793	0.0	23977420	341	160.0
1606447442.45	160000	35.078921	0.0	24493733	489	160.0
1606447442.84	160000	35.701058	0.0	14528511	290	160.0
1606447450.99	160000	28.541873	0.0	16841176	8050	160.0
1606447454.81	160000	25.726931	0.0	16743604	3712	160.0
1606447457.01	160000	24.530828	0.0	17975224	2084	160.0
1606447459.33	160000	23.204775	0.0	22329548	2199	160.0
1606447460.81	160000	22.730064	0.0	16001583	1376	160.0
1606447462.27	160000	22.275777	0.0	18238584	1346	160.0
1606447463.5	160000	22.037211	0.0	21308824	1101	160.0
1606447469.5	160000	17.044696	0.0	17749058	5871	160.0
1606447470.21	160000	17.337865	0.0	14127787	624	160.0
1606447470.75	160000	17.791653	0.0	17525699	443	160.0
1606447471.14	160000	18.406977	0.0	14240042	302	160.0
1606447471.6	160000	18.946902	0.0	20324139	338	160.0
1606447472.11	160000	19.442518	0.0	21993033	376	160.0
1606447472.44	160000	20.109799	0.0	18863108	216	160.0
1606447472.73	160000	20.818724	0.0	15964734	193	160.0
1606447472.88	160000	21.670879	0.0	8284939	95	160.0
1606447473.04	160000	22.51338	0.0	9004706	102	160.0
1606447473.24	160000	23.309605	0.0	6955279	154	160.0
1606447473.43	160000	24.127462	0.0	10701639	115	160.0
1606447473.6	160000	24.957223	0.0	9459459	101	160.0
1606447473.66	160000	25.893737	0.0	3212828	34	160.0
1606447473.71	160000	26.842765	0.0	2509989	27	160.0
1606447473.76	160000	27.801204	0.0	2004927	21	160.0
1606447473.78	160000	28.777958	0.0	591360	6	160.0
1606447473.83	160000	30.163194	0.0	2394426	26	160.0
1606447474.14	40000	1.000999	0.015	336477	3	-2.3999999999999986
1606447474.49	160000	1.939058	0.0	14912671	167	40.0
1606447474.98	160000	2.446769	0.0	24265636	272	160.0
1606447475.39	160000	3.039148	0.0	22711544	261	160.0
1606447475.73	160000	3.693395	0.0	19639705	226	160.0
1606447476.12	160000	4.381954	0.0	20946809	244	160.0
1606447476.32	160000	5.177651	0.0	11895609	126	160.0
1606447476.45	160000	6.047151	0.0	7597636	81	160.0
1606447477.52	160000	6.053256	0.0	56067905	596	160.0
1606447478.19	160000	6.407928	0.0	45444680	430	160.0
1606447479.07	160000	6.586894	0.0	54798068	568	160.0
1606447480.27	160000	6.389195	0.0	69464107	731	160.0
1606447481.09	160000	6.568466	0.0	50637608	544	160.0
1606447481.48	160000	7.178722	0.0	19559369	276	160.0
1606447481.94	160000	7.729494	0.0	22224402	326	160.0
1606447482.34	160000	8.329788	0.0	22578365	274	160.0
1606447482.49	160000	9.179126	0.0	8346702	94	160.0
1606447482.77	160000	9.902393	0.0	15775481	178	160.0
1606447482.93	160000	10.740501	0.0	9163235	104	160.0
1606447483.58	160000	11.087991	0.0	41307095	430	160.0
1606447484.04	160000	11.634898	0.0	28763893	281	160.0
1606447484.35	160000	12.317522	0.0	21266416	196	160.0
1606447484.73	160000	12.941959	0.0	23702229	219	160.0
1606447485.14	160000	13.532338	0.0	27580394	253	160.0
1606447485.47	160000	14.203779	0.0	20329780	197	160.0
1606447485.72	160000	14.952832	0.0	16109183	155	160.0
1606447486.69	160000	15.043568	0.0	58830800	615	160.0
1606447487.73	160000	15.00462	0.0	66935122	675	160.0
