1606503716.7	40000	1.000999	0.025	334476	14	-4.0
1606503717.57	80000	1.520495	0.0	14912671	644	40.0
1606503722.31	160000	1.269263	3.46	24265636	4543	-473.6
1606503723.78	80000	1.405881	0.579	17135714	1368	-92.64
1606503725.37	160000	1.263925	0.423	19639705	1479	12.319999999999993
1606503727.01	160000	1.263608	0.613	20946809	1528	61.92
1606503728.1	160000	1.376897	0.201	11895609	1021	127.84
1606503728.69	160000	1.782346	0.0	7597636	544	160.0
1606503729.96	80000	1.515418	0.0	29583867	1056	0.0
1606503731.63	160000	1.324868	0.479	45444680	1341	3.3599999999999994
1606503738.28	160000	1.310248	5.639	54798068	6386	-742.24
1606503738.93	80000	1.661361	0.0	20600381	518	0.0
1606503740.26	160000	1.443995	0.112	50637608	1050	62.079999999999984
1606503740.77	160000	1.934246	0.0	19559369	391	160.0
1606503741.3	160000	2.413771	0.0	22224402	389	160.0
1606503741.82	160000	2.890772	0.0	22578365	389	160.0
1606503742.03	160000	3.682137	0.0	8346702	154	160.0
1606503742.42	160000	4.293647	0.0	15775481	294	160.0
1606503742.65	160000	5.064941	0.0	9163235	169	160.0
1606503750.9	160000	1.312148	3.509	41307095	8054	-401.44000000000005
1606503753.12	160000	1.32395	1.221	28763893	2059	-35.360000000000014
1606503755.07	160000	1.295975	0.927	21266416	1837	11.680000000000007
1606503756.93	160000	1.430202	0.993	23702229	1736	1.1200000000000045
1606503759.07	160000	1.46715	1.175	27580394	2004	-28.0
1606503760.64	160000	1.392384	0.499	20329780	1459	80.16
1606503762.1	160000	1.393625	0.447	16109183	1364	88.48
1606503765.2	80000	1.340982	2.057	34554431	2916	-329.12
1606503768.26	80000	1.398689	2.12	37801487	2873	-259.2
1606503769.63	160000	1.26978	0.237	15251076	1285	42.08
1606503770.95	160000	1.260449	0.303	16574034	1215	111.52000000000001
1606503771.95	160000	1.2842	0.024	13009028	922	156.16
1606503773.07	160000	1.339384	0.181	12791674	1063	131.04
1606503773.94	160000	1.49718	0.026	11137898	801	155.84
1606503774.98	160000	1.462312	0.0	11485310	966	160.0
1606503776.01	160000	1.433134	0.0	12428518	958	160.0
1606503776.88	160000	1.56887	0.0	9963766	800	160.0
1606503777.95	160000	1.494461	0.0	12189364	1000	160.0
1606503778.75	160000	1.695135	0.0	10142396	737	160.0
1606503779.6	160000	1.846652	0.0	10185488	788	160.0
1606503780.99	160000	1.452249	0.0	14061455	1313	160.0
1606503782.48	160000	1.305599	0.341	20074099	1383	105.44
1606503784.41	80000	1.396912	1.012	26113743	1784	-161.92
1606503786.14	80000	1.40953	0.725	22860019	1593	-36.0
1606503786.76	160000	1.763471	0.0	7891151	563	80.0
1606503788.64	160000	1.385052	0.501	21012466	1773	79.84
1606503790.58	160000	1.387991	0.934	23519424	1819	10.560000000000002
1606503792.12	160000	1.322831	0.473	18715420	1442	84.32
1606503793.48	160000	1.296939	0.341	17000816	1276	105.44
1606503794.51	160000	1.388359	0.116	14448126	954	141.44
1606503794.98	160000	1.916118	0.0	6958676	423	160.0
1606503795.42	160000	2.474359	0.0	9088791	385	160.0
1606503795.78	160000	3.121568	0.0	7211881	305	160.0
1606503795.94	160000	3.964089	0.0	3063586	130	160.0
1606503796.06	160000	4.837395	0.0	2782179	100	160.0
1606503796.48	160000	5.418398	0.0	9958410	358	160.0
1606503796.99	160000	5.910327	0.0	12158708	437	160.0
1606503797.53	160000	6.372637	0.0	12300216	461	160.0
1606503798.21	160000	6.694923	0.0	15815684	583	160.0
1606503798.77	160000	7.137588	0.0	13526256	481	160.0
1606503799.22	160000	7.68299	0.0	11995130	383	160.0
1606503799.7	160000	8.20894	0.0	13394791	396	160.0
1606503800.22	160000	8.685838	0.0	14135828	442	160.0
1606503800.84	160000	9.074689	0.0	15366126	523	160.0
1606503801.35	160000	9.558156	0.0	14248439	430	160.0
1606503801.83	160000	10.0821	0.0	13843717	396	160.0
1606503802.25	160000	10.664284	0.0	14665119	335	160.0
1606503802.81	160000	11.109474	0.0	21079187	425	160.0
1606503803.47	160000	11.450176	0.0	25480074	514	160.0
1606503804.07	160000	11.850976	0.0	23021754	465	160.0
1606503804.74	160000	12.176925	0.0	27527834	523	160.0
1606503805.32	160000	12.596879	0.0	26155848	436	160.0
1606503805.69	160000	13.230444	0.0	17849379	262	160.0
1606503806.04	160000	13.888201	0.0	16546531	239	160.0
1606503806.41	160000	14.511609	0.0	17718949	265	160.0
1606503806.77	160000	15.149757	0.0	17337137	261	160.0
1606503807.19	160000	15.7334	0.0	20008245	294	160.0
1606503808.39	160000	15.535069	0.0	58430914	806	160.0
1606503808.72	160000	16.202064	0.0	16292703	224	160.0
1606503809.21	160000	16.722602	0.0	25587422	331	160.0
1606503809.56	160000	17.368752	0.0	23982306	215	160.0
1606503809.76	160000	18.169234	0.0	13347845	121	160.0
1606503809.98	160000	18.953901	0.0	14337991	134	160.0
1606503810.22	160000	19.711896	0.0	14584990	156	160.0
1606503810.46	160000	20.470693	0.0	13962401	160	160.0
1606503810.72	160000	21.216725	0.0	14393788	164	160.0
1606503810.97	160000	21.962078	0.0	14649457	168	160.0
1606503811.18	160000	22.753395	0.0	13409715	125	160.0
1606503811.38	160000	23.555124	0.0	13909605	116	160.0
1606503811.57	160000	24.365682	0.0	13301968	112	160.0
1606503811.85	160000	25.089921	0.0	19025846	160	160.0
1606503812.12	160000	25.816742	0.0	19295426	162	160.0
1606503812.39	160000	26.550272	0.0	18261873	158	160.0
1606503812.68	160000	27.257915	0.0	19847604	173	160.0
1606503812.96	160000	27.983985	0.0	18767181	164	160.0
1606503813.3	160000	28.640656	0.0	22420858	212	160.0
1606503813.62	160000	29.323362	0.0	19324333	193	160.0
1606503813.96	160000	29.991148	0.0	20392234	202	160.0
1606503814.09	160000	30.858911	0.0	7671072	76	160.0
1606503814.36	160000	31.585531	0.0	17781906	170	160.0
1606503814.55	160000	32.397509	0.0	12839336	112	160.0
1606503814.71	160000	33.237389	0.0	10779770	95	160.0
1606503814.92	160000	34.028233	0.0	14606687	128	160.0
1606503815.47	160000	34.476386	0.0	41866951	307	160.0
1606503815.94	160000	35.011897	0.0	37238410	248	160.0
1606503816.12	160000	35.834136	0.0	14347759	96	160.0
1606503816.26	160000	36.690519	0.0	11399187	67	160.0
1606503816.39	160000	37.562973	0.0	10358641	61	160.0
1606503816.56	160000	38.400088	0.0	14315696	85	160.0
1606503816.82	160000	39.133413	0.0	23283631	138	160.0
1606503817.27	160000	39.691339	0.0	37521367	223	160.0
1606503817.54	160000	40.417065	0.0	22241104	141	160.0
1606503817.75	160000	41.213617	0.0	15813346	101	160.0
1606503817.96	160000	42.002568	0.0	17116450	109	160.0
1606503818.2	160000	42.758602	0.0	18867054	133	160.0
1606503818.51	160000	43.45199	0.0	17393609	202	160.0
1606503818.95	160000	44.017891	0.0	24759401	299	160.0
1606503819.39	160000	44.571149	0.0	25782433	306	160.0
1606503819.86	160000	45.107453	0.0	25885372	314	160.0
1606503820.3	160000	45.666961	0.0	26242011	298	160.0
1606503820.68	160000	46.290943	0.0	23865378	233	160.0
1606503821.07	160000	46.902529	0.0	25470681	248	160.0
1606503822.81	160000	46.155871	0.0	27258768	1572	160.0
1606503823.76	160000	46.211453	0.0	17853711	840	160.0
1606503828.06	160000	42.911973	0.0	14829893	4210	160.0
1606503831.04	160000	40.929566	0.0	27779697	2824	160.0
1606503832.02	160000	40.955767	0.0	27714923	818	160.0
1606503832.75	160000	41.224963	0.0	25946474	576	160.0
1606503833.28	160000	41.699295	0.0	19596259	413	160.0
1606503833.85	160000	42.128561	0.0	23774167	437	160.0
1606503834.31	160000	42.665222	0.0	19373656	350	160.0
1606503834.85	160000	43.131517	0.0	23977420	398	160.0
1606503835.41	160000	43.573022	0.0	24493733	417	160.0
1606503835.77	160000	44.214348	0.0	14528511	276	160.0
1606503836.19	160000	44.794533	0.0	16841176	320	160.0
1606503836.59	160000	45.395515	0.0	16743604	303	160.0
1606503837.02	160000	45.964805	0.0	17975224	326	160.0
1606503837.57	160000	46.4178	0.0	22329548	410	160.0
1606503837.96	160000	47.024888	0.0	16001583	296	160.0
1606503838.4	160000	47.587097	0.0	18238584	328	160.0
1606503838.92	160000	48.068344	0.0	21308824	388	160.0
1606503839.32	160000	48.672264	0.0	17749058	287	160.0
1606503839.64	160000	49.35075	0.0	14127787	239	160.0
1606503840.05	160000	49.95059	0.0	17525699	297	160.0
1606503840.37	160000	50.623099	0.0	14240042	238	160.0
1606503840.83	160000	51.164245	0.0	20324139	337	160.0
1606503841.33	160000	51.66575	0.0	21993033	368	160.0
1606503841.73	160000	52.262564	0.0	18863108	287	160.0
1606503842.09	160000	52.911463	0.0	15964734	249	160.0
1606503842.27	160000	53.730713	0.0	8284939	126	160.0
1606503842.45	160000	54.550663	0.0	9004706	124	160.0
1606503842.59	160000	55.411097	0.0	6955279	96	160.0
1606503842.8	160000	56.198487	0.0	10701639	148	160.0
1606503842.99	160000	57.007915	0.0	9459459	131	160.0
1606503843.07	160000	57.934233	0.0	3212828	44	160.0
1606503843.13	160000	58.874015	0.0	2509989	35	160.0
1606503843.19	160000	59.815977	0.0	2004927	33	160.0
1606503844.22	160000	59.862841	0.0	591360	8	160.0
1606503845.79	160000	59.797605	0.0	2394426	41	160.0
1606503846.16	40000	1.000999	0.049	336477	5	-7.840000000000003
1606503846.58	160000	1.854775	0.0	14912671	245	40.0
1606503847.2	160000	2.229998	0.0	24265636	398	160.0
1606503847.68	160000	2.751704	0.0	22711544	329	160.0
1606503848.1	160000	3.410272	0.0	19639705	282	160.0
1606503848.52	160000	3.987704	0.0	20946809	300	160.0
1606503848.77	160000	4.783907	0.0	11895609	172	160.0
1606503848.93	160000	5.626901	0.0	7597636	108	160.0
1606503850.26	160000	5.352227	0.0	56067905	861	160.0
1606503851.21	160000	5.453385	0.0	45444680	714	160.0
1606503852.22	160000	5.445938	0.0	54798068	715	160.0
1606503853.58	160000	5.093771	0.0	69464107	887	160.0
1606503854.63	160000	5.043076	0.0	50637608	752	160.0
1606503854.96	160000	5.709463	0.0	19559369	217	160.0
1606503855.35	160000	6.327245	0.0	22224402	252	160.0
1606503855.78	160000	6.888914	0.0	22578365	308	160.0
1606503855.96	160000	7.712772	0.0	8346702	109	160.0
1606503856.27	160000	8.401137	0.0	15775481	215	160.0
1606503856.47	160000	9.207523	0.0	9163235	134	160.0
1606503857.32	160000	9.361635	0.0	41307095	610	160.0
1606503857.87	160000	9.807298	0.0	28763893	375	160.0
1606503858.31	160000	10.408042	0.0	21266416	293	160.0
1606503858.79	160000	10.950358	0.0	23702229	310	160.0
1606503859.3	160000	11.436102	0.0	27580394	358	160.0
1606503859.69	160000	12.053723	0.0	20329780	242	160.0
1606503859.98	160000	12.764353	0.0	16109183	194	160.0
1606503861.02	160000	12.716801	0.0	58830800	700	160.0
1606503862.21	160000	12.53669	0.0	66935122	818	160.0
