1606519504.72	40000	1.000999	0.02	334476	8	-3.200000000000003
1606519505.34	160000	1.778796	0.0	14912671	418	40.0
1606519506.23	160000	1.889383	0.0	24265636	686	160.0
1606519509.86	160000	1.433758	2.111	22711544	3507	-177.76
1606519511.44	160000	1.315505	0.429	19639705	1458	91.36
1606519513.34	160000	1.311494	0.877	20946809	1784	19.680000000000007
1606519514.35	160000	1.439307	0.14	11895609	946	137.6
1606519514.95	160000	1.841931	0.0	7597636	547	160.0
1606519517.25	80000	1.330811	0.794	29583867	2111	-127.04
1606519521.1	160000	1.376194	2.888	45444680	3491	-382.08
1606519523.58	80000	1.24128	1.352	15275967	2395	-216.32
1606519525.05	80000	1.368083	0.583	20600381	1349	-13.280000000000001
1606519526.03	80000	1.396602	0.02	17710542	875	76.8
1606519526.9	160000	1.533677	0.0	19559369	739	80.0
1606519527.76	160000	1.673146	0.0	22224402	731	160.0
1606519528.62	160000	1.821171	0.0	22578365	714	160.0
1606519528.9	160000	2.532249	0.0	8346702	226	160.0
1606519529.44	160000	2.998539	0.0	15775481	434	160.0
1606519529.74	160000	3.700753	0.0	9163235	237	160.0
1606519531.08	160000	3.356902	0.0	41307095	1107	160.0
1606519532.02	160000	3.421586	0.0	28763893	758	160.0
1606519532.67	160000	3.778132	0.0	21266416	522	160.0
1606519533.34	160000	4.10124	0.0	23702229	521	160.0
1606519534.07	160000	4.375477	0.0	27580394	565	160.0
1606519534.61	160000	4.831478	0.0	20329780	416	160.0
1606519535.07	160000	5.379429	0.0	16109183	347	160.0
1606519536.61	160000	4.838896	0.0	58830800	1134	160.0
1606519538.3	160000	4.142057	0.0	66935122	1319	160.0
1606519538.67	160000	4.776437	0.0	15251076	272	160.0
1606519539.06	160000	5.395411	0.0	16574034	270	160.0
1606519539.35	160000	6.096997	0.0	13009028	212	160.0
1606519539.64	160000	6.810499	0.0	12791674	209	160.0
1606519539.89	160000	7.556991	0.0	11137898	183	160.0
1606519540.15	160000	8.299488	0.0	11485310	189	160.0
1606519540.44	160000	9.019163	0.0	12428518	204	160.0
1606519540.65	160000	9.80447	0.0	9963766	140	160.0
1606519540.9	160000	10.5589	0.0	12189364	171	160.0
1606519541.11	160000	11.349978	0.0	10142396	142	160.0
1606519541.32	160000	12.14056	0.0	10185488	143	160.0
1606519541.61	160000	12.848133	0.0	14061455	206	160.0
1606519542.08	160000	13.379472	0.0	20074099	346	160.0
1606519543.51	160000	12.952487	0.0	46115254	1159	160.0
1606519552.68	160000	4.785575	0.0	40906522	8911	160.0
1606519553.29	160000	5.174263	0.0	7891151	558	160.0
1606519554.92	160000	4.543712	0.0	21012466	1508	160.0
1606519556.81	160000	3.653773	0.0	23519424	1754	160.0
1606519558.28	160000	3.180371	0.0	18715420	1363	160.0
1606519559.58	160000	2.890684	0.0	17000816	1190	160.0
1606519560.8	160000	2.664038	0.0	14448126	1138	160.0
1606519561.48	160000	2.984239	0.0	6958676	631	160.0
1606519562.2	160000	3.271168	0.0	9088791	658	160.0
1606519562.75	160000	3.722558	0.0	7211881	502	160.0
1606519562.99	160000	4.480592	0.0	3063586	214	160.0
1606519563.21	160000	5.259278	0.0	2782179	194	160.0
1606519563.99	160000	5.482545	0.0	9958410	709	160.0
1606519564.93	160000	5.546591	0.0	12158708	864	160.0
1606519565.9	160000	5.576069	0.0	12300216	898	160.0
1606519567.55	160000	4.928876	0.0	15815684	1555	160.0
1606519568.56	160000	4.919618	0.0	13526256	931	160.0
1606519569.65	160000	4.826383	0.0	11995130	1021	160.0
1606519570.78	160000	4.696965	0.0	13394791	1054	160.0
1606519571.93	160000	4.549296	0.0	14135828	1066	160.0
1606519573.12	160000	4.36162	0.0	15366126	1101	160.0
1606519574.26	160000	4.218661	0.0	14248439	1060	160.0
1606519575.47	160000	4.012125	0.0	13843717	1128	160.0
1606519576.65	160000	3.831948	0.0	14665119	1091	160.0
1606519578.54	160000	2.943724	0.0	21079187	1763	160.0
1606519580.69	160000	1.798638	0.0	25480074	1991	160.0
1606519582.64	160000	1.278082	0.435	23021754	1830	90.4
1606519584.78	160000	1.45862	1.312	27527834	1996	-49.91999999999999
1606519586.78	160000	1.276943	0.822	26155848	1859	28.47999999999999
1606519588.4	160000	1.349466	0.695	17849379	1527	48.8
1606519589.91	160000	1.295015	0.456	16546531	1422	87.04
1606519591.39	160000	1.2523	0.436	17718949	1380	90.24
1606519592.96	160000	1.439451	0.755	17337137	1481	39.2
1606519594.9	160000	1.445686	0.941	20008245	1829	9.439999999999998
1606519599.28	160000	1.387665	3.322	58430914	4100	-371.52
1606519600.82	160000	1.460011	0.612	16292703	1451	62.08
1606519603.67	160000	1.323379	1.714	25587422	2722	-114.24000000000001
1606519606.04	160000	1.287715	1.329	23982306	2244	-52.639999999999986
1606519607.09	160000	1.36725	0.129	13347845	980	139.36
1606519608.02	160000	1.467273	0.032	14337991	851	154.88
1606519608.82	160000	1.668514	0.0	14584990	717	160.0
1606519609.98	160000	1.504446	0.0	13962401	1082	160.0
1606519610.64	160000	1.851226	0.0	14393788	573	160.0
1606519611.55	160000	1.937466	0.0	14649457	829	160.0
1606519612.61	160000	1.885403	0.0	13409715	975	160.0
1606519614.28	160000	1.28498	0.076	13909605	1605	147.84
1606519615.25	160000	1.35026	0.03	13301968	889	155.2
1606519616.65	160000	1.392456	0.437	19025846	1291	90.08
1606519617.6	160000	1.43569	0.0	19295426	846	160.0
1606519618.47	160000	1.57437	0.0	18261873	752	160.0
1606519619.56	160000	1.484633	0.0	19847604	970	160.0
1606519620.61	160000	1.436624	0.0	18767181	944	160.0
1606519621.89	160000	1.333784	0.181	22420858	1169	131.04
1606519623.13	160000	1.265901	0.175	19324333	1135	132.0
1606519624.18	160000	1.441138	0.219	20392234	937	124.96000000000001
1606519624.54	160000	2.082142	0.0	7671072	309	160.0
1606519625.34	160000	2.276383	0.0	17781906	702	160.0
1606519625.91	160000	2.711315	0.0	12839336	490	160.0
1606519626.37	160000	3.251562	0.0	10779770	397	160.0
1606519626.99	160000	3.630289	0.0	14606687	535	160.0
1606519628.43	160000	3.190945	0.0	41866951	1191	160.0
1606519629.52	160000	3.102603	0.0	37238410	861	160.0
1606519629.98	160000	3.642265	0.0	14347759	374	160.0
1606519630.28	160000	4.345923	0.0	11399187	229	160.0
1606519630.56	160000	5.068322	0.0	10358641	197	160.0
1606519630.93	160000	5.701571	0.0	14315696	284	160.0
1606519631.54	160000	6.092684	0.0	23283631	470	160.0
1606519632.52	160000	6.113961	0.0	37521367	749	160.0
1606519633.08	160000	6.55394	0.0	22241104	427	160.0
1606519633.42	160000	7.212864	0.0	15813346	241	160.0
1606519633.79	160000	7.848698	0.0	17116450	261	160.0
1606519634.2	160000	8.439011	0.0	18867054	292	160.0
1606519634.56	160000	9.080804	0.0	17393609	255	160.0
1606519635.06	160000	9.577446	0.0	24759401	362	160.0
1606519635.63	160000	10.013553	0.0	25782433	415	160.0
1606519636.2	160000	10.437143	0.0	25885372	416	160.0
1606519636.71	160000	10.926985	0.0	26242011	361	160.0
1606519637.21	160000	11.438183	0.0	23865378	323	160.0
1606519637.69	160000	11.950624	0.0	25470681	338	160.0
1606519638.23	160000	12.41624	0.0	27258768	361	160.0
1606519638.62	160000	13.026431	0.0	17853711	284	160.0
1606519638.94	160000	13.706622	0.0	14829893	235	160.0
1606519639.5	160000	14.147134	0.0	27779697	399	160.0
1606519640.04	160000	14.609663	0.0	27714923	383	160.0
1606519640.56	160000	15.094131	0.0	25946474	355	160.0
1606519640.94	160000	15.707908	0.0	19596259	268	160.0
1606519641.32	160000	16.334724	0.0	23774167	240	160.0
1606519641.59	160000	17.06294	0.0	19373656	152	160.0
1606519641.93	160000	17.725748	0.0	23977420	193	160.0
1606519642.28	160000	18.37605	0.0	24493733	207	160.0
1606519642.51	160000	19.142023	0.0	14528511	147	160.0
1606519642.79	160000	19.870355	0.0	16841176	169	160.0
1606519643.07	160000	20.591582	0.0	16743604	163	160.0
1606519643.42	160000	21.240227	0.0	17975224	242	160.0
1606519643.86	160000	21.8018	0.0	22329548	307	160.0
1606519644.19	160000	22.472152	0.0	16001583	220	160.0
1606519644.53	160000	23.133063	0.0	18238584	226	160.0
1606519644.93	160000	23.734675	0.0	21308824	270	160.0
1606519645.26	160000	24.399276	0.0	17749058	229	160.0
1606519645.54	160000	25.126906	0.0	14127787	190	160.0
1606519645.88	160000	25.788226	0.0	17525699	236	160.0
1606519646.16	160000	26.514744	0.0	14240042	192	160.0
1606519646.61	160000	27.054532	0.0	20324139	332	160.0
1606519647.11	160000	27.558299	0.0	21993033	364	160.0
1606519647.42	160000	28.250028	0.0	18863108	190	160.0
1606519647.68	160000	28.98773	0.0	15964734	162	160.0
1606519647.82	160000	29.849161	0.0	8284939	84	160.0
1606519647.97	160000	30.699973	0.0	9004706	91	160.0
1606519648.09	160000	31.580212	0.0	6955279	70	160.0
1606519648.27	160000	32.404122	0.0	10701639	107	160.0
1606519648.43	160000	33.247442	0.0	9459459	94	160.0
1606519648.49	160000	34.186467	0.0	3212828	31	160.0
1606519648.54	160000	35.137038	0.0	2509989	25	160.0
1606519648.58	160000	36.09464	0.0	2004927	20	160.0
1606519648.6	160000	37.073919	0.0	591360	5	160.0
1606519648.66	160000	38.45858	0.0	2394426	25	160.0
1606519648.98	40000	1.000999	0.029	336477	3	-4.640000000000001
1606519649.28	160000	2.001999	0.0	14912671	149	40.0
1606519649.76	160000	2.563958	0.0	24265636	250	160.0
1606519650.13	160000	3.190366	0.0	22711544	235	160.0
1606519650.46	160000	3.863327	0.0	19639705	203	160.0
1606519650.8	160000	4.527456	0.0	20946809	216	160.0
1606519651.0	160000	5.390483	0.0	11895609	122	160.0
1606519651.14	160000	6.256009	0.0	7597636	79	160.0
1606519652.12	160000	6.328115	0.0	56067905	500	160.0
1606519652.78	160000	6.690525	0.0	45444680	398	160.0
1606519653.61	160000	6.922059	0.0	54798068	513	160.0
1606519654.88	160000	6.671175	0.0	69464107	783	160.0
1606519655.76	160000	6.796026	0.0	50637608	599	160.0
1606519656.09	160000	7.460847	0.0	19559369	221	160.0
1606519656.49	160000	8.065155	0.0	22224402	263	160.0
1606519656.89	160000	8.667736	0.0	22578365	272	160.0
1606519657.04	160000	9.512377	0.0	8346702	100	160.0
1606519657.32	160000	10.235668	0.0	15775481	180	160.0
1606519657.49	160000	11.074675	0.0	9163235	95	160.0
1606519658.15	160000	11.406539	0.0	41307095	426	160.0
1606519658.62	160000	11.938468	0.0	28763893	285	160.0
1606519658.96	160000	12.601055	0.0	21266416	211	160.0
1606519659.35	160000	13.208735	0.0	23702229	233	160.0
1606519659.9	160000	13.666711	0.0	27580394	383	160.0
1606519660.32	160000	14.243291	0.0	20329780	284	160.0
1606519661.47	160000	14.123028	0.0	16109183	1044	160.0
1606519665.87	160000	10.722331	0.0	58830800	4049	160.0
1606519670.19	160000	7.411374	0.0	66935122	3942	160.0
