1606523425.95	40000	1.000999	0.024	334476	13	-3.8400000000000034
1606523426.79	80000	1.53945	0.0	14912671	616	40.0
1606523428.41	160000	1.281609	0.339	24265636	1431	25.75999999999999
1606523429.09	160000	1.626645	0.0	22711544	537	160.0
1606523429.5	160000	2.24319	0.0	19639705	283	160.0
1606523429.95	160000	2.822612	0.0	20946809	314	160.0
1606523430.18	160000	3.582432	0.0	11895609	157	160.0
1606523430.34	160000	4.430661	0.0	7597636	100	160.0
1606523431.52	160000	4.303768	0.0	56067905	701	160.0
1606523432.32	160000	4.495965	0.0	45444680	550	160.0
1606523433.32	160000	4.505588	0.0	54798068	684	160.0
1606523435.97	160000	2.851717	0.0	69464107	2172	160.0
1606523440.28	160000	1.23515	1.692	50637608	4049	-110.72000000000003
1606523441.95	160000	1.472216	0.908	19559369	1563	14.719999999999999
1606523444.05	160000	1.381443	1.009	22224402	1985	-1.4399999999999977
1606523445.19	160000	1.391413	0.137	22578365	1004	138.07999999999998
1606523445.49	160000	2.080528	0.0	8346702	250	160.0
1606523446.05	160000	2.519956	0.0	15775481	464	160.0
1606523446.34	160000	3.235644	0.0	9163235	224	160.0
1606523447.63	160000	2.955414	0.0	41307095	1057	160.0
1606523448.56	160000	3.017042	0.0	28763893	758	160.0
1606523449.25	160000	3.336269	0.0	21266416	560	160.0
1606523450.05	160000	3.532894	0.0	23702229	640	160.0
1606523452.34	160000	2.237409	0.0	27580394	2140	160.0
1606523454.9	160000	1.287427	0.605	20329780	2437	63.2
1606523456.18	160000	1.394118	0.388	16109183	1195	97.92
1606523460.2	80000	1.282556	2.901	34554431	3813	-464.16
1606523463.37	80000	1.397909	2.292	37801487	2988	-286.72
1606523464.68	160000	1.477024	0.382	15251076	1221	18.879999999999995
1606523465.9	160000	1.361918	0.108	16574034	1136	142.72
1606523466.95	160000	1.471145	0.159	13009028	982	134.56
1606523468.01	160000	1.417681	0.0	12791674	980	160.0
1606523468.92	160000	1.504589	0.0	11137898	846	160.0
1606523470.05	160000	1.37855	0.0	11485310	1047	160.0
1606523470.99	160000	1.440303	0.0	12428518	865	160.0
1606523471.83	160000	1.598419	0.0	9963766	782	160.0
1606523472.79	160000	1.635888	0.0	12189364	888	160.0
1606523473.58	160000	1.851242	0.0	10142396	725	160.0
1606523474.39	160000	2.038065	0.0	10185488	751	160.0
1606523475.71	160000	1.726311	0.0	14061455	1227	160.0
1606523476.5	160000	1.937872	0.0	20074099	672	160.0
1606523477.48	160000	1.95281	0.0	46115254	734	160.0
1606523478.17	160000	2.264275	0.0	40906522	448	160.0
1606523478.31	160000	3.128112	0.0	7891151	80	160.0
1606523478.65	160000	3.78761	0.0	21012466	211	160.0
1606523479.04	160000	4.408591	0.0	23519424	237	160.0
1606523479.33	160000	5.111564	0.0	18715420	177	160.0
1606523479.59	160000	5.849497	0.0	17000816	156	160.0
1606523479.82	160000	6.624931	0.0	14448126	133	160.0
1606523479.94	160000	7.507258	0.0	6958676	61	160.0
1606523480.08	160000	8.365319	0.0	9088791	84	160.0
1606523480.27	160000	9.177256	0.0	7211881	140	160.0
1606523480.39	160000	10.057103	0.0	3063586	92	160.0
1606523480.5	160000	10.946279	0.0	2782179	84	160.0
1606523480.86	160000	11.583784	0.0	9958410	301	160.0
1606523481.49	160000	11.962354	0.0	12158708	550	160.0
1606523482.49	160000	11.962339	0.0	12300216	925	160.0
1606523483.38	160000	12.075162	0.0	15815684	793	160.0
1606523483.77	160000	12.681035	0.0	13526256	316	160.0
1606523484.13	160000	13.3249	0.0	11995130	280	160.0
1606523484.33	160000	14.119776	0.0	13394791	121	160.0
1606523484.54	160000	14.911705	0.0	14135828	124	160.0
1606523484.76	160000	15.6923	0.0	15366126	135	160.0
1606523484.97	160000	16.485858	0.0	14248439	125	160.0
1606523485.18	160000	17.284534	0.0	13843717	121	160.0
1606523485.45	160000	18.010556	0.0	14665119	168	160.0
1606523485.82	160000	18.644569	0.0	21079187	243	160.0
1606523486.25	160000	19.207806	0.0	25480074	295	160.0
1606523486.65	160000	19.813688	0.0	23021754	261	160.0
1606523487.11	160000	20.350905	0.0	27527834	312	160.0
1606523487.53	160000	20.93734	0.0	26155848	253	160.0
1606523487.8	160000	21.667334	0.0	17849379	164	160.0
1606523488.05	160000	22.414436	0.0	16546531	155	160.0
1606523488.4	160000	23.062178	0.0	17718949	246	160.0
1606523488.9	160000	23.570032	0.0	17337137	391	160.0
1606523489.37	160000	24.102945	0.0	20008245	353	160.0
1606523490.28	160000	24.186628	0.0	58430914	604	160.0
1606523490.73	160000	24.736385	0.0	16292703	342	160.0
1606523491.4	160000	25.069353	0.0	25587422	526	160.0
1606523491.98	160000	25.497108	0.0	23982306	438	160.0
1606523492.38	160000	26.096861	0.0	13347845	312	160.0
1606523493.36	160000	26.110375	0.0	14337991	905	160.0
1606523494.2	160000	26.28007	0.0	14584990	748	160.0
1606523495.23	160000	26.249916	0.0	13962401	947	160.0
1606523496.02	160000	26.454589	0.0	14393788	712	160.0
1606523496.86	160000	26.623164	0.0	14649457	750	160.0
1606523497.74	160000	26.736237	0.0	13409715	812	160.0
1606523498.88	160000	26.604609	0.0	13909605	1053	160.0
1606523500.21	160000	26.276107	0.0	13301968	1252	160.0
1606523501.6	160000	25.883188	0.0	19025846	1276	160.0
1606523502.33	160000	26.152395	0.0	19295426	615	160.0
1606523502.71	160000	26.77125	0.0	18261873	274	160.0
1606523503.13	160000	27.354166	0.0	19847604	295	160.0
1606523503.51	160000	27.980329	0.0	18767181	266	160.0
1606523503.94	160000	28.544381	0.0	22420858	304	160.0
1606523504.34	160000	29.152083	0.0	19324333	262	160.0
1606523504.71	160000	29.784849	0.0	20392234	247	160.0
1606523504.85	160000	30.641907	0.0	7671072	93	160.0
1606523505.17	160000	31.323567	0.0	17781906	215	160.0
1606523505.41	160000	32.087023	0.0	12839336	150	160.0
1606523505.59	160000	32.901284	0.0	10779770	120	160.0
1606523505.86	160000	33.639722	0.0	14606687	178	160.0
1606523506.57	160000	33.929815	0.0	41866951	463	160.0
1606523507.17	160000	34.329552	0.0	37238410	376	160.0
1606523507.39	160000	35.104254	0.0	14347759	143	160.0
1606523507.57	160000	35.930361	0.0	11399187	106	160.0
1606523507.75	160000	36.753284	0.0	10358641	96	160.0
1606523507.96	160000	37.537357	0.0	14315696	134	160.0
1606523508.33	160000	38.175903	0.0	23283631	217	160.0
1606523508.88	160000	38.619052	0.0	37521367	334	160.0
1606523509.21	160000	39.294107	0.0	22241104	198	160.0
1606523509.46	160000	40.044431	0.0	15813346	149	160.0
1606523509.74	160000	40.767397	0.0	17116450	176	160.0
1606523510.04	160000	41.464929	0.0	18867054	194	160.0
1606523510.33	160000	42.177307	0.0	17393609	179	160.0
1606523510.73	160000	42.776591	0.0	24759401	259	160.0
1606523511.15	160000	43.356065	0.0	25782433	275	160.0
1606523511.58	160000	43.930085	0.0	25885372	266	160.0
1606523511.98	160000	44.530835	0.0	26242011	251	160.0
1606523512.37	160000	45.145933	0.0	23865378	228	160.0
1606523512.93	160000	45.586577	0.0	25470681	415	160.0
1606523514.24	160000	45.277815	0.0	27258768	1138	160.0
1606523515.53	160000	44.982764	0.0	17853711	1192	160.0
1606523515.96	160000	45.555342	0.0	14829893	342	160.0
1606523517.37	160000	45.149046	0.0	27779697	1247	160.0
1606523519.41	160000	44.11158	0.0	27714923	1883	160.0
1606523521.94	160000	42.57793	0.0	25946474	2373	160.0
1606523523.4	160000	42.117331	0.0	19596259	1345	160.0
1606523525.44	160000	41.090638	0.0	23774167	1894	160.0
1606523527.12	160000	40.399444	0.0	19373656	1567	160.0
1606523528.96	160000	39.566578	0.0	23977420	1701	160.0
1606523530.81	160000	38.717913	0.0	24493733	1710	160.0
1606523531.98	160000	38.549017	0.0	14528511	1083	160.0
1606523533.34	160000	38.182001	0.0	16841176	1266	160.0
1606523534.81	160000	37.729335	0.0	16743604	1352	160.0
1606523536.32	160000	37.210102	0.0	17975224	1409	160.0
1606523538.06	160000	36.471065	0.0	22329548	1609	160.0
1606523539.44	160000	36.090679	0.0	16001583	1278	160.0
1606523539.97	160000	36.559655	0.0	18238584	423	160.0
1606523540.57	160000	36.968034	0.0	21308824	459	160.0
1606523540.9	160000	37.633157	0.0	17749058	232	160.0
1606523541.17	160000	38.367521	0.0	14127787	185	160.0
1606523541.5	160000	39.037623	0.0	17525699	229	160.0
1606523541.78	160000	39.761	0.0	14240042	197	160.0
1606523542.19	160000	40.34688	0.0	20324139	296	160.0
1606523542.62	160000	40.918011	0.0	21993033	303	160.0
1606523542.97	160000	41.569002	0.0	18863108	235	160.0
1606523543.27	160000	42.273154	0.0	15964734	199	160.0
1606523543.43	160000	43.11626	0.0	8284939	102	160.0
1606523543.6	160000	43.941006	0.0	9004706	111	160.0
1606523543.73	160000	44.810647	0.0	6955279	87	160.0
1606523543.93	160000	45.614462	0.0	10701639	132	160.0
1606523544.11	160000	46.437329	0.0	9459459	117	160.0
1606523544.18	160000	47.367256	0.0	3212828	40	160.0
1606523544.24	160000	48.310006	0.0	2509989	31	160.0
1606523544.29	160000	49.264029	0.0	2004927	25	160.0
1606523544.31	160000	50.240727	0.0	591360	7	160.0
1606523544.37	160000	51.618254	0.0	2394426	26	160.0
1606523544.7	40000	1.000999	0.042	336477	23	-6.719999999999999
1606523545.97	160000	1.349932	0.255	14912671	1129	-0.7999999999999972
1606523547.15	160000	1.39448	0.194	24265636	949	128.96
1606523547.74	160000	1.867405	0.0	22711544	438	160.0
1606523548.07	160000	2.536215	0.0	19639705	206	160.0
1606523548.42	160000	3.216234	0.0	20946809	221	160.0
1606523548.61	160000	4.017275	0.0	11895609	123	160.0
1606523548.74	160000	4.920968	0.0	7597636	65	160.0
1606523549.7	160000	4.986351	0.0	56067905	481	160.0
1606523550.35	160000	5.382835	0.0	45444680	399	160.0
1606523551.22	160000	5.515877	0.0	54798068	542	160.0
1606523552.39	160000	5.344991	0.0	69464107	705	160.0
1606523553.26	160000	5.476636	0.0	50637608	575	160.0
1606523553.63	160000	6.115527	0.0	19559369	237	160.0
1606523553.94	160000	6.798581	0.0	22224402	183	160.0
1606523554.27	160000	7.477446	0.0	22578365	188	160.0
1606523554.39	160000	8.354336	0.0	8346702	69	160.0
1606523554.62	160000	9.122649	0.0	15775481	130	160.0
1606523554.81	160000	9.933533	0.0	9163235	125	160.0
1606523555.6	160000	10.145843	0.0	41307095	560	160.0
1606523556.14	160000	10.608541	0.0	28763893	355	160.0
1606523556.53	160000	11.220089	0.0	21266416	261	160.0
1606523556.99	160000	11.759372	0.0	23702229	302	160.0
1606523557.51	160000	12.269909	0.0	27580394	357	160.0
1606523558.71	160000	12.068588	0.0	20329780	1066	160.0
1606523559.92	160000	11.861682	0.0	16109183	1101	160.0
1606523564.54	160000	8.24415	0.0	58830800	4274	160.0
1606523567.0	80000	6.785862	0.0	37801487	2243	0.0
