1606517492.59	40000	1.000999	0.035	334476	24	-5.600000000000001
1606517493.95	80000	1.436981	0.416	14912671	1151	-26.560000000000002
1606517495.73	80000	1.269781	0.592	22644885	1635	-14.719999999999999
1606517497.22	80000	1.419747	0.593	17135714	1390	-14.879999999999995
1606517498.94	160000	1.282832	0.551	19639705	1599	-8.159999999999997
1606517500.75	160000	1.280986	0.789	20946809	1706	33.760000000000005
1606517501.69	160000	1.347943	0.0	11895609	859	160.0
1606517502.46	160000	1.579145	0.0	7597636	720	160.0
1606517503.25	80000	1.792143	0.0	29583867	542	0.0
1606517504.36	160000	1.686566	0.0	45444680	718	80.0
1606517507.09	160000	1.324863	1.364	54798068	2442	-58.24000000000001
1606517511.79	160000	1.400235	3.804	69464107	4272	-448.64
1606517513.08	160000	1.428524	0.367	50637608	1002	101.28
1606517513.49	160000	2.017065	0.0	19559369	289	160.0
1606517513.92	160000	2.592086	0.0	22224402	288	160.0
1606517514.35	160000	3.172017	0.0	22578365	289	160.0
1606517514.52	160000	3.999046	0.0	8346702	107	160.0
1606517514.79	160000	4.721977	0.0	15775481	185	160.0
1606517514.97	160000	5.555977	0.0	9163235	107	160.0
1606517515.68	160000	5.835164	0.0	41307095	482	160.0
1606517516.18	160000	6.336642	0.0	28763893	317	160.0
1606517516.54	160000	6.982049	0.0	21266416	232	160.0
1606517517.16	160000	7.361406	0.0	23702229	470	160.0
1606517518.58	160000	6.953063	0.0	27580394	1254	160.0
1606517524.02	160000	2.501542	0.0	20329780	5299	160.0
1606517525.27	160000	2.253191	0.0	16109183	1145	160.0
1606517528.44	80000	1.308907	1.22	34554431	2966	-195.2
1606517531.68	80000	1.280055	2.212	37801487	3053	-273.92
1606517532.91	160000	1.492949	0.435	15251076	1145	10.400000000000006
1606517534.25	160000	1.428633	0.285	16574034	1251	114.4
1606517535.43	160000	1.464514	0.218	13009028	1115	125.12
1606517536.53	160000	1.433507	0.064	12791674	1015	149.76
1606517537.62	160000	1.498421	0.153	11137898	1031	135.52
1606517538.49	160000	1.627967	0.0	11485310	801	160.0
1606517539.45	160000	1.667272	0.0	12428518	886	160.0
1606517540.45	160000	1.668842	0.0	9963766	934	160.0
1606517541.46	160000	1.655884	0.0	12189364	939	160.0
1606517542.25	160000	1.876031	0.0	10142396	716	160.0
1606517543.06	160000	2.061964	0.0	10185488	750	160.0
1606517544.19	160000	1.937107	0.0	14061455	1044	160.0
1606517545.91	160000	1.40928	0.193	20074099	1609	129.12
1606517548.09	80000	1.353123	1.126	26113743	2049	-180.16
1606517549.84	80000	1.480017	0.87	22860019	1630	-59.19999999999999
1606517550.55	160000	1.766653	0.0	7891151	658	80.0
1606517552.33	160000	1.352192	0.365	21012466	1667	101.6
1606517554.32	160000	1.467638	1.1	23519424	1871	-16.0
1606517555.68	160000	1.318788	0.211	18715420	1263	126.24000000000001
1606517557.52	160000	1.279906	0.807	17000816	1753	30.879999999999995
1606517558.71	160000	1.338641	0.248	14448126	1116	120.32
1606517559.15	160000	1.906123	0.0	6958676	384	160.0
1606517559.67	160000	2.380789	0.0	9088791	468	160.0
1606517560.04	160000	3.011698	0.0	7211881	320	160.0
1606517560.19	160000	3.860669	0.0	3063586	124	160.0
1606517560.33	160000	4.72272	0.0	2782179	112	160.0
1606517560.8	160000	5.257153	0.0	9958410	403	160.0
1606517561.21	160000	5.848321	0.0	12158708	337	160.0
1606517561.62	160000	6.439605	0.0	12300216	337	160.0
1606517562.09	160000	6.972288	0.0	15815684	375	160.0
1606517562.44	160000	7.616936	0.0	13526256	278	160.0
1606517562.76	160000	8.301023	0.0	11995130	246	160.0
1606517563.09	160000	8.973347	0.0	13394791	248	160.0
1606517563.43	160000	9.637564	0.0	14135828	254	160.0
1606517563.79	160000	10.276579	0.0	15366126	276	160.0
1606517564.13	160000	10.935988	0.0	14248439	261	160.0
1606517564.48	160000	11.587616	0.0	13843717	255	160.0
1606517564.83	160000	12.235259	0.0	14665119	270	160.0
1606517565.48	160000	12.59169	0.0	21079187	522	160.0
1606517567.05	160000	12.025009	0.0	25480074	1402	160.0
1606517567.76	160000	12.307719	0.0	23021754	587	160.0
1606517568.54	160000	12.529711	0.0	27527834	608	160.0
1606517569.22	160000	12.848363	0.0	26155848	531	160.0
1606517569.69	160000	13.385717	0.0	17849379	345	160.0
1606517570.4	160000	13.67802	0.0	16546531	610	160.0
1606517573.12	160000	11.958848	0.0	17718949	2610	160.0
1606517574.41	160000	11.671225	0.0	17337137	1183	160.0
1606517575.43	160000	11.644299	0.0	20008245	908	160.0
1606517577.55	160000	10.524851	0.0	58430914	1796	160.0
1606517578.05	160000	11.031015	0.0	16292703	387	160.0
1606517578.77	160000	11.306882	0.0	25587422	580	160.0
1606517579.44	160000	11.647279	0.0	23982306	525	160.0
1606517579.8	160000	12.27985	0.0	13347845	288	160.0
1606517580.21	160000	12.86966	0.0	14337991	324	160.0
1606517580.63	160000	13.459734	0.0	14584990	327	160.0
1606517581.03	160000	14.061204	0.0	13962401	312	160.0
1606517581.41	160000	14.675056	0.0	14393788	304	160.0
1606517581.8	160000	15.283944	0.0	14649457	309	160.0
1606517582.17	160000	15.921963	0.0	13409715	284	160.0
1606517582.56	160000	16.535527	0.0	13909605	302	160.0
1606517582.92	160000	17.173014	0.0	13301968	283	160.0
1606517583.38	160000	17.715435	0.0	19025846	342	160.0
1606517583.83	160000	18.265407	0.0	19295426	341	160.0
1606517584.26	160000	18.836419	0.0	18261873	311	160.0
1606517584.71	160000	19.384321	0.0	19847604	332	160.0
1606517585.14	160000	19.957517	0.0	18767181	314	160.0
1606517585.65	160000	20.451564	0.0	22420858	379	160.0
1606517586.09	160000	21.009209	0.0	19324333	325	160.0
1606517586.51	160000	21.587032	0.0	20392234	306	160.0
1606517586.69	160000	22.418696	0.0	7671072	115	160.0
1606517587.08	160000	23.026338	0.0	17781906	267	160.0
1606517587.35	160000	23.749496	0.0	12839336	188	160.0
1606517587.59	160000	24.517846	0.0	10779770	158	160.0
1606517587.89	160000	25.219233	0.0	14606687	209	160.0
1606517588.73	160000	25.376858	0.0	41866951	597	160.0
1606517589.48	160000	25.627488	0.0	37238410	528	160.0
1606517589.77	160000	26.342215	0.0	14347759	203	160.0
1606517590.01	160000	27.095761	0.0	11399187	175	160.0
1606517590.2	160000	27.90851	0.0	10358641	120	160.0
1606517590.45	160000	28.661058	0.0	14315696	166	160.0
1606517590.85	160000	29.259882	0.0	23283631	270	160.0
1606517591.53	160000	29.586733	0.0	37521367	456	160.0
1606517591.93	160000	30.18143	0.0	22241104	276	160.0
1606517592.25	160000	30.866766	0.0	15813346	218	160.0
1606517592.61	160000	31.503987	0.0	17116450	259	160.0
1606517593.0	160000	32.115103	0.0	18867054	280	160.0
1606517593.32	160000	32.799379	0.0	17393609	214	160.0
1606517593.76	160000	33.356608	0.0	24759401	302	160.0
1606517594.21	160000	33.904663	0.0	25782433	309	160.0
1606517594.67	160000	34.459177	0.0	25885372	289	160.0
1606517595.12	160000	35.003577	0.0	26242011	294	160.0
1606517595.5	160000	35.620954	0.0	23865378	231	160.0
1606517595.91	160000	36.217553	0.0	25470681	254	160.0
1606517596.39	160000	36.739727	0.0	27258768	312	160.0
1606517596.74	160000	37.390543	0.0	17853711	233	160.0
1606517597.02	160000	38.110285	0.0	14829893	194	160.0
1606517597.56	160000	38.562467	0.0	27779697	387	160.0
1606517598.11	160000	39.018022	0.0	27714923	388	160.0
1606517598.56	160000	39.572631	0.0	25946474	296	160.0
1606517598.9	160000	40.234831	0.0	19596259	224	160.0
1606517599.3	160000	40.833719	0.0	23774167	265	160.0
1606517599.62	160000	41.512261	0.0	19373656	209	160.0
1606517600.02	160000	42.11046	0.0	23977420	260	160.0
1606517600.44	160000	42.699077	0.0	24493733	274	160.0
1606517600.69	160000	43.449821	0.0	14528511	164	160.0
1606517600.99	160000	44.147301	0.0	16841176	190	160.0
1606517601.28	160000	44.860869	0.0	16743604	186	160.0
1606517601.58	160000	45.55703	0.0	17975224	197	160.0
1606517601.96	160000	46.182667	0.0	22329548	245	160.0
1606517602.24	160000	46.904158	0.0	16001583	181	160.0
1606517602.56	160000	47.57939	0.0	18238584	218	160.0
1606517602.95	160000	48.197464	0.0	21308824	253	160.0
1606517603.26	160000	48.881624	0.0	17749058	214	160.0
1606517603.52	160000	49.62445	0.0	14127787	175	160.0
1606517603.84	160000	50.306493	0.0	17525699	217	160.0
1606517604.11	160000	51.039977	0.0	14240042	182	160.0
1606517604.62	160000	51.531479	0.0	20324139	389	160.0
1606517605.17	160000	51.982007	0.0	21993033	420	160.0
1606517606.0	160000	52.153979	0.0	18863108	708	160.0
1606517606.44	160000	52.709271	0.0	15964734	349	160.0
1606517606.66	160000	53.489061	0.0	8284939	167	160.0
1606517606.9	160000	54.257236	0.0	9004706	167	160.0
1606517607.07	160000	55.079199	0.0	6955279	131	160.0
1606517607.37	160000	55.782675	0.0	10701639	230	160.0
1606517607.64	160000	56.511475	0.0	9459459	211	160.0
1606517607.74	160000	57.413474	0.0	3212828	71	160.0
1606517607.82	160000	58.335268	0.0	2509989	55	160.0
1606517607.89	160000	59.269282	0.0	2004927	44	160.0
1606517608.42	160000	59.944604	0.0	591360	13	160.0
1606517609.8	160000	59.879383	0.0	2394426	854	160.0
1606517612.18	40000	1.000999	0.08	336477	64	-12.8
1606517615.77	160000	1.352843	2.668	14912671	3467	-386.88
1606517617.7	80000	1.430829	0.978	22644885	1768	-156.48
1606517618.56	160000	1.598355	0.0	22711544	727	80.0
1606517619.0	160000	2.176674	0.0	19639705	316	160.0
1606517619.45	160000	2.759814	0.0	20946809	313	160.0
1606517619.69	160000	3.519217	0.0	11895609	165	160.0
1606517619.84	160000	4.365891	0.0	7597636	106	160.0
1606517621.21	160000	4.048944	0.0	56067905	863	160.0
1606517622.29	160000	3.978123	0.0	45444680	824	160.0
1606517623.43	160000	3.832719	0.0	54798068	849	160.0
1606517630.18	160000	1.273854	3.191	69464107	6318	-350.56
1606517633.6	160000	1.439389	2.613	50637608	3169	-258.08
1606517634.39	160000	1.65127	0.0	19559369	672	160.0
1606517636.19	160000	1.304643	0.45	22224402	1683	88.0
1606517637.69	160000	1.255236	0.454	22578365	1386	87.36
1606517638.06	160000	1.885924	0.0	8346702	314	160.0
1606517638.71	160000	2.243416	0.0	15775481	547	160.0
1606517639.06	160000	2.882886	0.0	9163235	287	160.0
1606517640.62	160000	2.324448	0.0	41307095	1326	160.0
1606517641.62	160000	2.324736	0.0	28763893	821	160.0
1606517642.39	160000	2.564386	0.0	21266416	635	160.0
1606517643.16	160000	2.794652	0.0	23702229	617	160.0
1606517644.11	160000	2.846449	0.0	27580394	793	160.0
1606517644.89	160000	3.06083	0.0	20329780	638	160.0
1606517645.51	160000	3.444939	0.0	16109183	518	160.0
1606517647.34	160000	2.617646	0.0	58830800	1494	160.0
1606517649.32	160000	1.633196	0.0	66935122	1615	160.0
