1606494110.7	40000	1.000999	0.043	334476	32	-6.880000000000003
1606494111.82	20000	1.45372	0.226	11007815	950	-36.16
1606494112.57	20000	1.697651	0.0	8849724	624	20.0
1606494112.93	20000	2.365335	0.0	3191121	258	20.0
1606494114.2	80000	2.122518	0.0	13114792	1093	20.0
1606494116.11	160000	1.232823	0.0	20946809	1660	80.0
1606494117.18	160000	1.31462	0.158	11895609	938	134.72
1606494118.76	160000	1.47297	0.728	7597636	1452	43.519999999999996
1606494120.38	60000	1.439153	0.586	17832465	1446	-133.76
1606494121.22	60000	1.59226	0.0	9877442	706	60.0
1606494122.2	60000	1.616576	0.0	10988410	835	60.0
1606494123.6	60000	1.290334	0.071	15230785	1243	48.64
1606494125.6	80000	1.361886	1.076	17710542	1833	-112.16
1606494126.0	20000	1.96363	0.0	2030157	301	-40.0
1606494128.38	110000	1.439356	0.852	12783186	2232	-116.32
1606494130.6	110000	1.292228	1.072	13101938	2075	-61.52000000000001
1606494131.1	110000	1.795391	0.0	5268213	384	110.0
1606494132.03	110000	1.860607	0.0	9838179	800	110.0
1606494132.67	110000	2.22081	0.0	6126794	528	110.0
1606494133.25	20000	2.643314	0.0	6357933	461	-70.0
1606494133.7	20000	3.199291	0.0	4814284	336	20.0
1606494134.02	20000	3.876511	0.0	3419258	222	20.0
1606494134.38	20000	4.518179	0.0	3944328	256	20.0
1606494135.12	40000	4.776339	0.0	8054223	614	20.0
1606494135.62	40000	5.285052	0.0	5596063	380	40.0
1606494135.79	40000	6.11386	0.0	4316804	66	40.0
1606494136.09	20000	6.814668	0.0	9946363	169	0.0
1606494136.41	20000	7.492604	0.0	11684632	183	20.0
1606494136.7	110000	8.201091	0.0	10019282	156	20.0
1606494137.16	160000	8.74986	0.0	16574034	278	110.0
1606494137.51	160000	9.394028	0.0	13009028	206	160.0
1606494139.72	160000	8.190327	0.0	12791674	2053	160.0
1606494140.79	160000	8.120629	0.0	11137898	926	160.0
1606494141.76	160000	8.146113	0.0	11485310	834	160.0
1606494142.87	160000	8.042466	0.0	12428518	957	160.0
1606494143.74	160000	8.171425	0.0	9963766	737	160.0
1606494144.86	160000	8.048745	0.0	12189364	978	160.0
1606494145.72	160000	8.197959	0.0	10142396	712	160.0
1606494146.62	160000	8.293682	0.0	10185488	766	160.0
1606494147.84	160000	8.072452	0.0	14061455	1067	160.0
1606494149.57	160000	7.349551	0.0	20074099	1532	160.0
1606494152.37	160000	5.547978	0.0	46115254	2293	160.0
1606494153.25	160000	5.667266	0.0	40906522	582	160.0
1606494153.49	160000	6.428068	0.0	7891151	117	160.0
1606494154.01	160000	6.914777	0.0	21012466	315	160.0
1606494154.58	160000	7.346573	0.0	23519424	363	160.0
1606494154.99	160000	7.935713	0.0	18715420	215	160.0
1606494155.36	160000	8.567597	0.0	17000816	192	160.0
1606494155.68	160000	9.248863	0.0	14448126	166	160.0
1606494155.88	160000	10.044504	0.0	6958676	81	160.0
1606494156.12	160000	10.804737	0.0	9088791	110	160.0
1606494156.33	160000	11.601861	0.0	7211881	87	160.0
1606494156.47	160000	12.457337	0.0	3063586	36	160.0
1606494156.6	160000	13.328416	0.0	2782179	33	160.0
1606494157.36	160000	13.573929	0.0	9958410	616	160.0
1606494157.87	160000	14.059053	0.0	12158708	369	160.0
1606494158.19	160000	14.74019	0.0	12300216	171	160.0
1606494158.57	160000	15.372074	0.0	15815684	200	160.0
1606494160.7	160000	14.239473	0.0	13526256	1972	160.0
1606494162.59	160000	13.341899	0.0	11995130	1755	160.0
1606494163.3	160000	13.636376	0.0	13394791	553	160.0
1606494163.89	160000	14.047752	0.0	14135828	436	160.0
1606494164.3	160000	14.639678	0.0	15366126	251	160.0
1606494164.69	160000	15.253101	0.0	14248439	233	160.0
1606494165.77	160000	15.169599	0.0	13843717	932	160.0
1606494166.87	160000	15.073499	0.0	14665119	940	160.0
1606494167.8	160000	15.144447	0.0	21079187	731	160.0
1606494168.44	160000	15.505113	0.0	25480074	426	160.0
1606494169.04	160000	15.900979	0.0	23021754	386	160.0
1606494169.74	160000	16.203942	0.0	27527834	471	160.0
1606494170.52	160000	16.435672	0.0	26155848	553	160.0
1606494171.07	160000	16.874328	0.0	17849379	376	160.0
1606494171.6	160000	17.345445	0.0	16546531	352	160.0
1606494172.59	160000	17.364278	0.0	17718949	804	160.0
1606494175.13	160000	15.816205	0.0	17337137	2372	160.0
1606494176.83	160000	15.123567	0.0	20008245	1505	160.0
1606494180.57	160000	12.382526	0.0	58430914	3276	160.0
1606494180.98	160000	12.974822	0.0	16292703	229	160.0
1606494181.5	160000	13.452543	0.0	25587422	312	160.0
1606494182.2	160000	13.755979	0.0	23982306	491	160.0
1606494182.99	160000	13.973436	0.0	13347845	629	160.0
1606494183.31	160000	14.646408	0.0	14337991	163	160.0
1606494183.63	160000	15.327374	0.0	14584990	165	160.0
1606494183.95	160000	16.007934	0.0	13962401	158	160.0
1606494184.27	160000	16.689149	0.0	14393788	164	160.0
1606494184.6	160000	17.364173	0.0	14649457	168	160.0
1606494184.9	160000	18.059024	0.0	13409715	154	160.0
1606494185.19	160000	18.769248	0.0	13909605	137	160.0
1606494185.48	160000	19.484578	0.0	13301968	130	160.0
1606494185.86	160000	20.103748	0.0	19025846	187	160.0
1606494186.23	160000	20.738782	0.0	19295426	183	160.0
1606494186.59	160000	21.377324	0.0	18261873	172	160.0
1606494186.97	160000	21.998156	0.0	19847604	189	160.0
1606494187.37	160000	22.598949	0.0	18767181	215	160.0
1606494187.83	160000	23.139131	0.0	22420858	257	160.0
1606494188.23	160000	23.746552	0.0	19324333	204	160.0
1606494188.64	160000	24.337971	0.0	20392234	216	160.0
1606494188.84	160000	25.130013	0.0	7671072	79	160.0
1606494189.18	160000	25.796656	0.0	17781906	159	160.0
1606494189.44	160000	26.531127	0.0	12839336	115	160.0
1606494189.68	160000	27.297246	0.0	10779770	97	160.0
1606494189.96	160000	28.012985	0.0	14606687	131	160.0
1606494192.32	160000	26.66277	0.0	41866951	2024	160.0
1606494192.95	160000	27.034301	0.0	37238410	335	160.0
1606494193.23	160000	27.74699	0.0	14347759	135	160.0
1606494193.48	160000	28.498633	0.0	11399187	107	160.0
1606494193.72	160000	29.262951	0.0	10358641	97	160.0
1606494194.0	160000	29.980105	0.0	14315696	131	160.0
1606494194.37	160000	30.612081	0.0	23283631	167	160.0
1606494194.94	160000	31.047812	0.0	37521367	271	160.0
1606494195.31	160000	31.67675	0.0	22241104	170	160.0
1606494195.6	160000	32.388163	0.0	15813346	115	160.0
1606494195.9	160000	33.09317	0.0	17116450	127	160.0
1606494196.33	160000	33.658847	0.0	18867054	259	160.0
1606494196.75	160000	34.240829	0.0	17393609	238	160.0
1606494198.16	160000	33.834588	0.0	24759401	1193	160.0
1606494199.17	160000	33.826268	0.0	25782433	786	160.0
1606494199.67	160000	34.327952	0.0	25885372	264	160.0
1606494200.15	160000	34.844315	0.0	26242011	262	160.0
1606494200.59	160000	35.402372	0.0	23865378	217	160.0
1606494201.05	160000	35.950321	0.0	25470681	232	160.0
1606494201.54	160000	36.456752	0.0	27258768	249	160.0
1606494201.88	160000	37.11659	0.0	17853711	162	160.0
1606494202.2	160000	37.801443	0.0	14829893	159	160.0
1606494202.73	160000	38.26673	0.0	27779697	301	160.0
1606494203.28	160000	38.717414	0.0	27714923	320	160.0
1606494203.82	160000	39.178378	0.0	25946474	319	160.0
1606494204.25	160000	39.75833	0.0	19596259	238	160.0
1606494204.74	160000	40.266116	0.0	23774167	288	160.0
1606494205.17	160000	40.836582	0.0	19373656	248	160.0
1606494205.72	160000	41.287339	0.0	23977420	350	160.0
1606494206.43	160000	41.576892	0.0	24493733	508	160.0
1606494207.0	160000	42.0081	0.0	14528511	411	160.0
1606494207.5	160000	42.509788	0.0	16841176	323	160.0
1606494207.99	160000	43.017155	0.0	16743604	321	160.0
1606494209.85	160000	42.164309	0.0	17975224	1676	160.0
1606494211.56	160000	41.457365	0.0	22329548	1508	160.0
1606494212.74	160000	41.271225	0.0	16001583	1023	160.0
1606494214.32	160000	40.697035	0.0	18238584	1392	160.0
1606494215.3	160000	40.715553	0.0	21308824	782	160.0
1606494215.65	160000	41.365084	0.0	17749058	172	160.0
1606494215.94	160000	42.073048	0.0	14127787	140	160.0
1606494216.29	160000	42.729169	0.0	17525699	175	160.0
1606494216.59	160000	43.432162	0.0	14240042	141	160.0
1606494216.99	160000	44.028778	0.0	20324139	198	160.0
1606494217.64	160000	44.385829	0.0	21993033	449	160.0
1606494218.21	160000	44.811969	0.0	18863108	390	160.0
1606494218.78	160000	45.246805	0.0	15964734	394	160.0
1606494219.09	160000	45.929577	0.0	8284939	191	160.0
1606494220.08	160000	45.946101	0.0	9004706	854	160.0
1606494220.86	160000	46.164926	0.0	6955279	660	160.0
1606494221.37	160000	46.660209	0.0	10701639	372	160.0
1606494221.73	160000	47.29722	0.0	9459459	235	160.0
1606494221.91	160000	48.117721	0.0	3212828	80	160.0
1606494222.06	160000	48.965694	0.0	2509989	62	160.0
1606494222.2	160000	49.831104	0.0	2004927	65	160.0
1606494222.27	160000	50.760496	0.0	591360	19	160.0
1606494222.4	160000	52.069632	0.0	2394426	77	160.0
1606494222.74	40000	1.000999	0.038	336477	8	-6.079999999999998
1606494223.37	160000	1.721403	0.0	14912671	416	40.0
1606494224.2	160000	1.896083	0.0	24265636	539	160.0
1606494225.07	160000	2.084364	0.0	22711544	673	160.0
1606494226.73	160000	1.529224	0.0	19639705	1465	160.0
1606494228.52	160000	1.272676	0.486	20946809	1606	82.24
1606494229.52	160000	1.273706	0.0	11895609	855	160.0
1606494230.17	160000	1.62069	0.0	7597636	528	160.0
1606494234.53	160000	1.262534	2.992	56067905	3849	-318.72
1606494234.82	60000	1.972136	0.0	9877442	147	-40.0
1606494235.13	60000	2.663192	0.0	10988410	167	60.0
1606494235.58	60000	3.206221	0.0	15230785	296	60.0
1606494236.32	110000	3.470578	0.0	25684661	497	60.0
1606494238.6	160000	2.193822	0.0	19559369	2087	110.0
1606494239.75	110000	2.048006	0.0	12783186	992	60.0
1606494241.67	160000	1.261275	0.135	22578365	1731	88.4
1606494241.98	160000	1.949805	0.0	8346702	184	160.0
1606494242.45	160000	2.486078	0.0	15775481	293	160.0
1606494242.72	160000	3.212285	0.0	9163235	144	160.0
1606494243.14	60000	3.793487	0.0	15945082	250	-40.0
1606494243.46	60000	4.472116	0.0	11785554	176	60.0
1606494243.79	80000	5.150038	0.0	11453319	175	60.0
1606494244.13	80000	5.801616	0.0	13274781	201	80.0
1606494244.49	80000	6.442821	0.0	14862949	202	80.0
1606494244.78	80000	7.162688	0.0	10513690	142	80.0
1606494245.07	110000	7.865085	0.0	11073078	151	80.0
1606494245.97	110000	7.971974	0.0	44076779	587	110.0
1606494246.27	20000	8.672404	0.0	11684632	151	-70.0
