1606468896.61	40000	1.000999	0.033	334476	22	-5.280000000000001
1606468897.78	40000	1.435522	0.249	14648397	1039	0.1599999999999966
1606468899.95	60000	1.327834	1.032	20421673	2017	-125.12
1606468901.04	60000	1.416578	0.15	13063186	1006	36.0
1606468901.79	60000	1.689629	0.0	8954217	689	60.0
1606468902.72	80000	1.776078	0.0	11497228	854	60.0
1606468903.26	80000	2.235911	0.0	6232523	488	80.0
1606468903.65	80000	2.848248	0.0	5425476	352	80.0
1606468909.36	80000	1.324144	3.185	29583867	5496	-429.6
1606468910.31	110000	1.433715	0.066	28884539	777	69.44
1606468911.22	110000	1.532291	0.0	26873304	751	110.0
1606468912.42	110000	1.410419	0.072	33588177	1006	98.48
1606468913.32	110000	1.505866	0.0	25684661	754	110.0
1606468913.69	110000	2.132164	0.0	10838546	300	110.0
1606468914.4	160000	2.430509	0.0	22224402	569	110.0
1606468916.19	160000	1.630371	0.0	22578365	1656	160.0
1606468916.98	160000	1.842868	0.0	8346702	734	160.0
1606468918.24	160000	1.584358	0.0	15775481	1160	160.0
1606468918.71	160000	2.113947	0.0	9163235	416	160.0
1606468920.04	160000	1.790249	0.0	41307095	1052	160.0
1606468926.39	160000	1.408782	4.966	28763893	6203	-634.56
1606468928.16	160000	1.381058	0.736	21266416	1644	42.239999999999995
1606468929.16	160000	1.433387	0.05	23702229	868	152.0
1606468930.01	160000	1.574287	0.0	27580394	700	160.0
1606468930.71	160000	1.890316	0.0	20329780	554	160.0
1606468931.16	160000	2.42588	0.0	16109183	361	160.0
1606468933.11	160000	1.480684	0.0	58830800	1484	160.0
1606468936.93	160000	1.42044	2.756	66935122	3497	-280.96
1606468937.2	160000	2.154389	0.0	15251076	177	160.0
1606468937.49	160000	2.858401	0.0	16574034	190	160.0
1606468937.72	160000	3.630662	0.0	13009028	150	160.0
1606468937.98	160000	4.377149	0.0	12791674	178	160.0
1606468938.2	160000	5.153102	0.0	11137898	154	160.0
1606468938.43	160000	5.925113	0.0	11485310	160	160.0
1606468938.67	160000	6.680739	0.0	12428518	173	160.0
1606468938.95	160000	7.409579	0.0	9963766	211	160.0
1606468939.28	160000	8.079004	0.0	12189364	258	160.0
1606468939.56	160000	8.802511	0.0	10142396	216	160.0
1606468939.89	160000	9.466174	0.0	10185488	276	160.0
1606468940.48	160000	9.880226	0.0	14061455	504	160.0
1606468941.37	160000	9.995468	0.0	20074099	764	160.0
1606468943.36	160000	9.005655	0.0	46115254	1733	160.0
1606468945.2	160000	8.166443	0.0	40906522	1602	160.0
1606468945.34	160000	9.025612	0.0	7891151	81	160.0
1606468945.68	160000	9.688056	0.0	21012466	220	160.0
1606468946.08	160000	10.290239	0.0	23519424	272	160.0
1606468946.41	160000	10.960238	0.0	18715420	214	160.0
1606468946.71	160000	11.659634	0.0	17000816	201	160.0
1606468946.95	160000	12.420446	0.0	14448126	147	160.0
1606468947.07	160000	13.302251	0.0	6958676	70	160.0
1606468947.22	160000	14.15599	0.0	9088791	91	160.0
1606468947.33	160000	15.038729	0.0	7211881	72	160.0
1606468947.39	160000	15.982976	0.0	3063586	31	160.0
1606468947.44	160000	16.931513	0.0	2782179	28	160.0
1606468947.6	160000	17.774426	0.0	9958410	100	160.0
1606468947.79	160000	18.581991	0.0	12158708	123	160.0
1606468947.99	160000	19.385286	0.0	12300216	125	160.0
1606468948.24	160000	20.135447	0.0	15815684	161	160.0
1606468948.45	160000	20.924375	0.0	13526256	137	160.0
1606468948.64	160000	21.735717	0.0	11995130	122	160.0
1606468948.86	160000	22.51761	0.0	13394791	143	160.0
1606468949.11	160000	23.270368	0.0	14135828	166	160.0
1606468949.38	160000	24.005635	0.0	15366126	181	160.0
1606468949.63	160000	24.758586	0.0	14248439	168	160.0
1606468949.87	160000	25.515269	0.0	13843717	157	160.0
1606468950.12	160000	26.266702	0.0	14665119	160	160.0
1606468950.47	160000	26.921204	0.0	21079187	228	160.0
1606468950.88	160000	27.506106	0.0	25480074	276	160.0
1606468951.25	160000	28.139271	0.0	23021754	227	160.0
1606468951.68	160000	28.712141	0.0	27527834	270	160.0
1606468952.1	160000	29.291537	0.0	26155848	261	160.0
1606468952.39	160000	30.004681	0.0	17849379	181	160.0
1606468952.65	160000	30.740458	0.0	16546531	166	160.0
1606468952.98	160000	31.417441	0.0	17718949	210	160.0
1606468953.33	160000	32.068081	0.0	17337137	247	160.0
1606468953.72	160000	32.671651	0.0	20008245	285	160.0
1606468959.11	160000	28.2913	0.0	58430914	5075	160.0
1606468960.47	160000	27.926377	0.0	16292703	1266	160.0
1606468961.26	160000	28.141982	0.0	25587422	647	160.0
1606468961.74	160000	28.661955	0.0	23982306	353	160.0
1606468962.0	160000	29.404894	0.0	13347845	175	160.0
1606468962.25	160000	30.14832	0.0	14337991	175	160.0
1606468962.51	160000	30.89122	0.0	14584990	178	160.0
1606468962.76	160000	31.643682	0.0	13962401	170	160.0
1606468963.02	160000	32.386466	0.0	14393788	175	160.0
1606468963.27	160000	33.131182	0.0	14649457	176	160.0
1606468963.51	160000	33.89513	0.0	13409715	163	160.0
1606468963.76	160000	34.651948	0.0	13909605	170	160.0
1606468964.04	160000	35.372684	0.0	13301968	207	160.0
1606468964.48	160000	35.926596	0.0	19025846	335	160.0
1606468964.93	160000	36.483743	0.0	19295426	338	160.0
1606468965.75	160000	36.660424	0.0	18261873	723	160.0
1606468969.44	160000	33.977486	0.0	19847604	3560	160.0
1606468971.43	160000	32.981051	0.0	18767181	1882	160.0
1606468986.82	160000	18.599313	0.0	22420858	15250	160.0
1606468989.03	160000	17.385425	0.0	19324333	2095	160.0
1606468991.01	160000	16.406333	0.0	20392234	1858	160.0
1606468991.6	160000	16.814777	0.0	7671072	538	160.0
1606468992.92	160000	16.50014	0.0	17781906	1214	160.0
1606468993.99	160000	16.426684	0.0	12839336	998	160.0
1606468994.9	160000	16.520669	0.0	10779770	841	160.0
1606468996.17	160000	16.248248	0.0	14606687	1192	160.0
1606468998.37	160000	15.056778	0.0	41866951	1948	160.0
1606468999.41	160000	15.011477	0.0	37238410	828	160.0
1606468999.79	160000	15.645333	0.0	14347759	285	160.0
1606469000.08	160000	16.341475	0.0	11399187	226	160.0
1606469000.35	160000	17.081983	0.0	10358641	194	160.0
1606469000.7	160000	17.732682	0.0	14315696	268	160.0
1606469001.26	160000	18.171945	0.0	23283631	432	160.0
1606469002.16	160000	18.268744	0.0	37521367	686	160.0
1606469003.02	160000	18.409485	0.0	22241104	727	160.0
1606469003.62	160000	18.809674	0.0	15813346	504	160.0
1606469004.23	160000	19.20526	0.0	17116450	505	160.0
1606469004.72	160000	19.714819	0.0	18867054	381	160.0
1606469005.16	160000	20.272858	0.0	17393609	345	160.0
1606469005.69	160000	20.75042	0.0	24759401	385	160.0
1606469006.23	160000	21.211013	0.0	25782433	402	160.0
1606469006.86	160000	21.575997	0.0	25885372	481	160.0
1606469007.36	160000	22.078744	0.0	26242011	352	160.0
1606469007.73	160000	22.708792	0.0	23865378	222	160.0
1606469008.11	160000	23.329348	0.0	25470681	238	160.0
1606469008.51	160000	23.92756	0.0	27258768	231	160.0
1606469008.77	160000	24.670674	0.0	17853711	152	160.0
1606469008.98	160000	25.46401	0.0	14829893	126	160.0
1606469009.37	160000	26.079904	0.0	27779697	226	160.0
1606469009.74	160000	26.703931	0.0	27714923	221	160.0
1606469010.1	160000	27.344896	0.0	25946474	202	160.0
1606469010.34	160000	28.107303	0.0	19596259	125	160.0
1606469010.63	160000	28.827111	0.0	23774167	152	160.0
1606469010.86	160000	29.590561	0.0	19373656	122	160.0
1606469011.14	160000	30.309275	0.0	23977420	154	160.0
1606469011.45	160000	31.004852	0.0	24493733	175	160.0
1606469011.63	160000	31.820407	0.0	14528511	105	160.0
1606469011.85	160000	32.606285	0.0	16841176	121	160.0
1606469012.08	160000	33.378456	0.0	16743604	134	160.0
1606469012.29	160000	34.162427	0.0	17975224	113	160.0
1606469012.56	160000	34.901744	0.0	22329548	134	160.0
1606469012.75	160000	35.711653	0.0	16001583	96	160.0
1606469012.96	160000	36.497398	0.0	18238584	110	160.0
1606469013.22	160000	37.236697	0.0	21308824	133	160.0
1606469013.51	160000	37.951171	0.0	17749058	180	160.0
1606469013.73	160000	38.729323	0.0	14127787	143	160.0
1606469014.01	160000	39.454393	0.0	17525699	178	160.0
1606469014.31	160000	40.151938	0.0	14240042	225	160.0
1606469015.14	160000	40.325885	0.0	20324139	708	160.0
1606469017.28	160000	39.187771	0.0	21993033	2011	160.0
1606469020.1	160000	37.365648	0.0	18863108	2704	160.0
1606469021.87	160000	36.602486	0.0	15964734	1667	160.0
1606469022.52	160000	36.951439	0.0	8284939	601	160.0
1606469023.23	160000	37.237826	0.0	9004706	659	160.0
1606469024.01	160000	37.458928	0.0	6955279	735	160.0
1606469024.75	160000	37.726814	0.0	10701639	670	160.0
1606469025.35	160000	38.123034	0.0	9459459	544	160.0
1606469025.61	160000	38.859879	0.0	3212828	234	160.0
1606469025.83	160000	39.647195	0.0	2509989	179	160.0
1606469026.0	160000	40.48044	0.0	2004927	146	160.0
1606469026.05	160000	41.423176	0.0	591360	42	160.0
1606469026.22	160000	42.687169	0.0	2394426	147	160.0
1606469026.47	40000	1.000999	0.027	337339	3	-4.32
1606469026.76	40000	2.001999	0.0	14648397	138	40.0
1606469027.13	60000	2.690723	0.0	20421673	191	40.0
1606469027.33	60000	3.490586	0.0	13063186	124	60.0
1606469027.47	60000	4.34564	0.0	8954217	86	60.0
1606469027.66	80000	5.161308	0.0	11497228	110	60.0
1606469027.77	80000	6.061282	0.0	6232523	60	80.0
1606469027.85	80000	6.96855	0.0	5425476	50	80.0
1606469028.39	80000	7.464531	0.0	29583867	288	80.0
1606469029.24	110000	7.683151	0.0	28884539	677	80.0
1606469030.03	110000	7.937397	0.0	26873304	629	110.0
1606469032.7	110000	6.28751	0.0	33588177	2476	110.0
1606469034.69	110000	5.298692	0.0	25684661	1846	110.0
1606469035.38	110000	5.60706	0.0	10838546	625	110.0
1606469035.96	160000	6.032361	0.0	22224402	437	110.0
1606469036.54	160000	6.45416	0.0	22578365	444	160.0
1606469036.75	160000	7.244949	0.0	8346702	157	160.0
1606469037.15	160000	7.847678	0.0	15775481	292	160.0
1606469037.38	160000	8.617746	0.0	9163235	171	160.0
1606469038.44	160000	8.556714	0.0	41307095	766	160.0
1606469039.09	160000	8.906702	0.0	28763893	484	160.0
1606469039.62	160000	9.384353	0.0	21266416	388	160.0
1606469040.22	160000	9.778278	0.0	23702229	462	160.0
1606469040.95	160000	10.048933	0.0	27580394	565	160.0
1606469041.51	160000	10.494191	0.0	20329780	425	160.0
1606469041.97	160000	11.037256	0.0	16109183	360	160.0
1606469043.68	160000	10.328976	0.0	58830800	1246	160.0
1606469045.2	160000	9.804506	0.0	66935122	1149	160.0
1606469045.52	160000	10.488799	0.0	15251076	230	160.0
1606469045.85	160000	11.155791	0.0	16574034	236	160.0
1606469046.11	160000	11.896171	0.0	13009028	185	160.0
1606469046.37	160000	12.639529	0.0	12791674	183	160.0
1606469046.56	160000	13.450548	0.0	11137898	109	160.0
1606469046.75	160000	14.265076	0.0	11485310	117	160.0
1606469046.95	160000	15.064281	0.0	12428518	127	160.0
1606469047.11	160000	15.902544	0.0	9963766	102	160.0
1606469047.31	160000	16.707098	0.0	12189364	124	160.0
1606469047.46	160000	17.55238	0.0	10142396	93	160.0
1606469047.62	160000	18.398824	0.0	10185488	92	160.0
1606469047.84	160000	19.177411	0.0	14061455	141	160.0
1606469048.15	160000	19.866057	0.0	20074099	197	160.0
1606469048.78	160000	20.241173	0.0	46115254	374	160.0
1606469049.32	160000	20.695606	0.0	40906522	302	160.0
1606469049.44	160000	21.582025	0.0	7891151	57	160.0
1606469049.7	160000	22.318281	0.0	21012466	144	160.0
1606469050.0	160000	23.025876	0.0	23519424	161	160.0
1606469050.24	160000	23.786429	0.0	18715420	128	160.0
1606469050.46	160000	24.568522	0.0	17000816	117	160.0
1606469050.64	160000	25.387084	0.0	14448126	98	160.0
1606469050.73	160000	26.297923	0.0	6958676	47	160.0
1606469050.85	160000	27.180172	0.0	9088791	61	160.0
1606469050.95	160000	28.085732	0.0	7211881	48	160.0
1606469051.0	160000	29.034854	0.0	3063586	21	160.0
1606469051.05	160000	29.984068	0.0	2782179	19	160.0
1606469051.18	160000	30.855925	0.0	9958410	65	160.0
1606469051.33	160000	31.705772	0.0	12158708	81	160.0
1606469051.52	160000	32.516738	0.0	12300216	117	160.0
1606469051.78	160000	33.259974	0.0	15815684	164	160.0
1606469052.0	160000	34.03393	0.0	13526256	147	160.0
1606469052.2	160000	34.840303	0.0	11995130	124	160.0
1606469052.41	160000	35.626368	0.0	13394791	139	160.0
1606469054.28	160000	34.760872	0.0	14135828	1781	160.0
