1606461526.31	40000	1.000999	0.342	334476	330	-54.72
1606461527.57	20000	1.480421	0.386	11007815	1100	-61.76
1606461528.34	20000	1.708851	0.0	8849724	647	20.0
1606461528.68	20000	2.393954	0.0	3191121	238	20.0
1606461529.16	40000	2.942599	0.0	4726840	355	20.0
1606461531.17	160000	1.928931	0.0	20946809	1763	40.0
1606461531.79	80000	2.316282	0.0	6232523	496	0.0
1606461532.3	80000	2.80804	0.0	5425476	393	80.0
1606461532.69	20000	3.413119	0.0	4047415	296	-40.0
1606461533.02	20000	4.088148	0.0	2863079	233	20.0
1606461533.45	20000	4.653245	0.0	4167844	341	20.0
1606461533.99	20000	5.119746	0.0	5571764	427	20.0
1606461536.11	110000	4.00215	0.0	25684661	1867	20.0
1606461537.6	160000	3.510249	0.0	19559369	1307	110.0
1606461539.3	160000	2.813007	0.0	22224402	1501	160.0
1606461541.45	160000	1.660925	0.0	22578365	1948	160.0
1606461542.27	160000	1.837995	0.0	8346702	703	160.0
1606461543.79	160000	1.363772	0.037	15775481	1353	154.08
1606461546.42	160000	1.290774	1.564	9163235	2521	-90.24000000000001
1606461547.81	60000	1.355814	0.447	15945082	1224	-111.52
1606461548.79	60000	1.378167	0.0	11785554	833	60.0
1606461553.54	60000	1.292267	3.667	9003718	4628	-526.72
1606461559.7	60000	1.473923	5.335	10489883	6025	-793.6
1606461561.1	20000	1.309559	0.239	4284196	1305	-58.24
1606461561.39	20000	2.015417	0.0	3022025	202	20.0
1606461561.63	20000	2.777668	0.0	2248581	150	20.0
1606461562.43	20000	2.977256	0.0	9946363	674	20.0
1606461563.38	20000	3.035098	0.0	11684632	809	20.0
1606461563.59	20000	3.819718	0.0	1849732	129	20.0
1606461563.82	20000	4.597479	0.0	1942795	135	20.0
1606461564.04	20000	5.3776	0.0	1704756	120	20.0
1606461564.24	20000	6.175134	0.0	1697111	120	20.0
1606461564.43	20000	6.98524	0.0	1529441	107	20.0
1606461564.63	20000	7.792527	0.0	1568649	111	20.0
1606461564.83	20000	8.588939	0.0	1677618	118	20.0
1606461565.01	20000	9.406616	0.0	1415096	101	20.0
1606461565.23	20000	10.186962	0.0	1894067	136	20.0
1606461565.4	20000	11.021699	0.0	1186604	85	20.0
1606461565.56	20000	11.865917	0.0	1068386	75	20.0
1606461565.76	20000	12.661937	0.0	1700843	122	20.0
1606461566.09	20000	13.336966	0.0	2536859	236	20.0
1606461566.66	20000	13.769552	0.0	4742872	470	20.0
1606461567.16	20000	14.262812	0.0	4955535	407	20.0
1606461567.34	20000	15.088499	0.0	1260540	93	20.0
1606461567.7	20000	15.727466	0.0	3605246	268	20.0
1606461567.99	20000	16.442194	0.0	2770338	196	20.0
1606461569.54	160000	15.894299	0.0	18715420	1375	20.0
1606461572.86	160000	13.571003	0.0	17000816	3149	160.0
1606461575.35	160000	12.087491	0.0	14448126	2333	160.0
1606461576.69	160000	11.744913	0.0	6958676	1231	160.0
1606461579.08	160000	10.359279	0.0	9088791	2263	160.0
1606461581.03	160000	9.404257	0.0	7211881	1828	160.0
1606461581.37	160000	10.063149	0.0	3063586	238	160.0
1606461581.68	160000	10.757056	0.0	2782179	216	160.0
1606461582.62	160000	10.819598	0.0	9958410	810	160.0
1606461583.76	160000	10.681127	0.0	12158708	998	160.0
1606461589.21	160000	6.232572	0.0	12300216	5306	160.0
1606461596.47	160000	1.325764	1.363	15815684	7116	-58.08000000000001
1606461597.06	20000	1.740845	0.0	1253406	491	-120.0
1606461597.49	20000	2.307716	0.0	887933	344	20.0
1606461598.03	20000	2.772826	0.0	1153403	452	20.0
1606461598.46	20000	3.346899	0.0	1249023	343	20.0
1606461598.93	20000	3.872053	0.0	1423973	392	20.0
1606461599.19	20000	4.612215	0.0	1060162	178	20.0
1606461599.43	20000	5.379482	0.0	1080597	151	20.0
1606461599.67	20000	6.135529	0.0	1156442	161	20.0
1606461600.07	20000	6.735086	0.0	2222640	313	20.0
1606461600.56	20000	7.24831	0.0	2587311	398	20.0
1606461600.98	20000	7.826801	0.0	2178351	335	20.0
1606461601.92	20000	7.895365	0.0	3121089	842	20.0
1606461602.31	20000	8.505582	0.0	2857420	297	20.0
1606461602.53	20000	9.285651	0.0	1702477	137	20.0
1606461602.73	20000	10.080472	0.0	1531670	123	20.0
1606461602.97	20000	10.847349	0.0	1863424	150	20.0
1606461603.2	20000	11.616743	0.0	1987392	144	20.0
1606461603.46	20000	12.35766	0.0	2505586	171	20.0
1606461604.29	20000	12.52695	0.0	9620218	709	20.0
1606461604.89	40000	12.929697	0.0	4623087	494	20.0
1606461606.85	80000	11.970636	0.0	12877164	1815	40.0
1606461608.21	80000	11.609671	0.0	11975956	1226	80.0
1606461609.49	160000	11.332818	0.0	13347845	1132	80.0
1606461611.35	160000	10.47436	0.0	14337991	1714	160.0
1606461613.23	160000	9.597571	0.0	14584990	1733	160.0
1606461614.47	160000	9.357873	0.0	13962401	1097	160.0
1606461615.78	160000	9.041638	0.0	14393788	1171	160.0
1606461617.24	160000	8.587175	0.0	14649457	1310	160.0
1606461618.3	160000	8.530641	0.0	13409715	915	160.0
1606461619.47	160000	8.355072	0.0	13909605	1031	160.0
1606461620.62	160000	8.212298	0.0	13301968	998	160.0
1606461622.31	160000	7.517599	0.0	19025846	1513	160.0
1606461623.97	160000	6.858526	0.0	19295426	1481	160.0
1606461626.03	160000	5.804925	0.0	18261873	1880	160.0
1606461632.72	160000	1.466598	1.358	19847604	6520	-57.28
1606461633.37	40000	1.819297	0.0	4037231	545	-80.0
1606461633.77	20000	2.414524	0.0	2235830	315	0.0
1606461634.17	20000	3.016659	0.0	2202171	310	20.0
1606461634.53	20000	3.656813	0.0	2242042	272	20.0
1606461634.74	20000	4.446931	0.0	1081763	129	20.0
1606461635.12	20000	5.068966	0.0	2409013	290	20.0
1606461635.36	20000	5.834389	0.0	1615028	151	20.0
1606461635.54	20000	6.648547	0.0	1413467	103	20.0
1606461635.75	20000	7.446252	0.0	1632450	119	20.0
1606461636.27	20000	7.92696	0.0	5664827	414	20.0
1606461636.69	20000	8.502803	0.0	4578115	324	20.0
1606461637.04	40000	9.153175	0.0	3552565	250	20.0
1606461637.38	60000	9.819107	0.0	3327042	236	40.0
1606461637.77	80000	10.43029	0.0	3942750	288	60.0
1606461638.36	80000	10.840079	0.0	6587403	478	80.0
1606461639.38	80000	10.823487	0.0	12556616	879	80.0
1606461643.63	80000	7.573716	0.0	21334076	4053	80.0
1606461648.24	160000	3.965436	0.0	22241104	4402	80.0
1606461648.86	60000	4.344249	0.0	6370300	505	-40.0
1606461649.3	40000	4.901421	0.0	4682869	340	20.0
1606461649.68	40000	5.528684	0.0	3815757	274	40.0
1606461650.01	40000	6.193325	0.0	3334508	239	40.0
1606461650.54	40000	6.670788	0.0	5889797	416	40.0
1606461651.09	40000	7.118376	0.0	6433588	440	40.0
1606461651.59	40000	7.624413	0.0	5638739	388	40.0
1606461652.12	40000	8.089262	0.0	6062060	421	40.0
1606461652.42	20000	8.79462	0.0	2928342	202	0.0
1606461652.73	20000	9.488576	0.0	3059979	214	20.0
1606461653.06	20000	10.150674	0.0	3367422	242	20.0
1606461653.29	20000	10.927963	0.0	1950694	136	20.0
1606461653.48	20000	11.738007	0.0	1541020	106	20.0
1606461653.77	20000	12.444767	0.0	2926720	204	20.0
1606461654.07	20000	13.14538	0.0	2991202	209	20.0
1606461658.62	160000	9.597469	0.0	25946474	4327	20.0
1606461660.38	160000	8.837965	0.0	19596259	1581	160.0
1606461662.12	160000	8.100182	0.0	23774167	1532	160.0
1606461662.34	20000	8.879747	0.0	2185316	130	-120.0
1606461662.78	20000	9.438282	0.0	3370605	347	20.0
1606461663.26	20000	9.959595	0.0	3492243	387	20.0
1606461664.19	80000	10.038561	0.0	6800911	811	20.0
1606461668.87	160000	6.355096	0.0	16841176	4503	80.0
1606461678.1	160000	1.360398	3.242	16743604	9065	-358.72
1606461678.33	20000	2.138125	0.0	1945842	132	-120.0
1606461678.61	20000	2.857306	0.0	2538877	192	20.0
1606461678.94	20000	3.525484	0.0	2298557	244	20.0
1606461679.33	20000	4.133612	0.0	2831497	302	20.0
1606461680.28	20000	4.187521	0.0	3200905	852	20.0
1606461680.72	20000	4.751715	0.0	2180586	349	20.0
1606461680.94	20000	5.531391	0.0	1500505	138	20.0
1606461681.2	20000	6.267109	0.0	1939246	179	20.0
1606461681.44	20000	7.035236	0.0	1599193	147	20.0
1606461681.72	20000	7.749731	0.0	2364826	196	20.0
1606461682.02	20000	8.456479	0.0	2517454	202	20.0
1606461682.26	20000	9.218222	0.0	1883143	152	20.0
1606461682.48	20000	9.992949	0.0	1726706	138	20.0
1606461682.63	20000	10.846064	0.0	707364	66	20.0
1606461682.79	20000	11.688753	0.0	796460	76	20.0
1606461682.92	20000	12.552864	0.0	596962	56	20.0
1606461683.1	20000	13.37722	0.0	947625	90	20.0
1606461683.26	20000	14.219165	0.0	832859	79	20.0
1606461683.35	20000	15.129239	0.0	151562	13	20.0
1606461683.43	20000	16.047989	0.0	90390	7	20.0
1606461683.49	20000	16.987645	0.0	50278	3	20.0
1606461683.54	20000	17.94096	0.0	26471	0	20.0
1606461683.58	20000	19.338351	0.0	56059	3	20.0
1606461683.93	40000	1.000999	0.037	336477	26	-5.920000000000002
1606461685.02	20000	1.312212	0.127	11007815	926	-20.32
1606461686.07	20000	1.31057	0.024	8849724	923	16.16
1606461686.49	20000	1.909284	0.0	3191121	327	20.0
1606461687.09	20000	2.308278	0.0	1661718	512	20.0
1606461696.9	160000	1.396943	7.888	20946809	9558	-1242.08
1606461697.14	20000	2.15469	0.0	698359	158	-120.0
1606461697.38	20000	2.908552	0.0	730082	165	20.0
1606461699.06	20000	2.234373	0.0	4047415	1576	20.0
1606461700.7	20000	1.59135	0.0	2863079	1552	20.0
1606461702.62	20000	1.362352	0.683	4167844	1817	-89.28
1606461706.39	20000	1.295868	2.705	5571764	3669	-412.8
1606461709.92	20000	1.261504	2.497	4925652	3428	-379.52
1606461710.81	20000	1.378617	0.0	2030157	790	20.0
1606461711.11	20000	2.078471	0.0	2240782	213	20.0
1606461711.41	20000	2.781654	0.0	2211169	211	20.0
1606461711.52	20000	3.668511	0.0	382046	34	20.0
1606461711.71	20000	4.480988	0.0	1113969	104	20.0
1606461711.88	20000	5.315272	0.0	820127	84	20.0
1606461712.65	20000	5.545054	0.0	6357933	663	20.0
1606461713.13	20000	6.066565	0.0	4814284	378	20.0
1606461713.49	20000	6.707019	0.0	3419258	265	20.0
1606461713.89	20000	7.309819	0.0	3944328	301	20.0
1606461714.31	20000	7.890239	0.0	4284196	322	20.0
1606461714.62	20000	8.573477	0.0	3022025	226	20.0
1606461714.91	20000	9.289136	0.0	2248581	198	20.0
1606461715.95	20000	9.249139	0.0	9946363	912	20.0
