1606480180.72	40000	1.000999	0.113	334476	102	-18.08
1606480182.91	20000	1.46798	1.297	11007815	2034	-207.52
1606480184.16	20000	1.350894	0.104	8849724	1127	3.3599999999999994
1606480185.47	20000	1.260147	0.197	3191121	1219	-11.52
1606480186.46	60000	1.289033	0.0	8954217	856	20.0
1606480186.73	40000	2.018898	0.0	3421740	169	20.0
1606480186.85	20000	2.91871	0.0	698359	34	0.0
1606480186.97	20000	3.798958	0.0	730082	37	20.0
1606480187.27	20000	4.50019	0.0	4047415	200	20.0
1606480187.52	20000	5.257584	0.0	2863079	150	20.0
1606480187.86	20000	5.918114	0.0	4167844	234	20.0
1606480188.28	20000	6.498835	0.0	5571764	312	20.0
1606480190.05	20000	5.732623	0.0	4925652	1664	20.0
1606480191.39	110000	5.386699	0.0	10838546	1206	20.0
1606480191.83	40000	5.95398	0.0	4447520	325	-30.0
1606480192.28	40000	6.512256	0.0	4548277	332	40.0
1606480192.44	40000	7.34117	0.0	1103419	78	40.0
1606480192.72	40000	8.062122	0.0	2715414	186	40.0
1606480193.49	160000	8.298339	0.0	9163235	632	40.0
1606480197.05	160000	5.737528	0.0	41307095	3058	160.0
1606480198.67	110000	5.116561	0.0	19285617	1428	60.0
1606480202.65	160000	2.136816	0.0	21266416	3783	110.0
1606480204.29	110000	1.503051	0.0	17002609	1461	60.0
1606480205.46	110000	1.481301	0.142	19316039	1000	87.28
1606480205.71	20000	2.22249	0.0	3022025	152	-70.0
1606480205.91	20000	3.020418	0.0	2248581	114	20.0
1606480206.55	20000	3.388291	0.0	9946363	503	20.0
1606480207.29	20000	3.647477	0.0	11684632	604	20.0
1606480207.47	20000	4.462896	0.0	1849732	94	20.0
1606480207.65	20000	5.28909	0.0	1942795	86	20.0
1606480207.81	20000	6.126138	0.0	1704756	76	20.0
1606480208.13	60000	6.806153	0.0	4764193	215	20.0
1606480208.49	80000	7.448341	0.0	5578363	249	60.0
1606480208.78	80000	8.165842	0.0	5739662	180	80.0
1606480209.3	160000	8.641965	0.0	12428518	382	80.0
1606480209.71	160000	9.232274	0.0	9963766	282	160.0
1606480210.15	160000	9.795458	0.0	12189364	302	160.0
1606480210.54	160000	10.409612	0.0	10142396	252	160.0
1606480211.07	160000	10.874987	0.0	10185488	407	160.0
1606480213.9	160000	9.051558	0.0	14061455	2680	160.0
1606480219.32	160000	4.624284	0.0	20074099	5239	160.0
1606480219.86	20000	5.094143	0.0	4742872	415	-120.0
1606480220.59	20000	5.358223	0.0	4955535	632	20.0
1606480220.79	20000	6.164261	0.0	1260540	110	20.0
1606480221.2	20000	6.748269	0.0	3605246	319	20.0
1606480221.54	20000	7.412759	0.0	2770338	246	20.0
1606480221.74	20000	8.219514	0.0	1855168	107	20.0
1606480221.92	20000	9.041545	0.0	1666915	92	20.0
1606480222.09	20000	9.862337	0.0	1555467	87	20.0
1606480222.23	20000	10.724491	0.0	1008919	56	20.0
1606480222.39	20000	11.57089	0.0	1227619	69	20.0
1606480222.53	20000	12.431778	0.0	1015853	56	20.0
1606480222.63	20000	13.331377	0.0	384076	20	20.0
1606480222.72	20000	14.245496	0.0	295687	7	20.0
1606480222.83	20000	15.129569	0.0	1328674	32	20.0
1606480222.96	20000	16.007447	0.0	1492829	37	20.0
1606480223.08	20000	16.884906	0.0	1484812	36	20.0
1606480223.21	20000	17.751952	0.0	1868314	46	20.0
1606480223.33	20000	18.637305	0.0	1253406	31	20.0
1606480223.43	20000	19.534621	0.0	887933	21	20.0
1606480223.54	20000	20.425815	0.0	1153403	29	20.0
1606480223.65	20000	21.315733	0.0	1249023	27	20.0
1606480223.97	110000	22.000243	0.0	10221665	184	20.0
1606480224.25	110000	22.722286	0.0	8760683	152	110.0
1606480224.54	110000	23.433998	0.0	8711578	170	110.0
1606480224.83	110000	24.144745	0.0	9417807	167	110.0
1606480225.39	160000	24.585344	0.0	21079187	365	110.0
1606480226.34	160000	24.632631	0.0	25480074	741	160.0
1606480227.22	160000	24.759724	0.0	23021754	658	160.0
1606480227.96	160000	25.01787	0.0	27527834	512	160.0
1606480228.48	160000	25.501226	0.0	26155848	295	160.0
1606480228.86	160000	26.12331	0.0	17849379	208	160.0
1606480229.2	160000	26.784072	0.0	16546531	169	160.0
1606480229.55	160000	27.436257	0.0	17718949	180	160.0
1606480229.87	160000	28.109589	0.0	17337137	158	160.0
1606480230.23	160000	28.760578	0.0	20008245	172	160.0
1606480231.26	160000	28.726333	0.0	58430914	518	160.0
1606480231.59	160000	29.395601	0.0	16292703	157	160.0
1606480232.04	160000	29.948037	0.0	25587422	239	160.0
1606480232.46	160000	30.524498	0.0	23982306	224	160.0
1606480232.73	160000	31.255055	0.0	13347845	125	160.0
1606480233.01	160000	31.981941	0.0	14337991	128	160.0
1606480233.29	160000	32.703069	0.0	14584990	130	160.0
1606480233.56	160000	33.435934	0.0	13962401	125	160.0
1606480233.88	160000	34.117204	0.0	14393788	173	160.0
1606480234.25	160000	34.742457	0.0	14649457	230	160.0
1606480234.6	160000	35.394589	0.0	13409715	210	160.0
1606480235.57	160000	35.42383	0.0	13909605	827	160.0
1606480236.68	160000	35.318018	0.0	13301968	969	160.0
1606480237.14	160000	35.853387	0.0	19025846	286	160.0
1606480237.61	160000	36.385328	0.0	19295426	289	160.0
1606480238.05	160000	36.952064	0.0	18261873	264	160.0
1606480238.52	160000	37.485103	0.0	19847604	282	160.0
1606480238.98	160000	38.019174	0.0	18767181	295	160.0
1606480239.57	160000	38.436946	0.0	22420858	391	160.0
1606480240.02	160000	38.98465	0.0	19324333	277	160.0
1606480240.46	160000	39.541893	0.0	20392234	267	160.0
1606480240.68	160000	40.327173	0.0	7671072	95	160.0
1606480241.04	160000	40.963303	0.0	17781906	200	160.0
1606480241.33	160000	41.677228	0.0	12839336	144	160.0
1606480241.58	160000	42.42636	0.0	10779770	122	160.0
1606480241.88	160000	43.126709	0.0	14606687	157	160.0
1606480242.6	160000	43.406825	0.0	41866951	422	160.0
1606480243.25	160000	43.763663	0.0	37238410	362	160.0
1606480243.54	160000	44.477549	0.0	14347759	137	160.0
1606480243.78	160000	45.235069	0.0	11399187	109	160.0
1606480244.0	160000	46.010653	0.0	10358641	93	160.0
1606480244.28	160000	46.737644	0.0	14315696	129	160.0
1606480244.68	160000	47.33561	0.0	23283631	211	160.0
1606480245.27	160000	47.749447	0.0	37521367	311	160.0
1606480245.64	160000	48.382148	0.0	22241104	183	160.0
1606480246.01	160000	49.085461	0.0	15813346	139	160.0
1606480246.33	160000	49.68672	0.0	17116450	158	160.0
1606480246.68	160000	50.340184	0.0	18867054	176	160.0
1606480247.01	160000	51.018456	0.0	17393609	156	160.0
1606480247.43	160000	51.590358	0.0	24759401	222	160.0
1606480247.87	160000	52.155151	0.0	25782433	231	160.0
1606480248.33	160000	52.69795	0.0	25885372	223	160.0
1606480248.77	160000	53.261533	0.0	26242011	227	160.0
1606480249.17	160000	53.853532	0.0	23865378	195	160.0
1606480249.6	160000	54.430979	0.0	25470681	206	160.0
1606480250.05	160000	54.979959	0.0	27258768	223	160.0
1606480250.37	160000	55.663363	0.0	17853711	145	160.0
1606480250.64	160000	56.391276	0.0	14829893	124	160.0
1606480251.1	160000	56.93962	0.0	27779697	232	160.0
1606480251.56	160000	57.478019	0.0	27714923	233	160.0
1606480252.0	160000	58.038453	0.0	25946474	222	160.0
1606480252.36	160000	58.672218	0.0	19596259	185	160.0
1606480252.78	160000	59.253159	0.0	23774167	219	160.0
1606480253.13	160000	59.907094	0.0	19373656	153	160.0
1606480254.53	160000	59.73124	0.0	23977420	189	160.0
1606480255.39	160000	59.732244	0.0	24493733	158	160.0
1606480256.15	160000	59.983238	0.0	14528511	105	160.0
1606480257.49	160000	59.734225	0.0	16841176	179	160.0
1606480258.85	160000	59.197668	0.0	16743604	1184	160.0
1606480260.14	160000	58.903167	0.0	17975224	1123	160.0
1606480260.98	160000	59.069651	0.0	22329548	639	160.0
1606480261.29	160000	59.755357	0.0	16001583	145	160.0
1606480262.13	160000	59.989244	0.0	18238584	167	160.0
1606480263.56	160000	59.740241	0.0	21308824	239	160.0
1606480264.4	160000	59.741239	0.0	17749058	183	160.0
1606480265.22	160000	59.992236	0.0	14127787	176	160.0
1606480266.17	160000	59.993245	0.0	17525699	272	160.0
1606480267.15	160000	59.994241	0.0	14240042	334	160.0
1606480271.03	160000	57.018625	0.0	20324139	3694	160.0
1606480272.89	160000	56.159595	0.0	21993033	1672	160.0
1606480273.4	160000	56.652384	0.0	18863108	322	160.0
1606480273.84	160000	57.2196	0.0	15964734	272	160.0
1606480273.93	20000	58.123168	0.0	707364	12	-120.0
1606480274.02	20000	59.032354	0.0	796460	11	20.0
1606480274.12	20000	59.944493	0.0	596962	7	20.0
1606480275.72	20000	59.502234	0.0	947625	12	20.0
1606480276.49	160000	59.753251	0.0	9459459	142	20.0
1606480277.71	160000	59.504232	0.0	3212828	120	160.0
1606480278.5	160000	59.755257	0.0	2509989	204	160.0
1606480279.67	160000	59.506229	0.0	2004927	98	160.0
1606480280.74	160000	59.507239	0.0	591360	10	160.0
1606480281.82	160000	59.692009	0.0	2394426	38	160.0
1606480282.21	40000	1.000999	0.056	336477	4	-8.96
1606480282.65	160000	1.847588	0.0	14912671	207	40.0
1606480283.28	160000	2.220968	0.0	24265636	331	160.0
1606480283.8	160000	2.703275	0.0	22711544	316	160.0
1606480284.24	160000	3.324947	0.0	19639705	254	160.0
1606480284.68	160000	3.932745	0.0	20946809	244	160.0
1606480284.96	160000	4.654312	0.0	11895609	135	160.0
1606480285.16	160000	5.458221	0.0	7597636	82	160.0
1606480286.31	160000	5.366522	0.0	56067905	606	160.0
1606480287.16	160000	5.559064	0.0	45444680	529	160.0
1606480293.2	160000	1.272582	0.755	54798068	5707	39.2
1606480295.79	160000	1.258823	1.573	69464107	2117	-91.68
1606480295.98	20000	2.069969	0.0	4925652	75	-120.0
1606480296.1	20000	2.951131	0.0	2030157	29	20.0
1606480296.22	20000	3.831504	0.0	2240782	31	20.0
1606480296.34	20000	4.713256	0.0	2211169	30	20.0
1606480296.42	20000	5.62889	0.0	382046	4	20.0
1606480296.52	20000	6.530719	0.0	1113969	15	20.0
1606480296.62	20000	7.439276	0.0	820127	2	20.0
1606480297.08	80000	7.993948	0.0	20277060	275	20.0
1606480297.95	160000	8.125522	0.0	28763893	632	80.0
1606480299.55	160000	7.525202	0.0	21266416	1413	160.0
1606480301.57	160000	6.512355	0.0	23702229	1816	160.0
1606480303.05	160000	6.028192	0.0	27580394	1251	160.0
1606480303.5	160000	6.585371	0.0	20329780	263	160.0
1606480303.87	160000	7.215578	0.0	16109183	208	160.0
1606480304.95	160000	7.129156	0.0	58830800	693	160.0
1606480306.1	160000	6.984331	0.0	66935122	728	160.0
1606480306.42	160000	7.668728	0.0	15251076	159	160.0
