1606487603.42	40000	1.000999	0.017	334476	6	-2.719999999999999
1606487603.83	40000	1.890844	0.0	14648397	253	40.0
1606487604.36	60000	2.450621	0.0	20421673	357	40.0
1606487605.04	60000	2.774996	0.0	13063186	596	60.0
1606487607.56	60000	1.362805	0.024	8954217	2464	56.16
1606487608.64	80000	1.337876	0.029	11497228	995	55.36
1606487609.09	80000	1.880462	0.0	6232523	416	80.0
1606487609.5	80000	2.477341	0.0	5425476	367	80.0
1606487611.82	80000	1.242367	0.08	29583867	2089	67.2
1606487614.05	110000	1.450767	1.439	28884539	2077	-150.24
1606487615.93	110000	1.389735	0.825	26873304	1752	-22.0
1606487617.25	110000	1.467719	0.383	33588177	1141	48.72
1606487617.99	110000	1.719215	0.0	25684661	593	110.0
1606487618.31	110000	2.400751	0.0	10838546	246	110.0
1606487621.6	160000	1.354481	1.242	22224402	3169	-88.72
1606487623.47	160000	1.34725	0.862	22578365	1755	22.080000000000013
1606487623.8	160000	2.020226	0.0	8346702	274	160.0
1606487624.41	160000	2.407324	0.0	15775481	517	160.0
1606487624.79	160000	3.025849	0.0	9163235	326	160.0
1606487626.37	160000	2.447529	0.0	41307095	1298	160.0
1606487627.14	160000	2.680444	0.0	28763893	606	160.0
1606487627.71	160000	3.118801	0.0	21266416	430	160.0
1606487628.3	160000	3.521248	0.0	23702229	457	160.0
1606487628.96	160000	3.8658	0.0	27580394	497	160.0
1606487629.46	160000	4.367714	0.0	20329780	360	160.0
1606487629.9	160000	4.929867	0.0	16109183	341	160.0
1606487631.49	160000	4.339604	0.0	58830800	1124	160.0
1606487632.88	160000	3.952544	0.0	66935122	1023	160.0
1606487633.19	160000	4.640093	0.0	15251076	214	160.0
1606487633.52	160000	5.312596	0.0	16574034	230	160.0
1606487633.74	160000	6.092201	0.0	13009028	146	160.0
1606487633.96	160000	6.876138	0.0	12791674	144	160.0
1606487634.15	160000	7.68469	0.0	11137898	125	160.0
1606487634.35	160000	8.487777	0.0	11485310	128	160.0
1606487634.56	160000	9.273858	0.0	12428518	143	160.0
1606487634.74	160000	10.098682	0.0	9963766	116	160.0
1606487634.96	160000	10.883317	0.0	12189364	141	160.0
1606487635.14	160000	11.70205	0.0	10142396	117	160.0
1606487635.32	160000	12.519276	0.0	10185488	118	160.0
1606487635.57	160000	13.27103	0.0	14061455	164	160.0
1606487635.89	160000	13.956198	0.0	20074099	185	160.0
1606487636.58	160000	14.26705	0.0	46115254	426	160.0
1606487637.27	160000	14.569378	0.0	40906522	456	160.0
1606487637.41	160000	15.43492	0.0	7891151	87	160.0
1606487637.75	160000	16.099356	0.0	21012466	213	160.0
1606487638.12	160000	16.730014	0.0	23519424	237	160.0
1606487638.42	160000	17.429267	0.0	18715420	188	160.0
1606487638.74	160000	18.106828	0.0	17000816	225	160.0
1606487639.02	160000	18.825365	0.0	14448126	197	160.0
1606487639.17	160000	19.684407	0.0	6958676	95	160.0
1606487639.35	160000	20.505323	0.0	9088791	124	160.0
1606487639.49	160000	21.363035	0.0	7211881	99	160.0
1606487639.65	160000	22.204107	0.0	3063586	134	160.0
1606487639.81	160000	23.05294	0.0	2782179	122	160.0
1606487640.3	160000	23.552678	0.0	9958410	438	160.0
1606487643.01	160000	21.84357	0.0	12158708	2641	160.0
1606487644.12	160000	21.737048	0.0	12300216	1035	160.0
1606487645.6	160000	21.256131	0.0	15815684	1393	160.0
1606487646.69	160000	21.164978	0.0	13526256	1018	160.0
1606487647.59	160000	21.268411	0.0	11995130	828	160.0
1606487648.61	160000	21.250173	0.0	13394791	941	160.0
1606487649.74	160000	21.118174	0.0	14135828	1050	160.0
1606487651.01	160000	20.863081	0.0	15366126	1170	160.0
1606487651.98	160000	20.883549	0.0	14248439	896	160.0
1606487652.67	160000	21.198845	0.0	13843717	607	160.0
1606487653.18	160000	21.695908	0.0	14665119	416	160.0
1606487653.87	160000	22.001131	0.0	21079187	566	160.0
1606487654.67	160000	22.196877	0.0	25480074	663	160.0
1606487655.57	160000	22.297981	0.0	23021754	763	160.0
1606487657.09	160000	21.782611	0.0	27527834	1357	160.0
1606487658.31	160000	21.565796	0.0	26155848	1060	160.0
1606487659.19	160000	21.680256	0.0	17849379	784	160.0
1606487659.95	160000	21.921437	0.0	16546531	664	160.0
1606487660.68	160000	22.198953	0.0	17718949	614	160.0
1606487662.09	160000	21.789331	0.0	17337137	1312	160.0
1606487663.81	160000	21.065682	0.0	20008245	1610	160.0
1606487668.9	160000	16.974842	0.0	58430914	4777	160.0
1606487670.32	160000	16.560239	0.0	16292703	1309	160.0
1606487672.37	160000	15.507869	0.0	25587422	1911	160.0
1606487674.22	160000	14.657251	0.0	23982306	1714	160.0
1606487675.34	160000	14.545499	0.0	13347845	1032	160.0
1606487676.45	160000	14.430385	0.0	14337991	1032	160.0
1606487677.56	160000	14.326628	0.0	14584990	1020	160.0
1606487678.68	160000	14.202834	0.0	13962401	1044	160.0
1606487679.39	160000	14.497217	0.0	14393788	623	160.0
1606487679.84	160000	15.050022	0.0	14649457	367	160.0
1606487680.04	160000	15.844433	0.0	13409715	123	160.0
1606487680.25	160000	16.638545	0.0	13909605	129	160.0
1606487680.45	160000	17.437502	0.0	13301968	122	160.0
1606487680.74	160000	18.147798	0.0	19025846	176	160.0
1606487681.03	160000	18.858495	0.0	19295426	182	160.0
1606487681.31	160000	19.581155	0.0	18261873	173	160.0
1606487681.63	160000	20.263941	0.0	19847604	201	160.0
1606487681.9	160000	20.993084	0.0	18767181	162	160.0
1606487682.21	160000	21.681863	0.0	22420858	182	160.0
1606487682.49	160000	22.407006	0.0	19324333	155	160.0
1606487682.78	160000	23.118091	0.0	20392234	171	160.0
1606487682.89	160000	24.006059	0.0	7671072	64	160.0
1606487683.14	160000	24.754957	0.0	17781906	149	160.0
1606487683.33	160000	25.567071	0.0	12839336	112	160.0
1606487683.49	160000	26.413479	0.0	10779770	91	160.0
1606487683.69	160000	27.20942	0.0	14606687	122	160.0
1606487684.28	160000	27.62679	0.0	41866951	340	160.0
1606487684.81	160000	28.094114	0.0	37238410	303	160.0
1606487685.01	160000	28.898855	0.0	14347759	112	160.0
1606487685.17	160000	29.741598	0.0	11399187	89	160.0
1606487685.32	160000	30.583798	0.0	10358641	80	160.0
1606487685.52	160000	31.391003	0.0	14315696	112	160.0
1606487685.83	160000	32.077864	0.0	23283631	182	160.0
1606487686.35	160000	32.558056	0.0	37521367	299	160.0
1606487686.66	160000	33.254141	0.0	22241104	177	160.0
1606487687.01	160000	33.902745	0.0	15813346	253	160.0
1606487687.54	160000	34.374094	0.0	17116450	432	160.0
1606487688.61	160000	34.309544	0.0	18867054	956	160.0
1606487689.39	160000	34.527205	0.0	17393609	681	160.0
1606487690.93	160000	33.985282	0.0	24759401	1404	160.0
1606487692.15	160000	33.765564	0.0	25782433	1075	160.0
1606487692.8	160000	34.127231	0.0	25885372	478	160.0
1606487693.32	160000	34.601847	0.0	26242011	365	160.0
1606487693.8	160000	35.119965	0.0	23865378	333	160.0
1606487694.38	160000	35.542989	0.0	25470681	432	160.0
1606487695.08	160000	35.839177	0.0	27258768	535	160.0
1606487695.77	160000	36.155132	0.0	17853711	578	160.0
1606487696.19	160000	36.736919	0.0	14829893	335	160.0
1606487696.99	160000	36.93476	0.0	27779697	642	160.0
1606487698.13	160000	36.798908	0.0	27714923	983	160.0
1606487701.07	160000	34.855756	0.0	25946474	2798	160.0
1606487702.64	160000	34.290038	0.0	19596259	1455	160.0
1606487703.33	160000	34.602081	0.0	23774167	553	160.0
1606487703.79	160000	35.141551	0.0	19373656	336	160.0
1606487704.25	160000	35.682897	0.0	23977420	324	160.0
1606487704.72	160000	36.208449	0.0	24493733	332	160.0
1606487705.0	160000	36.941549	0.0	14528511	185	160.0
1606487705.31	160000	37.620865	0.0	16841176	210	160.0
1606487705.62	160000	38.3112	0.0	16743604	209	160.0
1606487705.96	160000	38.977112	0.0	17975224	223	160.0
1606487706.34	160000	39.600249	0.0	22329548	248	160.0
1606487706.62	160000	40.323526	0.0	16001583	178	160.0
1606487706.94	160000	40.996371	0.0	18238584	209	160.0
1606487707.32	160000	41.626012	0.0	21308824	245	160.0
1606487707.62	160000	42.318071	0.0	17749058	204	160.0
1606487707.87	160000	43.076424	0.0	14127787	163	160.0
1606487708.15	160000	43.792265	0.0	17525699	183	160.0
1606487708.38	160000	44.563363	0.0	14240042	149	160.0
1606487708.72	160000	45.233089	0.0	20324139	212	160.0
1606487709.07	160000	45.874686	0.0	21993033	226	160.0
1606487709.38	160000	46.570697	0.0	18863108	190	160.0
1606487709.63	160000	47.316676	0.0	15964734	160	160.0
1606487709.77	160000	48.179416	0.0	8284939	83	160.0
1606487709.93	160000	49.021928	0.0	9004706	87	160.0
1606487710.04	160000	49.911091	0.0	6955279	65	160.0
1606487710.2	160000	50.749367	0.0	10701639	100	160.0
1606487710.35	160000	51.604747	0.0	9459459	88	160.0
1606487710.41	160000	52.545259	0.0	3212828	30	160.0
1606487710.46	160000	53.499258	0.0	2509989	24	160.0
1606487710.5	160000	54.461116	0.0	2004927	19	160.0
1606487710.51	160000	55.443123	0.0	591360	5	160.0
1606487710.56	160000	56.833413	0.0	2394426	22	160.0
1606487710.9	40000	1.000999	0.056	337339	2	-8.96
1606487711.21	40000	2.001999	0.0	14648397	129	40.0
1606487711.56	60000	2.732789	0.0	20421673	178	40.0
1606487711.76	60000	3.537022	0.0	13063186	115	60.0
1606487711.89	60000	4.40189	0.0	8954217	78	60.0
1606487712.06	80000	5.232341	0.0	11497228	96	60.0
1606487712.16	80000	6.140183	0.0	6232523	52	80.0
1606487712.24	80000	7.058273	0.0	5425476	45	80.0
1606487712.72	80000	7.579806	0.0	29583867	245	80.0
1606487713.12	110000	8.205948	0.0	28884539	232	80.0
1606487713.49	110000	8.866223	0.0	26873304	205	110.0
1606487713.94	110000	9.417873	0.0	33588177	255	110.0
1606487714.28	110000	10.103151	0.0	25684661	185	110.0
1606487714.42	110000	10.97413	0.0	10838546	76	110.0
1606487714.72	160000	11.706742	0.0	22224402	154	110.0
1606487715.0	160000	12.420321	0.0	22578365	156	160.0
1606487715.11	160000	13.311673	0.0	8346702	52	160.0
1606487715.31	160000	14.112638	0.0	15775481	107	160.0
1606487715.44	160000	15.004366	0.0	9163235	62	160.0
1606487716.0	160000	15.444719	0.0	41307095	279	160.0
1606487716.33	160000	16.119829	0.0	28763893	160	160.0
1606487716.58	160000	16.869618	0.0	21266416	119	160.0
1606487716.85	160000	17.603945	0.0	23702229	131	160.0
1606487717.19	160000	18.258217	0.0	27580394	192	160.0
1606487717.48	160000	18.972169	0.0	20329780	154	160.0
1606487717.7	160000	19.753688	0.0	16109183	122	160.0
1606487718.71	160000	19.742354	0.0	58830800	554	160.0
1606487719.53	160000	19.930903	0.0	66935122	438	160.0
1606487719.7	160000	20.761212	0.0	15251076	75	160.0
1606487719.88	160000	21.581168	0.0	16574034	81	160.0
1606487720.02	160000	22.441332	0.0	13009028	63	160.0
1606487720.15	160000	23.3084	0.0	12791674	60	160.0
1606487720.28	160000	24.176845	0.0	11137898	64	160.0
1606487720.41	160000	25.048945	0.0	11485310	54	160.0
1606487720.55	160000	25.918037	0.0	12428518	57	160.0
1606487720.66	160000	26.809464	0.0	9963766	46	160.0
1606487720.78	160000	27.683261	0.0	12189364	56	160.0
1606487720.9	160000	28.562905	0.0	10142396	48	160.0
1606487721.01	160000	29.453122	0.0	10185488	48	160.0
1606487721.16	160000	30.304934	0.0	14061455	68	160.0
1606487721.38	160000	31.088086	0.0	20074099	97	160.0
1606487721.87	160000	31.603699	0.0	46115254	225	160.0
1606487722.32	160000	32.152917	0.0	40906522	199	160.0
1606487722.41	160000	33.063202	0.0	7891151	38	160.0
1606487722.64	160000	33.833408	0.0	21012466	106	160.0
1606487722.89	160000	34.588795	0.0	23519424	113	160.0
1606487723.09	160000	35.392502	0.0	18715420	89	160.0
1606487723.27	160000	36.207421	0.0	17000816	76	160.0
1606487723.43	160000	37.048325	0.0	14448126	66	160.0
1606487723.51	160000	37.969209	0.0	6958676	32	160.0
1606487723.61	160000	38.870105	0.0	9088791	41	160.0
1606487723.69	160000	39.790968	0.0	7211881	33	160.0
1606487723.73	160000	40.751891	0.0	3063586	15	160.0
1606487723.77	160000	41.715694	0.0	2782179	13	160.0
1606487723.87	160000	42.613042	0.0	9958410	44	160.0
1606487724.0	160000	43.486558	0.0	12158708	56	160.0
1606487724.14	160000	44.340928	0.0	12300216	67	160.0
1606487724.32	160000	45.169317	0.0	15815684	81	160.0
1606487724.46	160000	46.026414	0.0	13526256	67	160.0
1606487724.59	160000	46.898096	0.0	11995130	59	160.0
1606487724.73	160000	47.756083	0.0	13394791	66	160.0
1606487724.89	160000	48.604822	0.0	14135828	70	160.0
