1606501966.7	40000	1.000999	0.034	334476	22	-5.439999999999998
1606501967.99	160000	1.460309	0.378	14912671	1070	-20.47999999999999
1606501970.28	160000	1.328669	1.116	24265636	2024	-18.560000000000002
1606501972.1	160000	1.415513	0.894	22711544	1633	16.960000000000008
1606501973.67	160000	1.316258	0.44	19639705	1388	89.6
1606501975.28	160000	1.311126	0.585	20946809	1427	66.4
1606501976.58	160000	1.397575	0.392	11895609	1163	97.28
1606501977.35	160000	1.633751	0.0	7597636	647	160.0
1606501979.21	60000	1.291624	0.518	17832465	1689	-122.88
1606501980.28	60000	1.301354	0.085	9877442	942	46.4
1606501980.85	60000	1.734704	0.0	10988410	433	60.0
1606501981.38	60000	2.211196	0.0	15230785	368	60.0
1606501981.77	60000	2.819598	0.0	13601559	243	60.0
1606501981.99	80000	3.597869	0.0	7412644	99	60.0
1606501982.49	160000	4.101367	0.0	22224402	297	80.0
1606501982.98	160000	4.61342	0.0	22578365	279	160.0
1606501983.21	160000	5.382534	0.0	8346702	103	160.0
1606501983.57	160000	6.025596	0.0	15775481	196	160.0
1606501983.94	160000	6.651823	0.0	9163235	248	160.0
1606501987.85	110000	3.747126	0.0	26576979	3673	60.0
1606501989.08	160000	3.515285	0.0	28763893	997	110.0
1606501989.58	160000	4.018701	0.0	21266416	307	160.0
1606501990.02	160000	4.582809	0.0	23702229	235	160.0
1606501990.51	160000	5.086048	0.0	27580394	274	160.0
1606501990.89	160000	5.709642	0.0	20329780	192	160.0
1606501991.0	20000	6.599284	0.0	2248581	21	-120.0
1606501991.22	20000	7.378137	0.0	9946363	92	20.0
1606501991.47	20000	8.133566	0.0	11684632	109	20.0
1606501991.58	20000	9.028774	0.0	1849732	19	20.0
1606501991.68	20000	9.925401	0.0	1942795	18	20.0
1606501991.78	20000	10.824456	0.0	1704756	15	20.0
1606501991.88	20000	11.724579	0.0	1697111	16	20.0
1606501991.99	20000	12.617743	0.0	1529441	21	20.0
1606501992.09	20000	13.519018	0.0	1568649	15	20.0
1606501992.19	20000	14.418632	0.0	1677618	16	20.0
1606501992.29	20000	15.322081	0.0	1415096	14	20.0
1606501992.39	20000	16.218317	0.0	1894067	19	20.0
1606501992.49	20000	17.125296	0.0	1186604	11	20.0
1606501992.58	20000	18.034502	0.0	1068386	10	20.0
1606501992.68	20000	18.934107	0.0	1700843	17	20.0
1606501992.79	20000	19.821303	0.0	2536859	26	20.0
1606501992.94	20000	20.675273	0.0	4742872	49	20.0
1606501993.1	20000	21.520441	0.0	4955535	51	20.0
1606501993.2	20000	22.423483	0.0	1260540	13	20.0
1606501993.33	20000	23.292355	0.0	3605246	36	20.0
1606501993.45	20000	24.173927	0.0	2770338	29	20.0
1606501993.56	20000	25.069003	0.0	1855168	19	20.0
1606501993.66	20000	25.964306	0.0	1666915	16	20.0
1606501993.75	20000	26.869215	0.0	1555467	12	20.0
1606501993.93	160000	27.699404	0.0	6958676	53	20.0
1606501994.12	160000	28.505843	0.0	9088791	70	160.0
1606501994.29	160000	29.333779	0.0	7211881	56	160.0
1606501994.41	160000	30.214261	0.0	3063586	24	160.0
1606501994.53	160000	31.100946	0.0	2782179	22	160.0
1606501994.73	160000	31.899219	0.0	9958410	74	160.0
1606501994.95	160000	32.684262	0.0	12158708	66	160.0
1606501995.16	160000	33.475609	0.0	12300216	70	160.0
1606501995.41	160000	34.223671	0.0	15815684	90	160.0
1606501995.65	160000	34.985842	0.0	13526256	91	160.0
1606501995.85	160000	35.783744	0.0	11995130	67	160.0
1606501996.07	160000	36.563657	0.0	13394791	76	160.0
1606501996.3	160000	37.334488	0.0	14135828	80	160.0
1606501996.54	160000	38.095444	0.0	15366126	86	160.0
1606501996.79	160000	38.853462	0.0	14248439	89	160.0
1606501997.04	160000	39.596145	0.0	13843717	115	160.0
1606501997.32	160000	40.324276	0.0	14665119	122	160.0
1606501997.68	160000	40.957962	0.0	21079187	176	160.0
1606502000.37	160000	39.274534	0.0	25480074	2464	160.0
1606502002.48	160000	38.168501	0.0	23021754	1907	160.0
1606502005.19	160000	36.45604	0.0	27527834	2482	160.0
1606502005.51	20000	37.131696	0.0	2857420	229	-120.0
1606502005.74	20000	37.909937	0.0	1702477	136	20.0
1606502005.93	20000	38.720868	0.0	1531670	106	20.0
1606502006.14	20000	39.505773	0.0	1863424	130	20.0
1606502006.37	20000	40.280219	0.0	1987392	139	20.0
1606502006.63	20000	41.017099	0.0	2505586	175	20.0
1606502007.57	20000	41.079944	0.0	9620218	811	20.0
1606502009.11	160000	40.546529	0.0	16292703	1367	20.0
1606502011.2	160000	39.449776	0.0	25587422	1883	160.0
1606502013.35	160000	38.308521	0.0	23982306	1937	160.0
1606502014.75	160000	37.911161	0.0	13347845	1251	160.0
1606502015.86	160000	37.799027	0.0	14337991	966	160.0
1606502017.1	160000	37.555738	0.0	14584990	1095	160.0
1606502018.33	160000	37.3281	0.0	13962401	1082	160.0
1606502019.55	160000	37.11493	0.0	14393788	1067	160.0
1606502020.97	160000	36.691391	0.0	14649457	1276	160.0
1606502022.13	160000	36.531902	0.0	13409715	1014	160.0
1606502023.28	160000	36.378275	0.0	13909605	1010	160.0
1606502024.43	160000	36.236749	0.0	13301968	1000	160.0
1606502026.09	160000	35.57732	0.0	19025846	1478	160.0
1606502027.6	160000	35.070136	0.0	19295426	1324	160.0
1606502029.31	160000	34.361906	0.0	18261873	1530	160.0
1606502031.13	160000	33.541218	0.0	19847604	1634	160.0
1606502032.89	160000	32.778765	0.0	18767181	1566	160.0
1606502034.93	160000	31.742022	0.0	22420858	1836	160.0
1606502036.57	160000	31.100056	0.0	19324333	1460	160.0
1606502038.25	160000	30.422619	0.0	20392234	1488	160.0
1606502038.88	160000	30.792821	0.0	7671072	511	160.0
1606502040.5	160000	30.177659	0.0	17781906	1441	160.0
1606502041.54	160000	30.133148	0.0	12839336	899	160.0
1606502042.41	160000	30.261662	0.0	10779770	740	160.0
1606502043.61	160000	30.071594	0.0	14606687	1039	160.0
1606502047.06	160000	27.61861	0.0	41866951	3061	160.0
1606502055.43	160000	20.248628	0.0	37238410	8090	160.0
1606502056.1	160000	20.578029	0.0	14347759	516	160.0
1606502056.21	20000	21.472196	0.0	1093613	17	-120.0
1606502056.31	20000	22.376334	0.0	975642	15	20.0
1606502056.42	20000	23.265054	0.0	1658005	26	20.0
1606502056.56	20000	24.126559	0.0	3055257	48	20.0
1606502056.74	20000	24.941493	0.0	5355572	84	20.0
1606502056.89	20000	25.797774	0.0	3278424	51	20.0
1606502057.01	20000	26.673581	0.0	2318501	37	20.0
1606502057.13	20000	27.555124	0.0	2473561	32	20.0
1606502057.24	20000	28.449164	0.0	1730311	21	20.0
1606502057.34	20000	29.347359	0.0	1455812	18	20.0
1606502057.47	20000	30.221132	0.0	2869222	36	20.0
1606502057.6	20000	31.089691	0.0	3226650	42	20.0
1606502057.73	20000	31.966902	0.0	2705936	35	20.0
1606502057.86	20000	32.837345	0.0	2998622	39	20.0
1606502057.99	20000	33.709293	0.0	2928342	37	20.0
1606502058.14	20000	34.554226	0.0	3059979	64	20.0
1606502058.32	20000	35.379141	0.0	3367422	82	20.0
1606502058.45	20000	36.252483	0.0	1950694	41	20.0
1606502058.56	20000	37.137849	0.0	1541020	32	20.0
1606502058.71	20000	37.987196	0.0	2926720	61	20.0
1606502059.47	160000	38.230357	0.0	27714923	524	20.0
1606502060.15	160000	38.555664	0.0	25946474	448	160.0
1606502060.66	160000	39.044226	0.0	19596259	313	160.0
1606502061.32	160000	39.381954	0.0	23774167	448	160.0
1606502062.15	160000	39.559405	0.0	19373656	644	160.0
1606502062.76	160000	39.943917	0.0	23977420	422	160.0
1606502063.6	160000	40.109544	0.0	24493733	633	160.0
1606502064.2	160000	40.506123	0.0	14528511	456	160.0
1606502064.65	160000	41.063842	0.0	16841176	274	160.0
1606502065.08	160000	41.625952	0.0	16743604	272	160.0
1606502065.5	160000	42.212792	0.0	17975224	238	160.0
1606502065.98	160000	42.72735	0.0	22329548	295	160.0
1606502066.38	160000	43.334997	0.0	16001583	231	160.0
1606502066.81	160000	43.903891	0.0	18238584	260	160.0
1606502067.29	160000	44.425396	0.0	21308824	285	160.0
1606502067.67	160000	45.049317	0.0	17749058	207	160.0
1606502067.98	160000	45.734794	0.0	14127787	166	160.0
1606502068.33	160000	46.389676	0.0	17525699	182	160.0
1606502068.63	160000	47.093228	0.0	14240042	141	160.0
1606502069.01	160000	47.712841	0.0	20324139	205	160.0
1606502069.4	160000	48.318371	0.0	21993033	205	160.0
1606502069.75	160000	48.971775	0.0	18863108	176	160.0
1606502070.06	160000	49.665768	0.0	15964734	148	160.0
1606502070.45	160000	50.274722	0.0	8284939	274	160.0
1606502070.88	160000	50.850344	0.0	9004706	295	160.0
1606502071.18	160000	51.551123	0.0	6955279	190	160.0
1606502071.44	160000	52.29034	0.0	10701639	132	160.0
1606502071.68	160000	53.050824	0.0	9459459	116	160.0
1606502071.81	160000	53.919416	0.0	3212828	40	160.0
1606502071.93	160000	54.802481	0.0	2509989	31	160.0
1606502072.02	160000	55.712396	0.0	2004927	25	160.0
1606502072.07	160000	56.656684	0.0	591360	7	160.0
1606502072.15	160000	58.017929	0.0	2394426	27	160.0
1606502072.46	40000	1.000999	0.033	336477	9	-5.280000000000001
1606502072.85	160000	1.933232	0.0	14912671	162	40.0
1606502073.4	160000	2.382118	0.0	24265636	258	160.0
1606502073.85	160000	2.937005	0.0	22711544	239	160.0
1606502074.24	160000	3.550394	0.0	19639705	203	160.0
1606502074.7	160000	4.149652	0.0	20946809	270	160.0
1606502075.0	160000	4.884929	0.0	11895609	153	160.0
1606502075.21	160000	5.676311	0.0	7597636	91	160.0
1606502076.33	160000	5.614912	0.0	56067905	564	160.0
1606502077.1	160000	5.894909	0.0	45444680	445	160.0
1606502077.96	160000	6.041058	0.0	54798068	485	160.0
1606502079.13	160000	5.870092	0.0	69464107	624	160.0
1606502079.86	160000	6.141425	0.0	50637608	395	160.0
1606502080.19	160000	6.811884	0.0	19559369	153	160.0
1606502080.54	160000	7.464989	0.0	22224402	156	160.0
1606502080.91	160000	8.095976	0.0	22578365	159	160.0
1606502081.09	160000	8.914929	0.0	8346702	59	160.0
1606502081.37	160000	9.639357	0.0	15775481	110	160.0
1606502081.56	160000	10.450505	0.0	9163235	63	160.0
1606502082.14	160000	10.8654	0.0	41307095	283	160.0
1606502082.82	160000	11.188029	0.0	28763893	298	160.0
1606502083.15	160000	11.861225	0.0	21266416	135	160.0
1606502083.52	160000	12.489373	0.0	23702229	147	160.0
1606502083.92	160000	13.095456	0.0	27580394	171	160.0
1606502084.24	160000	13.770433	0.0	20329780	125	160.0
1606502084.5	160000	14.510007	0.0	16109183	94	160.0
1606502085.29	160000	14.8127	0.0	58830800	344	160.0
1606502086.1	160000	14.996714	0.0	66935122	383	160.0
1606502086.34	160000	15.757623	0.0	15251076	84	160.0
1606502086.6	160000	16.499189	0.0	16574034	92	160.0
