1606488086.22	40000	1.000999	0.033	334476	21	-5.280000000000001
1606488087.46	160000	1.398463	0.256	14912671	1002	-0.960000000000008
1606488089.41	160000	1.328195	0.857	24265636	1707	22.879999999999995
1606488089.76	20000	1.998332	0.0	3191121	248	-120.0
1606488089.97	20000	2.782769	0.0	1661718	129	20.0
1606488090.15	20000	3.60367	0.0	1315024	95	20.0
1606488090.29	20000	4.467608	0.0	698359	46	20.0
1606488090.42	20000	5.357059	0.0	730082	51	20.0
1606488090.81	20000	5.97391	0.0	4047415	288	20.0
1606488091.1	20000	6.681294	0.0	2863079	203	20.0
1606488091.48	20000	7.29923	0.0	4167844	285	20.0
1606488093.96	110000	5.820713	0.0	33588177	2173	20.0
1606488095.83	160000	4.952786	0.0	50637608	1400	110.0
1606488096.94	160000	4.847705	0.0	19559369	921	160.0
1606488100.39	160000	2.399128	0.0	22224402	3242	160.0
1606488101.75	160000	2.041736	0.0	22578365	1150	160.0
1606488102.15	160000	2.640468	0.0	8346702	273	160.0
1606488102.88	160000	2.914846	0.0	15775481	561	160.0
1606488103.31	160000	3.480621	0.0	9163235	301	160.0
1606488103.61	20000	4.181294	0.0	6357933	182	-120.0
1606488103.85	20000	4.93892	0.0	4814284	138	20.0
1606488104.05	20000	5.743501	0.0	3419258	99	20.0
1606488104.24	20000	6.551942	0.0	3944328	94	20.0
1606488104.43	20000	7.363562	0.0	4284196	89	20.0
1606488104.59	20000	8.205591	0.0	3022025	60	20.0
1606488104.73	20000	9.067274	0.0	2248581	48	20.0
1606488105.07	20000	9.725096	0.0	9946363	214	20.0
1606488105.44	20000	10.360504	0.0	11684632	227	20.0
1606488105.9	160000	10.908544	0.0	15251076	296	20.0
1606488106.37	160000	11.428782	0.0	16574034	311	160.0
1606488106.75	160000	12.056473	0.0	13009028	232	160.0
1606488107.12	160000	12.682926	0.0	12791674	228	160.0
1606488107.48	160000	13.325284	0.0	11137898	226	160.0
1606488107.85	160000	13.960272	0.0	11485310	232	160.0
1606488108.24	160000	14.565969	0.0	12428518	249	160.0
1606488108.56	160000	15.248093	0.0	9963766	183	160.0
1606488108.92	160000	15.888336	0.0	12189364	223	160.0
1606488109.23	160000	16.576431	0.0	10142396	186	160.0
1606488109.52	160000	17.296705	0.0	10185488	156	160.0
1606488109.88	160000	17.930874	0.0	14061455	214	160.0
1606488110.37	160000	18.446234	0.0	20074099	303	160.0
1606488111.34	160000	18.47687	0.0	46115254	647	160.0
1606488112.09	160000	18.727054	0.0	40906522	459	160.0
1606488112.3	160000	19.520621	0.0	7891151	89	160.0
1606488112.73	160000	20.09066	0.0	21012466	244	160.0
1606488113.2	160000	20.617881	0.0	23519424	273	160.0
1606488113.55	160000	21.26663	0.0	18715420	171	160.0
1606488113.88	160000	21.94258	0.0	17000816	156	160.0
1606488114.16	160000	22.661166	0.0	14448126	132	160.0
1606488114.35	160000	23.472071	0.0	6958676	77	160.0
1606488114.58	160000	24.24548	0.0	9088791	103	160.0
1606488114.77	160000	25.053574	0.0	7211881	78	160.0
1606488114.9	160000	25.927722	0.0	3063586	34	160.0
1606488115.02	160000	26.805705	0.0	2782179	31	160.0
1606488115.26	160000	27.568379	0.0	9958410	111	160.0
1606488115.51	160000	28.314374	0.0	12158708	122	160.0
1606488115.78	160000	29.052351	0.0	12300216	124	160.0
1606488116.1	160000	29.734692	0.0	15815684	159	160.0
1606488116.41	160000	30.419688	0.0	13526256	159	160.0
1606488116.71	160000	31.119124	0.0	11995130	164	160.0
1606488117.04	160000	31.788782	0.0	13394791	183	160.0
1606488117.53	160000	32.300595	0.0	14135828	342	160.0
1606488118.74	160000	32.095023	0.0	15366126	1051	160.0
1606488121.32	160000	30.521111	0.0	14248439	2423	160.0
1606488122.72	160000	30.11418	0.0	13843717	1259	160.0
1606488124.05	160000	29.791387	0.0	14665119	1175	160.0
1606488125.72	160000	29.120189	0.0	21079187	1476	160.0
1606488126.0	20000	29.84363	0.0	2587311	180	-120.0
1606488126.24	20000	30.603047	0.0	2178351	151	20.0
1606488126.56	20000	31.278101	0.0	3121089	232	20.0
1606488126.87	20000	31.972893	0.0	2857420	211	20.0
1606488127.08	20000	32.761593	0.0	1702477	126	20.0
1606488127.29	20000	33.557441	0.0	1531670	111	20.0
1606488128.8	160000	33.04389	0.0	17718949	1338	20.0
1606488130.02	160000	32.829643	0.0	17337137	1039	160.0
1606488130.84	160000	33.003996	0.0	20008245	646	160.0
1606488132.88	160000	31.967357	0.0	58430914	1578	160.0
1606488133.7	160000	32.151038	0.0	16292703	639	160.0
1606488135.1	160000	31.755935	0.0	25587422	1184	160.0
1606488136.28	160000	31.582503	0.0	23982306	968	160.0
1606488137.03	160000	31.818956	0.0	13347845	608	160.0
1606488137.76	160000	32.097948	0.0	14337991	574	160.0
1606488138.43	160000	32.429819	0.0	14584990	517	160.0
1606488139.63	160000	32.22883	0.0	13962401	1057	160.0
1606488140.89	160000	31.963186	0.0	14393788	1118	160.0
1606488142.36	160000	31.501677	0.0	14649457	1313	160.0
1606488143.47	160000	31.394184	0.0	13409715	966	160.0
1606488144.85	160000	31.012627	0.0	13909605	1234	160.0
1606488146.03	160000	30.8314	0.0	13301968	1036	160.0
1606488147.69	160000	30.169852	0.0	19025846	1480	160.0
1606488149.35	160000	29.518367	0.0	19295426	1472	160.0
1606488150.91	160000	28.950796	0.0	18261873	1392	160.0
1606488152.46	160000	28.404321	0.0	19847604	1360	160.0
1606488154.12	160000	27.750653	0.0	18767181	1466	160.0
1606488155.9	160000	26.968097	0.0	22420858	1589	160.0
1606488157.13	160000	26.734462	0.0	19324333	1053	160.0
1606488157.73	160000	27.141678	0.0	20392234	402	160.0
1606488157.92	160000	27.953083	0.0	7671072	70	160.0
1606488158.25	160000	28.618881	0.0	17781906	166	160.0
1606488158.52	160000	29.352659	0.0	12839336	119	160.0
1606488158.76	160000	30.118179	0.0	10779770	101	160.0
1606488159.04	160000	30.832984	0.0	14606687	138	160.0
1606488159.76	160000	31.118416	0.0	41866951	400	160.0
1606488160.35	160000	31.526936	0.0	37238410	303	160.0
1606488160.62	160000	32.260939	0.0	14347759	117	160.0
1606488160.85	160000	33.030573	0.0	11399187	95	160.0
1606488161.07	160000	33.809461	0.0	10358641	87	160.0
1606488161.34	160000	34.540036	0.0	14315696	122	160.0
1606488161.74	160000	35.147012	0.0	23283631	192	160.0
1606488162.33	160000	35.555886	0.0	37521367	304	160.0
1606488162.7	160000	36.187821	0.0	22241104	178	160.0
1606488162.98	160000	36.899839	0.0	15813346	119	160.0
1606488163.29	160000	37.600588	0.0	17116450	133	160.0
1606488163.61	160000	38.274981	0.0	18867054	148	160.0
1606488163.93	160000	38.961321	0.0	17393609	139	160.0
1606488164.33	160000	39.554783	0.0	24759401	197	160.0
1606488164.94	160000	39.953965	0.0	25782433	388	160.0
1606488166.03	160000	39.860323	0.0	25885372	868	160.0
1606488167.39	160000	39.501823	0.0	26242011	1143	160.0
1606488169.19	160000	38.699049	0.0	23865378	1588	160.0
1606488170.09	160000	38.801965	0.0	25470681	691	160.0
1606488170.81	160000	39.081436	0.0	27258768	479	160.0
1606488171.23	160000	39.661481	0.0	17853711	250	160.0
1606488171.59	160000	40.303922	0.0	14829893	207	160.0
1606488172.29	160000	40.610559	0.0	27779697	471	160.0
1606488173.22	160000	40.678578	0.0	27714923	704	160.0
1606488174.11	160000	40.789509	0.0	25946474	674	160.0
1606488174.76	160000	41.139825	0.0	19596259	458	160.0
1606488175.77	160000	41.129253	0.0	23774167	811	160.0
1606488177.48	160000	40.424079	0.0	19373656	1526	160.0
1606488180.03	160000	38.874418	0.0	23977420	2348	160.0
1606488181.07	160000	38.834649	0.0	24493733	833	160.0
1606488181.47	160000	39.434208	0.0	14528511	252	160.0
1606488181.87	160000	40.032245	0.0	16841176	241	160.0
1606488182.27	160000	40.640417	0.0	16743604	217	160.0
1606488182.67	160000	41.235254	0.0	17975224	234	160.0
1606488183.16	160000	41.752087	0.0	22329548	283	160.0
1606488183.52	160000	42.392779	0.0	16001583	199	160.0
1606488183.91	160000	43.002122	0.0	18238584	214	160.0
1606488184.33	160000	43.579132	0.0	21308824	237	160.0
1606488184.7	160000	44.213774	0.0	17749058	198	160.0
1606488185.0	160000	44.909841	0.0	14127787	160	160.0
1606488185.38	160000	45.537187	0.0	17525699	201	160.0
1606488185.69	160000	46.230202	0.0	14240042	163	160.0
1606488186.08	160000	46.838965	0.0	20324139	212	160.0
1606488186.5	160000	47.416519	0.0	21993033	229	160.0
1606488186.88	160000	48.034942	0.0	18863108	195	160.0
1606488187.21	160000	48.713696	0.0	15964734	161	160.0
1606488187.41	160000	49.511859	0.0	8284939	83	160.0
1606488187.62	160000	50.299551	0.0	9004706	91	160.0
1606488187.8	160000	51.123399	0.0	6955279	65	160.0
1606488188.03	160000	51.895563	0.0	10701639	100	160.0
1606488188.24	160000	52.682935	0.0	9459459	88	160.0
1606488188.37	160000	53.551873	0.0	3212828	35	160.0
1606488188.49	160000	54.441548	0.0	2509989	23	160.0
1606488188.57	160000	55.356536	0.0	2004927	19	160.0
1606488188.63	160000	56.300729	0.0	591360	6	160.0
1606488188.7	160000	57.666473	0.0	2394426	22	160.0
1606488189.08	40000	1.000999	0.032	336477	3	-5.119999999999997
1606488189.45	160000	1.942868	0.0	14912671	131	40.0
1606488189.96	160000	2.435147	0.0	24265636	208	160.0
1606488190.37	160000	3.02999	0.0	22711544	188	160.0
1606488190.72	160000	3.680595	0.0	19639705	151	160.0
1606488191.08	160000	4.44726	0.0	20946809	159	160.0
1606488191.31	160000	5.214777	0.0	11895609	91	160.0
1606488191.49	160000	6.041214	0.0	7597636	58	160.0
1606488192.45	160000	6.160319	0.0	56067905	400	160.0
1606488193.07	160000	6.591803	0.0	45444680	311	160.0
1606488193.8	160000	6.909196	0.0	54798068	369	160.0
1606488194.71	160000	7.019913	0.0	69464107	387	160.0
1606488195.45	160000	7.282872	0.0	50637608	386	160.0
1606488195.77	160000	7.95537	0.0	19559369	149	160.0
1606488196.22	160000	8.513835	0.0	22224402	243	160.0
1606488196.66	160000	9.067435	0.0	22578365	247	160.0
1606488196.83	160000	9.90309	0.0	8346702	43	160.0
1606488197.07	160000	10.664368	0.0	15775481	77	160.0
1606488197.24	160000	11.495765	0.0	9163235	45	160.0
1606488197.74	160000	11.997692	0.0	41307095	203	160.0
1606488198.12	160000	12.617828	0.0	28763893	135	160.0
1606488198.41	160000	13.329419	0.0	21266416	99	160.0
1606488198.74	160000	14.000637	0.0	23702229	111	160.0
1606488199.1	160000	14.642525	0.0	27580394	140	160.0
1606488199.4	160000	15.338781	0.0	20329780	95	160.0
1606488199.65	160000	16.091352	0.0	16109183	78	160.0
1606488200.35	160000	16.387536	0.0	58830800	281	160.0
1606488201.11	160000	16.62922	0.0	66935122	326	160.0
1606488201.34	160000	17.402416	0.0	15251076	70	160.0
1606488201.59	160000	18.200843	0.0	16574034	75	160.0
