1606499539.66	40000	1.000999	0.517	334476	504	-82.72
1606499541.08	40000	1.289795	0.334	14648397	1288	-13.439999999999998
1606499542.98	60000	1.342534	0.932	20421673	1752	-109.12
1606499544.07	60000	1.437364	0.155	13063186	1009	35.2
1606499544.85	60000	1.681558	0.0	8954217	723	60.0
1606499545.9	80000	1.644189	0.0	11497228	984	60.0
1606499546.55	80000	1.999016	0.0	6232523	605	80.0
1606499547.11	80000	2.442762	0.0	5425476	510	80.0
1606499549.79	80000	1.321491	0.564	29583867	2471	-10.239999999999995
1606499552.07	110000	1.375238	1.33	28884539	2121	-132.8
1606499553.43	110000	1.467239	0.446	26873304	1222	38.64
1606499554.44	110000	1.449375	0.0	33588177	816	110.0
1606499555.33	110000	1.568993	0.0	25684661	728	110.0
1606499555.75	110000	2.146497	0.0	10838546	340	110.0
1606499558.85	160000	1.416602	1.37	22224402	2984	-109.19999999999999
1606499561.0	160000	1.288546	1.019	22578365	2035	-3.039999999999992
1606499561.66	160000	1.629981	0.0	8346702	601	160.0
1606499562.89	160000	1.395237	0.0	15775481	1139	160.0
1606499563.68	160000	1.609632	0.0	9163235	728	160.0
1606499566.89	160000	1.182972	1.78	41307095	2956	-124.80000000000001
1606499567.9	160000	1.343098	0.174	28763893	871	132.16
1606499568.64	160000	1.60372	0.0	21266416	607	160.0
1606499569.43	160000	1.822255	0.0	23702229	649	160.0
1606499570.83	160000	1.47538	0.058	27580394	1244	150.72
1606499572.53	160000	1.329385	0.548	20329780	1581	72.32
1606499573.85	160000	1.37866	0.372	16109183	1241	100.47999999999999
1606499580.29	160000	1.021999	5.081	58830800	5998	-652.96
1606499588.75	160000	1.335773	7.778	66935122	8138	-1084.48
1606499589.89	160000	1.362874	0.164	15251076	1059	133.76
1606499591.16	160000	1.278	0.181	16574034	1178	131.04
1606499592.79	160000	1.458797	0.812	13009028	1568	30.080000000000013
1606499594.31	160000	1.271952	0.338	12791674	1454	105.92
1606499596.09	160000	1.360307	0.867	11137898	1721	21.28
1606499597.2	160000	1.478167	0.226	11485310	1051	123.84
1606499598.14	160000	1.536653	0.0	12428518	870	160.0
1606499599.09	160000	1.591598	0.0	9963766	885	160.0
1606499599.76	160000	1.918574	0.0	12189364	602	160.0
1606499600.22	160000	2.46035	0.0	10142396	401	160.0
1606499600.62	160000	3.069591	0.0	10185488	334	160.0
1606499601.16	160000	3.531836	0.0	14061455	461	160.0
1606499601.94	160000	3.750852	0.0	20074099	663	160.0
1606499603.56	160000	3.123752	0.0	46115254	1377	160.0
1606499604.84	160000	2.849371	0.0	40906522	1043	160.0
1606499605.1	160000	3.590366	0.0	7891151	203	160.0
1606499605.66	160000	4.028591	0.0	21012466	441	160.0
1606499606.26	160000	4.427497	0.0	23519424	469	160.0
1606499606.71	160000	4.983809	0.0	18715420	332	160.0
1606499607.12	160000	5.573781	0.0	17000816	303	160.0
1606499607.43	160000	6.269013	0.0	14448126	217	160.0
1606499607.58	160000	7.119105	0.0	6958676	104	160.0
1606499607.77	160000	7.926418	0.0	9088791	136	160.0
1606499607.92	160000	8.773691	0.0	7211881	108	160.0
1606499608.0	160000	9.702205	0.0	3063586	46	160.0
1606499608.06	160000	10.637935	0.0	2782179	36	160.0
1606499608.25	160000	11.452844	0.0	9958410	127	160.0
1606499608.47	160000	12.229254	0.0	12158708	155	160.0
1606499608.7	160000	12.998328	0.0	12300216	158	160.0
1606499609.01	160000	13.697489	0.0	15815684	208	160.0
1606499609.26	160000	14.447774	0.0	13526256	173	160.0
1606499609.48	160000	15.22391	0.0	11995130	154	160.0
1606499609.73	160000	15.977871	0.0	13394791	172	160.0
1606499610.0	160000	16.710432	0.0	14135828	181	160.0
1606499610.27	160000	17.43966	0.0	15366126	184	160.0
1606499610.53	160000	18.185036	0.0	14248439	172	160.0
1606499610.77	160000	18.938327	0.0	13843717	167	160.0
1606499611.04	160000	19.672296	0.0	14665119	176	160.0
1606499611.32	160000	20.39219	0.0	21079187	156	160.0
1606499611.65	160000	21.063314	0.0	25480074	188	160.0
1606499611.96	160000	21.75685	0.0	23021754	171	160.0
1606499612.3	160000	22.421538	0.0	27527834	181	160.0
1606499612.63	160000	23.093459	0.0	26155848	158	160.0
1606499612.84	160000	23.87878	0.0	17849379	108	160.0
1606499613.04	160000	24.678961	0.0	16546531	100	160.0
1606499613.25	160000	25.466555	0.0	17718949	105	160.0
1606499613.46	160000	26.262078	0.0	17337137	103	160.0
1606499613.69	160000	27.029542	0.0	20008245	119	160.0
1606499614.35	160000	27.373825	0.0	58430914	347	160.0
1606499614.54	160000	28.18084	0.0	16292703	93	160.0
1606499614.83	160000	28.896611	0.0	25587422	145	160.0
1606499615.1	160000	29.626797	0.0	23982306	137	160.0
1606499616.15	160000	29.578245	0.0	13347845	969	160.0
1606499617.16	160000	29.568193	0.0	14337991	929	160.0
1606499617.34	160000	30.387898	0.0	14584990	101	160.0
1606499617.52	160000	31.212085	0.0	13962401	96	160.0
1606499617.7	160000	32.033689	0.0	14393788	98	160.0
1606499617.88	160000	32.852648	0.0	14649457	100	160.0
1606499618.05	160000	33.679865	0.0	13409715	92	160.0
1606499618.22	160000	34.516691	0.0	13909605	76	160.0
1606499618.37	160000	35.369629	0.0	13301968	69	160.0
1606499618.58	160000	36.158133	0.0	19025846	99	160.0
1606499618.79	160000	36.942167	0.0	19295426	101	160.0
1606499619.0	160000	37.740776	0.0	18261873	96	160.0
1606499619.22	160000	38.520433	0.0	19847604	103	160.0
1606499619.43	160000	39.312001	0.0	18767181	100	160.0
1606499619.67	160000	40.069375	0.0	22420858	119	160.0
1606499619.89	160000	40.852721	0.0	19324333	101	160.0
1606499620.13	160000	41.616827	0.0	20392234	111	160.0
1606499620.23	160000	42.515637	0.0	7671072	51	160.0
1606499620.45	160000	43.295283	0.0	17781906	121	160.0
1606499620.61	160000	44.134236	0.0	12839336	87	160.0
1606499620.76	160000	44.985352	0.0	10779770	73	160.0
1606499620.94	160000	45.805653	0.0	14606687	99	160.0
1606499621.45	160000	46.299594	0.0	41866951	261	160.0
1606499621.86	160000	46.88494	0.0	37238410	196	160.0
1606499622.03	160000	47.721083	0.0	14347759	75	160.0
1606499622.16	160000	48.595628	0.0	11399187	61	160.0
1606499622.27	160000	49.479368	0.0	10358641	52	160.0
1606499622.43	160000	50.326144	0.0	14315696	72	160.0
1606499622.67	160000	51.08151	0.0	23283631	118	160.0
1606499623.08	160000	51.672209	0.0	37521367	191	160.0
1606499623.32	160000	52.433991	0.0	22241104	115	160.0
1606499623.51	160000	53.251125	0.0	15813346	83	160.0
1606499623.7	160000	54.062943	0.0	17116450	89	160.0
1606499623.9	160000	54.857533	0.0	18867054	99	160.0
1606499624.1	160000	55.657774	0.0	17393609	89	160.0
1606499624.36	160000	56.401842	0.0	24759401	122	160.0
1606499624.63	160000	57.128697	0.0	25782433	132	160.0
1606499624.92	160000	57.844414	0.0	25885372	127	160.0
1606499625.19	160000	58.57423	0.0	26242011	129	160.0
1606499625.52	160000	59.244101	0.0	23865378	182	160.0
1606499625.85	160000	59.912648	0.0	25470681	194	160.0
1606499627.23	160000	59.542129	0.0	27258768	207	160.0
1606499628.42	160000	59.543148	0.0	17853711	89	160.0
1606499629.1	160000	59.794123	0.0	14829893	97	160.0
1606499630.47	160000	59.545072	0.0	27779697	208	160.0
1606499631.27	160000	59.546131	0.0	27714923	147	160.0
1606499632.16	160000	59.797156	0.0	25946474	233	160.0
1606499633.45	160000	59.548121	0.0	19596259	180	160.0
1606499633.78	160000	59.997474	0.0	23774167	193	160.0
1606499635.05	160000	59.800146	0.0	19373656	158	160.0
1606499636.08	160000	59.801131	0.0	23977420	400	160.0
1606499640.64	160000	56.13675	0.0	24493733	4412	160.0
1606499641.87	160000	55.905249	0.0	14528511	1146	160.0
1606499643.28	160000	55.496482	0.0	16841176	1309	160.0
1606499644.54	160000	55.240693	0.0	16743604	1157	160.0
1606499646.1	160000	54.679787	0.0	17975224	1458	160.0
1606499646.66	160000	55.123551	0.0	22329548	428	160.0
1606499646.98	160000	55.806518	0.0	16001583	223	160.0
1606499647.35	160000	56.433486	0.0	18238584	260	160.0
1606499647.7	160000	57.088842	0.0	21308824	219	160.0
1606499647.98	160000	57.803866	0.0	17749058	182	160.0
1606499648.21	160000	58.579853	0.0	14127787	145	160.0
1606499648.47	160000	59.318831	0.0	17525699	161	160.0
1606499649.18	160000	59.783164	0.0	14240042	126	160.0
1606499650.46	160000	59.565147	0.0	20324139	169	160.0
1606499651.23	160000	59.566149	0.0	21993033	149	160.0
1606499651.98	160000	59.817161	0.0	18863108	138	160.0
1606499653.21	160000	59.818049	0.0	15964734	127	160.0
1606499654.31	160000	59.569225	0.0	8284939	55	160.0
1606499655.42	160000	59.570184	0.0	9004706	56	160.0
1606499656.01	160000	59.821157	0.0	6955279	44	160.0
1606499657.14	160000	59.822123	0.0	10701639	65	160.0
1606499658.28	160000	59.573104	0.0	9459459	81	160.0
1606499659.34	160000	59.574183	0.0	3212828	23	160.0
1606499660.37	160000	59.575162	0.0	2509989	16	160.0
1606499661.41	160000	59.576151	0.0	2004927	11	160.0
1606499662.43	160000	59.577157	0.0	591360	4	160.0
1606499663.97	160000	59.511928	0.0	2394426	18	160.0
1606499664.24	40000	1.000999	0.027	337339	2	-4.32
1606499664.49	40000	2.001999	0.0	14648397	91	40.0
1606499664.82	60000	2.756207	0.0	20421673	138	40.0
1606499664.99	60000	3.583007	0.0	13063186	88	60.0
1606499665.11	60000	4.46417	0.0	8954217	60	60.0
1606499665.27	80000	5.307768	0.0	11497228	78	60.0
1606499665.35	80000	6.223096	0.0	6232523	42	80.0
1606499665.43	80000	7.142614	0.0	5425476	41	80.0
1606499665.9	80000	7.677334	0.0	29583867	226	80.0
1606499666.31	110000	8.345776	0.0	28884539	221	80.0
1606499666.64	110000	9.014877	0.0	26873304	183	110.0
1606499667.05	110000	9.651171	0.0	33588177	218	110.0
1606499667.37	110000	10.35498	0.0	25684661	166	110.0
1606499667.5	110000	11.22601	0.0	10838546	60	110.0
1606499667.77	160000	11.984116	0.0	22224402	129	110.0
1606499668.04	160000	12.712562	0.0	22578365	131	160.0
1606499668.14	160000	13.611149	0.0	8346702	48	160.0
1606499668.34	160000	14.424149	0.0	15775481	91	160.0
1606499668.46	160000	15.297805	0.0	9163235	59	160.0
1606499669.05	160000	15.722594	0.0	41307095	312	160.0
1606499669.44	160000	16.33929	0.0	28763893	218	160.0
1606499669.77	160000	17.009621	0.0	21266416	198	160.0
1606499670.12	160000	17.654729	0.0	23702229	219	160.0
1606499670.54	160000	18.242931	0.0	27580394	256	160.0
1606499670.82	160000	18.956607	0.0	20329780	154	160.0
1606499671.04	160000	19.738315	0.0	16109183	121	160.0
1606499671.94	160000	19.840742	0.0	58830800	434	160.0
1606499672.79	160000	20.000144	0.0	66935122	464	160.0
1606499673.03	160000	20.759303	0.0	15251076	146	160.0
1606499673.28	160000	21.501192	0.0	16574034	155	160.0
1606499673.48	160000	22.303339	0.0	13009028	125	160.0
1606499673.7	160000	23.088081	0.0	12791674	140	160.0
1606499673.89	160000	23.895032	0.0	11137898	124	160.0
1606499674.1	160000	24.691981	0.0	11485310	134	160.0
1606499674.31	160000	25.481713	0.0	12428518	136	160.0
1606499674.49	160000	26.31141	0.0	9963766	110	160.0
1606499674.7	160000	27.090583	0.0	12189364	139	160.0
1606499674.88	160000	27.911729	0.0	10142396	117	160.0
1606499675.07	160000	28.726823	0.0	10185488	123	160.0
1606499675.31	160000	29.481716	0.0	14061455	162	160.0
1606499675.66	160000	30.137241	0.0	20074099	220	160.0
1606499676.42	160000	30.377702	0.0	46115254	503	160.0
1606499677.6	160000	30.199205	0.0	40906522	929	160.0
1606499678.18	160000	30.62059	0.0	7891151	527	160.0
1606499681.9	160000	27.903226	0.0	21012466	3596	160.0
1606499683.87	160000	26.929798	0.0	23519424	1839	160.0
1606499684.7	160000	27.101265	0.0	18715420	716	160.0
1606499684.99	160000	27.811695	0.0	17000816	191	160.0
1606499685.24	160000	28.563811	0.0	14448126	162	160.0
1606499685.37	160000	29.439777	0.0	6958676	78	160.0
1606499685.53	160000	30.279511	0.0	9088791	101	160.0
1606499691.97	160000	24.837591	0.0	7211881	6392	160.0
1606499692.07	160000	25.742696	0.0	3063586	67	160.0
1606499692.15	160000	26.655445	0.0	2782179	61	160.0
1606499692.43	160000	27.377604	0.0	9958410	218	160.0
1606499692.76	160000	28.05398	0.0	12158708	255	160.0
1606499693.09	160000	28.725417	0.0	12300216	255	160.0
1606499693.51	160000	29.305707	0.0	15815684	327	160.0
1606499693.87	160000	29.9465	0.0	13526256	282	160.0
1606499694.19	160000	30.625709	0.0	11995130	252	160.0
1606499694.55	160000	31.26778	0.0	13394791	281	160.0
1606499695.05	160000	31.763591	0.0	14135828	424	160.0
