1606521193.24	40000	1.000999	0.022	334476	10	-3.520000000000003
1606521193.86	40000	1.750936	0.0	14648397	474	40.0
1606521194.5	60000	2.128039	0.0	20421673	449	40.0
1606521194.83	60000	2.793597	0.0	13063186	256	60.0
1606521195.07	60000	3.56264	0.0	8954217	179	60.0
1606521195.38	80000	4.283583	0.0	11497228	228	60.0
1606521195.54	80000	5.118507	0.0	6232523	124	80.0
1606521195.69	80000	5.976374	0.0	5425476	107	80.0
1606521196.53	80000	6.20014	0.0	29583867	584	80.0
1606521197.27	110000	6.485542	0.0	28884539	568	80.0
1606521197.95	110000	6.821503	0.0	26873304	528	110.0
1606521200.56	110000	5.220445	0.0	33588177	2415	110.0
1606521201.47	110000	5.30944	0.0	25684661	766	110.0
1606521201.81	110000	5.962603	0.0	10838546	267	110.0
1606521205.11	160000	3.676306	0.0	22224402	3150	110.0
1606521206.88	160000	2.896955	0.0	22578365	1641	160.0
1606521207.57	160000	3.21337	0.0	8346702	631	160.0
1606521208.82	160000	2.958685	0.0	15775481	1157	160.0
1606521209.6	160000	3.185134	0.0	9163235	714	160.0
1606521212.97	160000	1.317696	0.504	41307095	3118	79.36
1606521214.05	160000	1.302728	0.068	28763893	918	149.12
1606521214.75	160000	1.614447	0.0	21266416	553	160.0
1606521215.57	160000	1.791831	0.0	23702229	669	160.0
1606521220.35	160000	1.394086	3.382	27580394	4641	-381.12
1606521222.16	160000	1.252067	0.674	20329780	1691	52.16
1606521223.05	160000	1.451244	0.089	16109183	801	145.76
1606521226.03	160000	1.278204	1.806	58830800	2555	-128.95999999999998
1606521230.19	160000	1.347093	3.224	66935122	3832	-355.84000000000003
1606521235.42	160000	1.322969	4.209	15251076	5154	-513.44
1606521236.89	160000	1.282299	0.427	16574034	1380	91.68
1606521237.88	160000	1.460128	0.163	13009028	921	133.92000000000002
1606521238.83	160000	1.505966	0.0	12791674	881	160.0
1606521239.78	160000	1.55683	0.0	11137898	882	160.0
1606521240.89	160000	1.446825	0.0	11485310	1041	160.0
1606521241.96	160000	1.381476	0.0	12428518	990	160.0
1606521242.78	160000	1.558089	0.0	9963766	763	160.0
1606521243.78	160000	1.561913	0.0	12189364	927	160.0
1606521244.52	160000	1.827541	0.0	10142396	673	160.0
1606521245.1	160000	2.248395	0.0	10185488	518	160.0
1606521245.71	160000	2.63693	0.0	14061455	522	160.0
1606521246.52	160000	2.82497	0.0	20074099	698	160.0
1606521249.73	160000	1.383771	0.768	46115254	2983	37.120000000000005
1606521253.06	160000	1.402306	2.342	40906522	3109	-214.72000000000003
1606521253.74	160000	1.719303	0.0	7891151	631	160.0
1606521255.55	160000	1.49668	0.591	21012466	1710	65.44
1606521256.7	160000	1.357408	0.0	23519424	1004	160.0
1606521257.09	160000	1.964177	0.0	18715420	285	160.0
1606521257.45	160000	2.606072	0.0	17000816	258	160.0
1606521257.71	160000	3.349574	0.0	14448126	153	160.0
1606521257.83	160000	4.229616	0.0	6958676	73	160.0
1606521257.98	160000	5.076937	0.0	9088791	96	160.0
1606521258.1	160000	5.954501	0.0	7211881	77	160.0
1606521258.16	160000	6.896894	0.0	3063586	32	160.0
1606521258.22	160000	7.844501	0.0	2782179	29	160.0
1606521258.38	160000	8.679955	0.0	9958410	108	160.0
1606521258.59	160000	9.474523	0.0	12158708	136	160.0
1606521258.8	160000	10.266756	0.0	12300216	138	160.0
1606521259.07	160000	10.994555	0.0	15815684	177	160.0
1606521259.3	160000	11.764563	0.0	13526256	150	160.0
1606521259.5	160000	12.561665	0.0	11995130	131	160.0
1606521259.73	160000	13.338358	0.0	13394791	142	160.0
1606521259.97	160000	14.100031	0.0	14135828	150	160.0
1606521260.22	160000	14.851259	0.0	15366126	162	160.0
1606521260.45	160000	15.620372	0.0	14248439	151	160.0
1606521260.67	160000	16.404418	0.0	13843717	138	160.0
1606521260.9	160000	17.171285	0.0	14665119	146	160.0
1606521261.23	160000	17.841109	0.0	21079187	211	160.0
1606521261.63	160000	18.443013	0.0	25480074	258	160.0
1606521262.0	160000	19.073573	0.0	23021754	239	160.0
1606521262.44	160000	19.637538	0.0	27527834	285	160.0
1606521262.86	160000	20.215251	0.0	26155848	265	160.0
1606521263.15	160000	20.931402	0.0	17849379	181	160.0
1606521263.42	160000	21.668188	0.0	16546531	168	160.0
1606521263.7	160000	22.383787	0.0	17718949	170	160.0
1606521263.97	160000	23.113642	0.0	17337137	169	160.0
1606521264.28	160000	23.803762	0.0	20008245	196	160.0
1606521265.16	160000	23.927827	0.0	58430914	561	160.0
1606521265.41	160000	24.670168	0.0	16292703	155	160.0
1606521265.82	160000	25.26906	0.0	25587422	261	160.0
1606521266.2	160000	25.884569	0.0	23982306	245	160.0
1606521266.42	160000	26.671601	0.0	13347845	136	160.0
1606521266.64	160000	27.45085	0.0	14337991	139	160.0
1606521266.86	160000	28.232532	0.0	14584990	134	160.0
1606521267.06	160000	29.025013	0.0	13962401	129	160.0
1606521267.28	160000	29.810607	0.0	14393788	133	160.0
1606521267.5	160000	30.587866	0.0	14649457	132	160.0
1606521267.7	160000	31.392779	0.0	13409715	117	160.0
1606521267.98	160000	32.19488	0.0	13909605	121	160.0
1606521268.17	160000	32.927664	0.0	13301968	115	160.0
1606521268.45	160000	33.647464	0.0	19025846	165	160.0
1606521268.71	160000	34.385908	0.0	19295426	150	160.0
1606521268.96	160000	35.138831	0.0	18261873	143	160.0
1606521269.25	160000	35.852614	0.0	19847604	161	160.0
1606521269.5	160000	36.59823	0.0	18767181	145	160.0
1606521269.83	160000	37.274145	0.0	22420858	192	160.0
1606521270.11	160000	37.993597	0.0	19324333	166	160.0
1606521270.4	160000	38.70387	0.0	20392234	175	160.0
1606521270.51	160000	39.589637	0.0	7671072	67	160.0
1606521270.78	160000	40.329272	0.0	17781906	158	160.0
1606521270.98	160000	41.12566	0.0	12839336	114	160.0
1606521271.14	160000	41.965266	0.0	10779770	96	160.0
1606521271.35	160000	42.753477	0.0	14606687	131	160.0
1606521271.98	160000	43.133726	0.0	41866951	368	160.0
1606521272.53	160000	43.583269	0.0	37238410	325	160.0
1606521272.72	160000	44.390467	0.0	14347759	113	160.0
1606521272.88	160000	45.233325	0.0	11399187	90	160.0
1606521273.03	160000	46.087888	0.0	10358641	82	160.0
1606521273.22	160000	46.894988	0.0	14315696	113	160.0
1606521273.54	160000	47.575624	0.0	23283631	189	160.0
1606521274.04	160000	48.078573	0.0	37521367	268	160.0
1606521274.32	160000	48.793258	0.0	22241104	158	160.0
1606521274.53	160000	49.583133	0.0	15813346	113	160.0
1606521275.09	160000	50.026937	0.0	17116450	459	160.0
1606521275.92	160000	50.20358	0.0	18867054	711	160.0
1606521277.46	160000	49.666294	0.0	17393609	1435	160.0
1606521277.98	160000	50.138861	0.0	24759401	387	160.0
1606521278.49	160000	50.634639	0.0	25782433	361	160.0
1606521280.56	160000	49.562815	0.0	25885372	1912	160.0
1606521281.25	160000	49.886337	0.0	26242011	533	160.0
1606521281.82	160000	50.302176	0.0	23865378	429	160.0
1606521282.36	160000	50.771139	0.0	25470681	386	160.0
1606521283.27	160000	50.854192	0.0	27258768	751	160.0
1606521284.29	160000	50.839229	0.0	17853711	910	160.0
1606521285.33	160000	50.795797	0.0	14829893	962	160.0
1606521289.35	160000	47.781018	0.0	27779697	3852	160.0
1606521291.15	160000	46.980922	0.0	27714923	1643	160.0
1606521292.05	160000	47.084542	0.0	25946474	740	160.0
1606521292.66	160000	47.476918	0.0	19596259	496	160.0
1606521293.4	160000	47.735955	0.0	23774167	611	160.0
1606521294.0	160000	48.136018	0.0	19373656	485	160.0
1606521294.72	160000	48.41727	0.0	23977420	592	160.0
1606521295.42	160000	48.720917	0.0	24493733	560	160.0
1606521295.84	160000	49.301956	0.0	14528511	329	160.0
1606521296.32	160000	49.817423	0.0	16841176	385	160.0
1606521296.81	160000	50.336261	0.0	16743604	387	160.0
1606521297.36	160000	50.783966	0.0	17975224	450	160.0
1606521298.01	160000	51.129285	0.0	22329548	524	160.0
1606521298.46	160000	51.68018	0.0	16001583	355	160.0
1606521298.97	160000	52.173646	0.0	18238584	404	160.0
1606521299.56	160000	52.581429	0.0	21308824	468	160.0
1606521300.07	160000	53.081345	0.0	17749058	395	160.0
1606521300.46	160000	53.689093	0.0	14127787	315	160.0
1606521300.93	160000	54.216722	0.0	17525699	369	160.0
1606521301.3	160000	54.850383	0.0	14240042	286	160.0
1606521301.83	160000	55.319359	0.0	20324139	409	160.0
1606521302.38	160000	55.772945	0.0	21993033	424	160.0
1606521302.85	160000	56.30139	0.0	18863108	360	160.0
1606521303.26	160000	56.896664	0.0	15964734	310	160.0
1606521303.48	160000	57.673226	0.0	8284939	167	160.0
1606521303.71	160000	58.442279	0.0	9004706	173	160.0
1606521303.87	160000	59.287625	0.0	6955279	109	160.0
1606521304.6	160000	59.694164	0.0	10701639	167	160.0
1606521305.31	160000	59.945162	0.0	9459459	148	160.0
1606521306.39	160000	59.946271	0.0	3212828	51	160.0
1606521307.46	160000	59.947271	0.0	2509989	31	160.0
1606521308.5	160000	59.698274	0.0	2004927	22	160.0
1606521309.52	160000	59.699273	0.0	591360	7	160.0
1606521311.08	160000	59.634038	0.0	2394426	28	160.0
1606521311.35	40000	1.000999	0.068	337339	2	-10.880000000000003
1606521311.65	40000	2.001999	0.0	14648397	111	40.0
1606521311.99	60000	2.767967	0.0	20421673	166	40.0
1606521312.17	60000	3.594305	0.0	13063186	96	60.0
1606521312.29	60000	4.474073	0.0	8954217	65	60.0
1606521312.45	80000	5.314099	0.0	11497228	84	60.0
1606521312.54	80000	6.22486	0.0	6232523	46	80.0
1606521312.62	80000	7.146713	0.0	5425476	40	80.0
1606521313.09	80000	7.678876	0.0	29583867	227	80.0
1606521313.5	110000	8.349727	0.0	28884539	228	80.0
1606521313.86	110000	8.989349	0.0	26873304	212	110.0
1606521314.25	110000	9.642636	0.0	33588177	202	110.0
1606521314.57	110000	10.346605	0.0	25684661	155	110.0
1606521314.7	110000	11.215256	0.0	10838546	64	110.0
1606521315.0	160000	11.942043	0.0	22224402	148	110.0
1606521315.28	160000	12.658481	0.0	22578365	151	160.0
1606521315.41	160000	13.538235	0.0	8346702	68	160.0
1606521315.61	160000	14.333162	0.0	15775481	106	160.0
1606521315.73	160000	15.215206	0.0	9163235	61	160.0
1606521316.32	160000	15.646986	0.0	41307095	304	160.0
1606521316.69	160000	16.275384	0.0	28763893	207	160.0
1606521316.98	160000	16.996015	0.0	21266416	146	160.0
1606521317.26	160000	17.707094	0.0	23702229	141	160.0
1606521317.58	160000	18.383645	0.0	27580394	165	160.0
1606521317.85	160000	19.122016	0.0	20329780	121	160.0
1606521318.09	160000	19.881579	0.0	16109183	144	160.0
1606521319.1	160000	19.875173	0.0	58830800	526	160.0
1606521319.9	160000	20.07565	0.0	66935122	423	160.0
1606521320.15	160000	20.822008	0.0	15251076	157	160.0
1606521320.43	160000	21.547595	0.0	16574034	169	160.0
1606521320.64	160000	22.334653	0.0	13009028	133	160.0
1606521320.95	160000	23.028166	0.0	12791674	229	160.0
1606521321.82	160000	23.160595	0.0	11137898	775	160.0
1606521322.7	160000	23.27726	0.0	11485310	813	160.0
1606521322.93	160000	24.047789	0.0	12428518	154	160.0
1606521323.07	160000	24.909396	0.0	9963766	77	160.0
1606521323.24	160000	25.742178	0.0	12189364	94	160.0
1606521323.39	160000	26.587517	0.0	10142396	77	160.0
1606521323.54	160000	27.446259	0.0	10185488	78	160.0
1606521323.73	160000	28.253488	0.0	14061455	108	160.0
1606521323.99	160000	28.991642	0.0	20074099	142	160.0
1606521324.58	160000	29.417784	0.0	46115254	311	160.0
1606521325.13	160000	29.854293	0.0	40906522	308	160.0
1606521325.26	160000	30.730522	0.0	7891151	73	160.0
1606521325.57	160000	31.416051	0.0	21012466	196	160.0
1606521325.93	160000	32.063723	0.0	23519424	219	160.0
1606521326.15	160000	32.842664	0.0	18715420	114	160.0
1606521326.35	160000	33.638581	0.0	17000816	102	160.0
1606521326.53	160000	34.459461	0.0	14448126	88	160.0
1606521326.63	160000	35.368788	0.0	6958676	42	160.0
1606521326.74	160000	36.254808	0.0	9088791	55	160.0
1606521326.83	160000	37.164098	0.0	7211881	44	160.0
1606521326.89	160000	38.111309	0.0	3063586	25	160.0
1606521326.94	160000	39.061308	0.0	2782179	23	160.0
1606521327.08	160000	39.917547	0.0	9958410	83	160.0
1606521327.25	160000	40.746067	0.0	12158708	101	160.0
1606521327.43	160000	41.568788	0.0	12300216	103	160.0
1606521327.66	160000	42.342246	0.0	15815684	133	160.0
1606521327.86	160000	43.147117	0.0	13526256	113	160.0
1606521328.04	160000	43.969322	0.0	11995130	104	160.0
1606521328.23	160000	44.776472	0.0	13394791	116	160.0
1606521328.44	160000	45.571462	0.0	14135828	123	160.0
