1606479572.18	40000	1.000999	0.033	334476	22	-5.280000000000001
1606479573.38	40000	1.176434	0.0	14648397	1057	40.0
1606479574.99	60000	1.342245	0.749	20421673	1456	-79.84
1606479577.3	60000	1.435797	1.372	13063186	2233	-159.52
1606479579.25	60000	1.265109	0.753	8954217	1899	-60.480000000000004
1606479580.67	80000	1.256354	0.389	11497228	1352	-2.240000000000002
1606479582.28	80000	1.329411	0.664	6232523	1572	-26.239999999999995
1606479582.84	80000	1.774642	0.0	5425476	520	80.0
1606479584.67	80000	1.495443	0.545	29583867	1613	-7.200000000000003
1606479588.66	110000	1.291794	2.793	28884539	3839	-366.88
1606479590.67	110000	1.294223	1.014	26873304	1875	-52.24000000000001
1606479593.37	110000	1.349581	1.75	33588177	2527	-170.0
1606479595.97	110000	1.351611	1.607	25684661	2479	-147.12
1606479598.52	110000	1.459443	1.646	10838546	2480	-153.36
1606479600.48	160000	1.356224	0.863	22224402	1839	-28.080000000000013
1606479601.96	160000	1.470042	0.593	22578365	1361	65.12
1606479602.42	160000	2.009083	0.0	8346702	413	160.0
1606479603.31	160000	2.117808	0.0	15775481	799	160.0
1606479603.83	160000	2.596734	0.0	9163235	469	160.0
1606479605.82	160000	1.61551	0.0	41307095	1708	160.0
1606479606.77	160000	1.66774	0.0	28763893	776	160.0
1606479607.52	160000	1.912036	0.0	21266416	617	160.0
1606479611.41	160000	1.320062	2.293	23702229	3767	-206.88
1606479617.01	160000	1.363929	4.643	27580394	5463	-582.88
1606479618.74	160000	1.258263	0.626	20329780	1618	59.84
1606479619.53	160000	1.477349	0.0	16109183	683	160.0
1606479621.19	160000	1.268948	0.463	58830800	1244	85.92
1606479622.82	160000	1.348498	0.7	66935122	1306	48.0
1606479623.43	160000	1.735349	0.0	15251076	516	160.0
1606479623.93	160000	2.230375	0.0	16574034	405	160.0
1606479624.32	160000	2.843038	0.0	13009028	309	160.0
1606479624.54	160000	3.625975	0.0	12791674	144	160.0
1606479624.74	160000	4.426927	0.0	11137898	128	160.0
1606479624.94	160000	5.226803	0.0	11485310	130	160.0
1606479625.15	160000	6.016904	0.0	12428518	141	160.0
1606479625.32	160000	6.846808	0.0	9963766	111	160.0
1606479625.52	160000	7.65281	0.0	12189364	125	160.0
1606479625.68	160000	8.490521	0.0	10142396	103	160.0
1606479625.85	160000	9.326985	0.0	10185488	103	160.0
1606479626.07	160000	10.1011	0.0	14061455	139	160.0
1606479626.39	160000	10.786397	0.0	20074099	201	160.0
1606479627.04	160000	11.133003	0.0	46115254	396	160.0
1606479627.65	160000	11.527644	0.0	40906522	368	160.0
1606479627.78	160000	12.400396	0.0	7891151	76	160.0
1606479628.11	160000	13.073422	0.0	21012466	199	160.0
1606479628.47	160000	13.714986	0.0	23519424	225	160.0
1606479628.76	160000	14.427533	0.0	18715420	175	160.0
1606479629.02	160000	15.16508	0.0	17000816	159	160.0
1606479629.24	160000	15.945166	0.0	14448126	135	160.0
1606479629.35	160000	16.832821	0.0	6958676	63	160.0
1606479629.49	160000	17.692742	0.0	9088791	81	160.0
1606479629.61	160000	18.576352	0.0	7211881	71	160.0
1606479629.67	160000	19.521344	0.0	3063586	28	160.0
1606479629.71	160000	20.473684	0.0	2782179	25	160.0
1606479629.86	160000	21.327	0.0	9958410	89	160.0
1606479630.04	160000	22.149901	0.0	12158708	107	160.0
1606479630.22	160000	22.967057	0.0	12300216	110	160.0
1606479630.52	160000	23.670527	0.0	15815684	206	160.0
1606479630.81	160000	24.383096	0.0	13526256	211	160.0
1606479631.07	160000	25.127576	0.0	11995130	188	160.0
1606479631.35	160000	25.844129	0.0	13394791	209	160.0
1606479632.39	160000	25.810068	0.0	14135828	953	160.0
1606479633.43	160000	25.769472	0.0	15366126	954	160.0
1606479633.72	160000	26.476749	0.0	14248439	214	160.0
1606479634.01	160000	27.192551	0.0	13843717	207	160.0
1606479634.32	160000	27.884413	0.0	14665119	220	160.0
1606479634.74	160000	28.457368	0.0	21079187	300	160.0
1606479635.25	160000	28.954347	0.0	25480074	362	160.0
1606479635.77	160000	29.43375	0.0	23021754	389	160.0
1606479636.4	160000	29.802512	0.0	27527834	479	160.0
1606479636.9	160000	30.302572	0.0	26155848	342	160.0
1606479637.24	160000	30.962352	0.0	17849379	233	160.0
1606479637.54	160000	31.662877	0.0	16546531	195	160.0
1606479637.85	160000	32.354803	0.0	17718949	200	160.0
1606479638.15	160000	33.05873	0.0	17337137	196	160.0
1606479638.49	160000	33.723204	0.0	20008245	220	160.0
1606479639.39	160000	33.823394	0.0	58430914	587	160.0
1606479639.65	160000	34.563894	0.0	16292703	156	160.0
1606479640.03	160000	35.179222	0.0	25587422	246	160.0
1606479640.4	160000	35.815389	0.0	23982306	230	160.0
1606479640.6	160000	36.615101	0.0	13347845	121	160.0
1606479640.81	160000	37.402776	0.0	14337991	130	160.0
1606479641.03	160000	38.188826	0.0	14584990	132	160.0
1606479641.23	160000	38.984167	0.0	13962401	124	160.0
1606479641.45	160000	39.774439	0.0	14393788	129	160.0
1606479641.65	160000	40.570728	0.0	14649457	120	160.0
1606479641.84	160000	41.38312	0.0	13409715	109	160.0
1606479642.03	160000	42.191928	0.0	13909605	114	160.0
1606479642.23	160000	43.001541	0.0	13301968	114	160.0
1606479642.5	160000	43.726497	0.0	19025846	159	160.0
1606479642.8	160000	44.432189	0.0	19295426	179	160.0
1606479643.07	160000	45.15706	0.0	18261873	169	160.0
1606479643.38	160000	45.854036	0.0	19847604	183	160.0
1606479643.66	160000	46.573478	0.0	18767181	168	160.0
1606479643.98	160000	47.247314	0.0	22420858	200	160.0
1606479644.27	160000	47.957873	0.0	19324333	173	160.0
1606479644.57	160000	48.663487	0.0	20392234	179	160.0
1606479644.69	160000	49.54168	0.0	7671072	67	160.0
1606479644.95	160000	50.287209	0.0	17781906	153	160.0
1606479645.13	160000	51.101589	0.0	12839336	111	160.0
1606479645.29	160000	51.947945	0.0	10779770	92	160.0
1606479645.49	160000	52.744369	0.0	14606687	124	160.0
1606479646.07	160000	53.163816	0.0	41866951	340	160.0
1606479646.6	160000	53.643815	0.0	37238410	303	160.0
1606479646.81	160000	54.432409	0.0	14347759	124	160.0
1606479646.97	160000	55.270062	0.0	11399187	94	160.0
1606479647.12	160000	56.119901	0.0	10358641	86	160.0
1606479647.32	160000	56.921408	0.0	14315696	119	160.0
1606479647.67	160000	57.577465	0.0	23283631	214	160.0
1606479648.21	160000	58.040537	0.0	37521367	316	160.0
1606479648.54	160000	58.708427	0.0	22241104	201	160.0
1606479648.79	160000	59.462655	0.0	15813346	144	160.0
1606479649.54	160000	59.883235	0.0	17116450	157	160.0
1606479650.8	160000	59.634276	0.0	18867054	149	160.0
1606479651.52	160000	59.885245	0.0	17393609	112	160.0
1606479652.83	160000	59.636296	0.0	24759401	178	160.0
1606479653.75	160000	59.637278	0.0	25782433	275	160.0
1606479655.84	160000	58.414065	0.0	25885372	1931	160.0
1606479657.12	160000	58.13113	0.0	26242011	1139	160.0
1606479657.72	160000	58.544962	0.0	23865378	436	160.0
1606479658.09	160000	59.166901	0.0	25470681	232	160.0
1606479658.51	160000	59.751595	0.0	27258768	248	160.0
1606479659.82	160000	59.643263	0.0	17853711	201	160.0
1606479660.55	160000	59.894343	0.0	14829893	152	160.0
1606479661.56	160000	59.89534	0.0	27779697	346	160.0
1606479662.65	160000	59.646307	0.0	27714923	428	160.0
1606479663.4	160000	59.858022	0.0	25946474	609	160.0
1606479667.11	160000	57.154204	0.0	19596259	3590	160.0
1606479669.15	160000	56.115975	0.0	23774167	1902	160.0
1606479669.89	160000	56.377839	0.0	19373656	625	160.0
1606479670.44	160000	56.825635	0.0	23977420	415	160.0
1606479670.94	160000	57.326138	0.0	24493733	361	160.0
1606479671.22	160000	58.04882	0.0	14528511	196	160.0
1606479671.55	160000	58.719651	0.0	16841176	226	160.0
1606479671.91	160000	59.36838	0.0	16743604	249	160.0
1606479672.29	160000	59.985794	0.0	17975224	268	160.0
1606479673.38	160000	59.907314	0.0	22329548	454	160.0
1606479674.64	160000	59.634325	0.0	16001583	1157	160.0
1606479675.64	160000	59.635883	0.0	18238584	897	160.0
1606479676.65	160000	59.660215	0.0	21308824	385	160.0
1606479677.54	160000	59.911215	0.0	17749058	282	160.0
1606479678.85	160000	59.662211	0.0	14127787	232	160.0
1606479679.7	160000	59.663177	0.0	17525699	244	160.0
1606479680.48	160000	59.914287	0.0	14240042	199	160.0
1606479681.86	160000	59.665259	0.0	20324139	255	160.0
1606479682.72	160000	59.666184	0.0	21993033	239	160.0
1606479683.55	160000	59.9053	0.0	18863108	221	160.0
1606479684.43	160000	59.918245	0.0	15964734	282	160.0
1606479685.66	160000	59.669241	0.0	8284939	169	160.0
1606479688.09	160000	58.190534	0.0	9004706	2381	160.0
1606479688.66	160000	58.626798	0.0	6955279	518	160.0
1606479689.6	160000	58.690473	0.0	10701639	876	160.0
1606479690.07	160000	59.215417	0.0	9459459	408	160.0
1606479690.73	160000	59.674231	0.0	3212828	128	160.0
1606479691.84	160000	59.67532	0.0	2509989	87	160.0
1606479692.39	160000	59.926247	0.0	2004927	31	160.0
1606479693.42	160000	59.927235	0.0	591360	8	160.0
1606479694.98	160000	59.862073	0.0	2394426	33	160.0
1606479695.23	40000	1.000999	0.046	337339	28	-7.359999999999999
1606479696.45	40000	1.375034	0.25	14648397	1085	0.0
1606479698.17	60000	1.441984	0.768	20421673	1576	-82.88
1606479699.0	60000	1.646717	0.0	13063186	739	60.0
1606479699.38	60000	2.283012	0.0	8954217	326	60.0
1606479699.82	80000	2.867594	0.0	11497228	353	60.0
1606479699.94	80000	3.744033	0.0	6232523	80	80.0
1606479700.05	80000	4.636298	0.0	5425476	71	80.0
1606479700.71	80000	4.991343	0.0	29583867	410	80.0
1606479701.23	110000	5.480755	0.0	28884539	331	80.0
1606479701.7	110000	6.006975	0.0	26873304	309	110.0
1606479702.26	110000	6.45141	0.0	33588177	360	110.0
1606479702.67	110000	7.034509	0.0	25684661	275	110.0
1606479702.86	110000	7.854894	0.0	10838546	114	110.0
1606479703.22	160000	8.491383	0.0	22224402	233	110.0
1606479703.59	160000	9.12187	0.0	22578365	236	160.0
1606479703.74	160000	9.97619	0.0	8346702	86	160.0
1606479704.0	160000	10.713499	0.0	15775481	164	160.0
1606479704.16	160000	11.560266	0.0	9163235	95	160.0
1606479704.87	160000	11.84198	0.0	41307095	433	160.0
1606479705.33	160000	12.39115	0.0	28763893	285	160.0
1606479705.69	160000	13.030388	0.0	21266416	211	160.0
1606479706.08	160000	13.642278	0.0	23702229	252	160.0
1606479706.53	160000	14.187634	0.0	27580394	300	160.0
1606479706.91	160000	14.808768	0.0	20329780	239	160.0
1606479707.34	160000	15.378905	0.0	16109183	333	160.0
1606479711.81	160000	11.914506	0.0	58830800	3993	160.0
1606479721.84	160000	2.881044	0.0	66935122	9669	160.0
1606479723.9	160000	1.8255	0.0	15251076	1960	160.0
1606479726.04	160000	1.329342	0.64	16574034	2046	57.599999999999994
1606479727.84	160000	1.470981	0.941	13009028	1735	9.439999999999998
1606479729.72	160000	1.412691	0.828	12791674	1824	27.52000000000001
1606479731.54	160000	1.49149	0.891	11137898	1756	17.439999999999998
1606479734.12	160000	1.383666	1.476	11485310	2527	-76.16
1606479736.98	160000	1.360704	1.835	12428518	2796	-133.60000000000002
1606479737.72	160000	1.623945	0.0	9963766	677	160.0
1606479738.36	160000	1.987846	0.0	12189364	566	160.0
1606479738.82	160000	2.527432	0.0	10142396	401	160.0
1606479739.09	160000	3.251796	0.0	10185488	214	160.0
1606479739.39	160000	3.959709	0.0	14061455	208	160.0
1606479739.8	160000	4.551705	0.0	20074099	289	160.0
1606479740.67	160000	4.685016	0.0	46115254	609	160.0
1606479741.56	160000	4.793208	0.0	40906522	650	160.0
1606479741.78	160000	5.575608	0.0	7891151	155	160.0
1606479742.97	160000	5.384291	0.0	21012466	1073	160.0
1606479745.16	160000	4.195027	0.0	23519424	2059	160.0
1606479746.36	160000	3.995842	0.0	18715420	1092	160.0
1606479747.09	160000	4.260211	0.0	17000816	641	160.0
1606479747.42	160000	4.934032	0.0	14448126	240	160.0
1606479747.59	160000	5.771949	0.0	6958676	112	160.0
1606479747.8	160000	6.556133	0.0	9088791	151	160.0
1606479747.97	160000	7.388298	0.0	7211881	119	160.0
1606479748.05	160000	8.30973	0.0	3063586	51	160.0
1606479748.12	160000	9.236743	0.0	2782179	47	160.0
1606479748.35	160000	10.008891	0.0	9958410	169	160.0
1606479748.63	160000	10.734158	0.0	12158708	206	160.0
1606479748.91	160000	11.454508	0.0	12300216	207	160.0
1606479749.3	160000	12.065444	0.0	15815684	296	160.0
1606479749.64	160000	12.72535	0.0	13526256	264	160.0
1606479749.94	160000	13.422423	0.0	11995130	235	160.0
1606479750.23	160000	14.13385	0.0	13394791	214	160.0
