1606509809.78	40000	1.000999	0.037	334476	26	-5.920000000000002
1606509811.16	160000	1.217383	0.212	14912671	1140	6.079999999999998
1606509813.24	160000	1.306075	1.14	24265636	1824	-22.400000000000006
1606509815.3	160000	1.422066	1.15	22711544	1867	-24.0
1606509817.02	160000	1.310048	0.577	19639705	1540	67.68
1606509818.96	160000	1.306404	0.917	20946809	1764	13.280000000000001
1606509819.97	160000	1.473532	0.17	11895609	869	132.8
1606509820.63	160000	1.808176	0.0	7597636	551	160.0
1606509822.04	60000	1.404793	0.0	17832465	1220	-40.0
1606509822.73	60000	1.716575	0.0	9877442	560	60.0
1606509823.4	60000	2.04395	0.0	10988410	530	60.0
1606509824.15	60000	2.292806	0.0	15230785	599	60.0
1606509825.56	60000	1.891526	0.0	13601559	1257	60.0
1606509827.58	110000	1.400912	0.539	10838546	1895	-26.239999999999995
1606509828.76	110000	1.440436	0.206	12783186	1037	77.03999999999999
1606509829.7	110000	1.498598	0.0	13101938	792	110.0
1606509830.05	160000	2.146787	0.0	8346702	228	110.0
1606509830.64	160000	2.555632	0.0	15775481	431	160.0
1606509830.93	160000	3.264634	0.0	9163235	170	160.0
1606509831.28	40000	3.918086	0.0	11199212	207	-80.0
1606509831.56	40000	4.642568	0.0	8376884	154	40.0
1606509831.85	60000	5.347644	0.0	9003718	163	40.0
1606509832.02	20000	6.176275	0.0	3944328	71	-20.0
1606509832.2	20000	6.999954	0.0	4284196	77	20.0
1606509832.35	20000	7.854892	0.0	3022025	54	20.0
1606509832.48	20000	8.727648	0.0	2248581	40	20.0
1606509832.78	20000	9.41952	0.0	9946363	180	20.0
1606509833.17	20000	10.039522	0.0	11684632	248	20.0
1606509833.29	20000	10.914198	0.0	1849732	39	20.0
1606509833.42	20000	11.786958	0.0	1942795	40	20.0
1606509833.54	20000	12.66524	0.0	1704756	36	20.0
1606509833.67	20000	13.542867	0.0	1697111	36	20.0
1606509833.78	20000	14.425726	0.0	1529441	23	20.0
1606509834.1	160000	15.109607	0.0	11485310	179	20.0
1606509834.44	160000	15.776162	0.0	12428518	196	160.0
1606509834.72	160000	16.492434	0.0	9963766	156	160.0
1606509835.36	160000	16.851109	0.0	12189364	508	160.0
1606509838.21	160000	15.004326	0.0	10142396	2710	160.0
1606509840.13	160000	14.084577	0.0	10185488	1794	160.0
1606509841.25	160000	13.977616	0.0	14061455	958	160.0
1606509842.82	160000	13.40127	0.0	20074099	1384	160.0
1606509843.31	20000	13.906571	0.0	4742872	388	-120.0
1606509843.83	20000	14.392956	0.0	4955535	409	20.0
1606509844.01	20000	15.215653	0.0	1260540	92	20.0
1606509844.37	20000	15.85273	0.0	3605246	268	20.0
1606509844.67	20000	16.557002	0.0	2770338	205	20.0
1606509844.9	20000	17.326877	0.0	1855168	140	20.0
1606509845.11	20000	18.111153	0.0	1666915	128	20.0
1606509845.32	20000	18.905814	0.0	1555467	119	20.0
1606509845.48	20000	19.747754	0.0	1008919	77	20.0
1606509845.66	20000	20.571338	0.0	1227619	94	20.0
1606509845.82	20000	21.412889	0.0	1015853	78	20.0
1606509846.13	160000	22.103728	0.0	3063586	216	20.0
1606509846.41	160000	22.818404	0.0	2782179	196	160.0
1606509847.22	160000	23.010474	0.0	9958410	683	160.0
1606509848.19	160000	23.03921	0.0	12158708	835	160.0
1606509849.29	160000	22.947216	0.0	12300216	952	160.0
1606509850.61	160000	22.62369	0.0	15815684	1166	160.0
1606509851.72	160000	22.513484	0.0	13526256	969	160.0
1606509852.94	160000	22.297739	0.0	11995130	1072	160.0
1606509854.03	160000	22.212783	0.0	13394791	941	160.0
1606509854.56	160000	22.67798	0.0	14135828	390	160.0
1606509855.04	160000	23.200412	0.0	15366126	322	160.0
1606509855.39	160000	23.860234	0.0	14248439	192	160.0
1606509855.72	160000	24.523142	0.0	13843717	184	160.0
1606509856.06	160000	25.186271	0.0	14665119	191	160.0
1606509856.52	160000	25.727995	0.0	21079187	268	160.0
1606509857.06	160000	26.182956	0.0	25480074	337	160.0
1606509857.66	160000	26.588576	0.0	23021754	396	160.0
1606509858.79	160000	26.460377	0.0	27527834	906	160.0
1606509860.04	160000	26.204693	0.0	26155848	1044	160.0
1606509860.88	160000	26.364804	0.0	17849379	665	160.0
1606509862.0	160000	26.254661	0.0	16546531	946	160.0
1606509863.5	160000	25.756689	0.0	17718949	1324	160.0
1606509865.29	160000	24.961714	0.0	17337137	1623	160.0
1606509866.34	160000	24.911378	0.0	20008245	866	160.0
1606509867.76	160000	24.493186	0.0	58430914	801	160.0
1606509868.08	160000	25.180189	0.0	16292703	140	160.0
1606509868.53	160000	25.723817	0.0	25587422	252	160.0
1606509868.97	160000	26.289597	0.0	23982306	236	160.0
1606509869.24	160000	27.017901	0.0	13347845	129	160.0
1606509869.52	160000	27.735095	0.0	14337991	134	160.0
1606509869.81	160000	28.451699	0.0	14584990	137	160.0
1606509870.08	160000	29.18154	0.0	13962401	126	160.0
1606509870.36	160000	29.905432	0.0	14393788	126	160.0
1606509870.64	160000	30.622801	0.0	14649457	128	160.0
1606509870.9	160000	31.36423	0.0	13409715	117	160.0
1606509871.17	160000	32.09555	0.0	13909605	126	160.0
1606509871.43	160000	32.836495	0.0	13301968	119	160.0
1606509871.79	160000	33.482261	0.0	19025846	171	160.0
1606509872.14	160000	34.124066	0.0	19295426	183	160.0
1606509872.51	160000	34.763097	0.0	18261873	189	160.0
1606509872.9	160000	35.371432	0.0	19847604	206	160.0
1606509873.4	160000	35.87199	0.0	18767181	326	160.0
1606509873.98	160000	36.294418	0.0	22420858	383	160.0
1606509874.37	160000	36.90605	0.0	19324333	201	160.0
1606509874.77	160000	37.509444	0.0	20392234	211	160.0
1606509874.96	160000	38.314756	0.0	7671072	79	160.0
1606509875.28	160000	38.993795	0.0	17781906	153	160.0
1606509875.54	160000	39.742191	0.0	12839336	111	160.0
1606509875.76	160000	40.521793	0.0	10779770	91	160.0
1606509876.03	160000	41.248333	0.0	14606687	127	160.0
1606509876.73	160000	41.555076	0.0	41866951	379	160.0
1606509877.33	160000	41.95188	0.0	37238410	319	160.0
1606509877.59	160000	42.689498	0.0	14347759	114	160.0
1606509877.82	160000	43.467329	0.0	11399187	91	160.0
1606509878.03	160000	44.252865	0.0	10358641	83	160.0
1606509878.3	160000	44.986618	0.0	14315696	122	160.0
1606509878.69	160000	45.595547	0.0	23283631	187	160.0
1606509879.28	160000	46.004091	0.0	37521367	305	160.0
1606509879.66	160000	46.632129	0.0	22241104	180	160.0
1606509879.95	160000	47.341571	0.0	15813346	129	160.0
1606509880.25	160000	48.039268	0.0	17116450	138	160.0
1606509880.58	160000	48.710729	0.0	18867054	155	160.0
1606509880.89	160000	49.401378	0.0	17393609	141	160.0
1606509881.3	160000	49.98991	0.0	24759401	209	160.0
1606509881.74	160000	50.557759	0.0	25782433	222	160.0
1606509882.2	160000	51.098772	0.0	25885372	227	160.0
1606509882.64	160000	51.652322	0.0	26242011	228	160.0
1606509883.07	160000	52.226055	0.0	23865378	208	160.0
1606509884.18	160000	52.114216	0.0	25470681	902	160.0
1606509887.12	160000	50.179721	0.0	27258768	2698	160.0
1606509888.02	160000	50.279884	0.0	17853711	733	160.0
1606509888.39	160000	50.910386	0.0	14829893	219	160.0
1606509889.04	160000	51.266957	0.0	27779697	414	160.0
1606509892.92	160000	48.383388	0.0	27714923	3661	160.0
1606509894.45	160000	47.860333	0.0	25946474	1298	160.0
1606509894.87	160000	48.436494	0.0	19596259	240	160.0
1606509895.33	160000	48.977292	0.0	23774167	262	160.0
1606509895.69	160000	49.618815	0.0	19373656	181	160.0
1606509896.11	160000	50.197899	0.0	23977420	223	160.0
1606509896.54	160000	50.767899	0.0	24493733	224	160.0
1606509896.82	160000	51.487005	0.0	14528511	134	160.0
1606509897.15	160000	52.159249	0.0	16841176	166	160.0
1606509897.47	160000	52.844445	0.0	16743604	149	160.0
1606509897.8	160000	53.514538	0.0	17975224	160	160.0
1606509898.19	160000	54.122936	0.0	22329548	199	160.0
1606509898.5	160000	54.816851	0.0	16001583	145	160.0
1606509898.83	160000	55.481919	0.0	18238584	166	160.0
1606509899.22	160000	56.098844	0.0	21308824	193	160.0
1606509899.54	160000	56.775968	0.0	17749058	154	160.0
1606509899.81	160000	57.506303	0.0	14127787	124	160.0
1606509900.13	160000	58.188816	0.0	17525699	152	160.0
1606509900.41	160000	58.916271	0.0	14240042	121	160.0
1606509900.77	160000	59.551649	0.0	20324139	173	160.0
1606509901.65	160000	59.778385	0.0	21993033	187	160.0
1606509902.99	160000	59.52941	0.0	18863108	157	160.0
1606509903.79	160000	59.78041	0.0	15964734	135	160.0
1606509904.97	160000	59.531398	0.0	8284939	71	160.0
1606509905.67	160000	59.782392	0.0	9004706	76	160.0
1606509906.85	160000	59.533386	0.0	6955279	67	160.0
1606509907.58	160000	59.784406	0.0	10701639	92	160.0
1606509908.79	160000	59.7854	0.0	9459459	86	160.0
1606509909.92	160000	59.536409	0.0	3212828	32	160.0
1606509911.02	160000	59.537392	0.0	2509989	21	160.0
1606509911.61	160000	59.788414	0.0	2004927	17	160.0
1606509912.66	160000	59.789395	0.0	591360	3	160.0
1606509914.24	160000	59.724161	0.0	2394426	20	160.0
1606509914.59	40000	1.000999	0.023	336477	2	-3.6799999999999997
1606509914.9	160000	2.001999	0.0	14912671	89	40.0
1606509915.33	160000	2.598337	0.0	24265636	143	160.0
1606509915.66	160000	3.27391	0.0	22711544	124	160.0
1606509915.95	160000	3.982508	0.0	19639705	107	160.0
1606509916.25	160000	4.680261	0.0	20946809	114	160.0
1606509916.47	160000	5.497384	0.0	11895609	67	160.0
1606509916.63	160000	6.375257	0.0	7597636	42	160.0
1606509917.51	160000	6.566228	0.0	56067905	313	160.0
1606509918.1	160000	6.991512	0.0	45444680	294	160.0
1606509918.81	160000	7.310795	0.0	54798068	343	160.0
1606509919.9	160000	7.277304	0.0	69464107	565	160.0
1606509923.15	160000	5.026162	0.0	50637608	2894	160.0
1606509924.45	160000	4.724784	0.0	19559369	1120	160.0
1606509924.97	160000	5.207984	0.0	22224402	323	160.0
1606509925.51	160000	5.673967	0.0	22578365	329	160.0
1606509925.76	160000	6.422241	0.0	8346702	131	160.0
1606509926.18	160000	7.004938	0.0	15775481	250	160.0
1606509926.56	160000	7.619568	0.0	9163235	247	160.0
1606509927.82	160000	7.394863	0.0	41307095	962	160.0
1606509928.63	160000	7.588823	0.0	28763893	556	160.0
1606509929.44	160000	7.771856	0.0	21266416	630	160.0
1606509930.17	160000	8.041508	0.0	23702229	516	160.0
1606509931.28	160000	7.937377	0.0	27580394	885	160.0
1606509932.41	160000	7.804902	0.0	20329780	935	160.0
1606509933.96	160000	7.262	0.0	16109183	1371	160.0
1606509937.32	160000	4.89934	0.0	58830800	2949	160.0
1606509939.13	160000	4.091016	0.0	66935122	1388	160.0
1606509939.6	160000	4.624092	0.0	15251076	311	160.0
