1606525182.83	40000	1.000999	0.033	334476	20	-5.280000000000001
1606525183.95	40000	1.482254	0.248	14648397	995	0.3200000000000003
1606525184.53	60000	1.909031	0.0	20421673	396	40.0
1606525184.85	60000	2.582796	0.0	13063186	252	60.0
1606525185.07	60000	3.392788	0.0	8954217	155	60.0
1606525185.32	80000	4.149274	0.0	11497228	170	60.0
1606525185.45	80000	5.018625	0.0	6232523	92	80.0
1606525185.57	80000	5.94693	0.0	5425476	81	80.0
1606525186.41	80000	6.127036	0.0	29583867	595	80.0
1606525188.39	110000	5.194374	0.0	28884539	1794	80.0
1606525190.01	110000	4.579096	0.0	26873304	1467	110.0
1606525192.81	110000	2.777177	0.0	33588177	2602	110.0
1606525194.33	110000	2.254222	0.0	25684661	1379	110.0
1606525194.94	110000	2.649138	0.0	10838546	535	110.0
1606525196.44	160000	2.149682	0.0	22224402	1362	110.0
1606525199.75	160000	1.319675	1.485	22578365	3200	-77.6
1606525200.7	160000	1.370143	0.0	8346702	896	160.0
1606525202.24	160000	1.306525	0.473	15775481	1450	84.32
1606525202.96	160000	1.585684	0.0	9163235	665	160.0
1606525205.88	160000	1.263446	1.595	41307095	2661	-95.19999999999999
1606525208.09	160000	1.376421	1.318	28763893	2057	-50.879999999999995
1606525209.94	160000	1.445359	0.924	21266416	1738	12.159999999999997
1606525213.94	160000	1.340674	2.891	23702229	3875	-302.56
1606525216.81	160000	1.264823	1.794	27580394	2729	-127.04000000000002
1606525218.74	160000	1.309527	0.97	20329780	1813	4.800000000000011
1606525220.33	160000	1.279883	0.555	16109183	1501	71.2
1606525232.39	160000	1.335669	11.127	58830800	11644	-1620.32
1606525237.9	160000	1.461651	4.634	66935122	5173	-581.44
1606525239.22	160000	1.346099	0.205	15251076	1245	127.2
1606525240.67	160000	1.301911	0.397	16574034	1357	96.47999999999999
1606525241.75	160000	1.449396	0.235	13009028	1023	122.4
1606525242.74	160000	1.46534	0.0	12791674	913	160.0
1606525243.62	160000	1.587516	0.0	11137898	809	160.0
1606525244.48	160000	1.722123	0.0	11485310	798	160.0
1606525245.6	160000	1.606861	0.0	12428518	1045	160.0
1606525246.32	160000	1.883462	0.0	9963766	666	160.0
1606525247.3	160000	1.90885	0.0	12189364	906	160.0
1606525248.05	160000	2.162291	0.0	10142396	685	160.0
1606525248.91	160000	2.299457	0.0	10185488	801	160.0
1606525250.03	160000	2.176806	0.0	14061455	1040	160.0
1606525251.23	160000	1.980843	0.0	20074099	1080	160.0
1606525252.6	160000	1.612813	0.0	46115254	1104	160.0
1606525253.3	160000	1.917758	0.0	40906522	442	160.0
1606525253.44	160000	2.774523	0.0	7891151	80	160.0
1606525253.77	160000	3.444663	0.0	21012466	206	160.0
1606525254.14	160000	4.080199	0.0	23519424	230	160.0
1606525254.43	160000	4.785749	0.0	18715420	184	160.0
1606525254.71	160000	5.508312	0.0	17000816	177	160.0
1606525254.95	160000	6.273196	0.0	14448126	150	160.0
1606525255.06	160000	7.157887	0.0	6958676	72	160.0
1606525255.23	160000	7.990513	0.0	9088791	95	160.0
1606525255.35	160000	8.869312	0.0	7211881	75	160.0
1606525255.41	160000	9.812014	0.0	3063586	31	160.0
1606525255.46	160000	10.759503	0.0	2782179	29	160.0
1606525255.63	160000	11.597061	0.0	9958410	106	160.0
1606525255.83	160000	12.400065	0.0	12158708	129	160.0
1606525256.03	160000	13.200181	0.0	12300216	130	160.0
1606525256.3	160000	13.929071	0.0	15815684	172	160.0
1606525256.52	160000	14.707515	0.0	13526256	143	160.0
1606525256.72	160000	15.514095	0.0	11995130	126	160.0
1606525256.93	160000	16.298923	0.0	13394791	141	160.0
1606525257.16	160000	17.069852	0.0	14135828	149	160.0
1606525257.41	160000	17.819969	0.0	15366126	163	160.0
1606525257.65	160000	18.585322	0.0	14248439	152	160.0
1606525257.88	160000	19.357176	0.0	13843717	148	160.0
1606525258.14	160000	20.09878	0.0	14665119	169	160.0
1606525258.49	160000	20.750979	0.0	21079187	225	160.0
1606525258.9	160000	21.339957	0.0	25480074	267	160.0
1606525259.29	160000	21.9507	0.0	23021754	241	160.0
1606525259.76	160000	22.480308	0.0	27527834	317	160.0
1606525260.25	160000	22.993408	0.0	26155848	326	160.0
1606525260.57	160000	23.673369	0.0	17849379	214	160.0
1606525260.85	160000	24.389985	0.0	16546531	187	160.0
1606525261.17	160000	25.070276	0.0	17718949	201	160.0
1606525261.47	160000	25.774419	0.0	17337137	196	160.0
1606525261.8	160000	26.448973	0.0	20008245	212	160.0
1606525262.73	160000	26.516117	0.0	58430914	618	160.0
1606525263.0	160000	27.24758	0.0	16292703	167	160.0
1606525263.41	160000	27.84434	0.0	25587422	262	160.0
1606525263.8	160000	28.447582	0.0	23982306	265	160.0
1606525264.04	160000	29.21115	0.0	13347845	160	160.0
1606525264.28	160000	29.975845	0.0	14337991	156	160.0
1606525264.52	160000	30.736721	0.0	14584990	159	160.0
1606525264.78	160000	31.473944	0.0	13962401	172	160.0
1606525265.05	160000	32.211078	0.0	14393788	182	160.0
1606525265.31	160000	32.943829	0.0	14649457	185	160.0
1606525265.56	160000	33.698965	0.0	13409715	170	160.0
1606525265.81	160000	34.444362	0.0	13909605	177	160.0
1606525266.06	160000	35.200543	0.0	13301968	169	160.0
1606525266.42	160000	35.840122	0.0	19025846	244	160.0
1606525266.76	160000	36.504634	0.0	19295426	228	160.0
1606525267.08	160000	37.184704	0.0	18261873	216	160.0
1606525267.43	160000	37.830833	0.0	19847604	234	160.0
1606525267.77	160000	38.49746	0.0	18767181	226	160.0
1606525268.15	160000	39.119202	0.0	22420858	255	160.0
1606525268.48	160000	39.78364	0.0	19324333	219	160.0
1606525268.84	160000	40.428687	0.0	20392234	238	160.0
1606525268.98	160000	41.29114	0.0	7671072	89	160.0
1606525269.3	160000	41.971381	0.0	17781906	206	160.0
1606525269.52	160000	42.746296	0.0	12839336	150	160.0
1606525270.01	160000	43.263127	0.0	10779770	413	160.0
1606525271.11	160000	43.160225	0.0	14606687	1023	160.0
1606525275.38	160000	39.893024	0.0	41866951	4020	160.0
1606525280.92	160000	35.355418	0.0	37238410	5312	160.0
1606525283.24	160000	34.038164	0.0	14347759	2235	160.0
1606525284.74	160000	33.535831	0.0	11399187	1436	160.0
1606525285.14	160000	34.138506	0.0	10358641	333	160.0
1606525285.69	160000	34.586576	0.0	14315696	471	160.0
1606525286.54	160000	34.738505	0.0	23283631	719	160.0
1606525287.82	160000	34.461255	0.0	37521367	1053	160.0
1606525288.47	160000	34.813811	0.0	22241104	516	160.0
1606525288.9	160000	35.381944	0.0	15813346	335	160.0
1606525289.36	160000	35.924813	0.0	17116450	349	160.0
1606525289.85	160000	36.435902	0.0	18867054	381	160.0
1606525290.3	160000	36.989184	0.0	17393609	347	160.0
1606525290.97	160000	37.315613	0.0	24759401	535	160.0
1606525291.75	160000	37.538547	0.0	25782433	634	160.0
1606525292.57	160000	37.717399	0.0	25885372	652	160.0
1606525293.35	160000	37.942507	0.0	26242011	625	160.0
1606525294.14	160000	38.15559	0.0	23865378	640	160.0
1606525295.06	160000	38.236237	0.0	25470681	779	160.0
1606525296.13	160000	38.165646	0.0	27258768	909	160.0
1606525296.8	160000	38.497868	0.0	17853711	552	160.0
1606525297.33	160000	38.964668	0.0	14829893	444	160.0
1606525298.31	160000	38.989859	0.0	27779697	817	160.0
1606525299.23	160000	39.065534	0.0	27714923	773	160.0
1606525300.06	160000	39.233975	0.0	25946474	683	160.0
1606525300.67	160000	39.627982	0.0	19596259	498	160.0
1606525301.4	160000	39.895033	0.0	23774167	595	160.0
1606525302.02	160000	40.280174	0.0	19373656	503	160.0
1606525302.8	160000	40.497566	0.0	23977420	650	160.0
1606525303.55	160000	40.747731	0.0	24493733	615	160.0
1606525304.02	160000	41.284875	0.0	14528511	381	160.0
1606525304.58	160000	41.720628	0.0	16841176	464	160.0
1606525305.14	160000	42.169387	0.0	16743604	451	160.0
1606525305.73	160000	42.578572	0.0	17975224	468	160.0
1606525306.49	160000	42.814874	0.0	22329548	633	160.0
1606525307.05	160000	43.26218	0.0	16001583	442	160.0
1606525307.65	160000	43.659241	0.0	18238584	497	160.0
1606525308.36	160000	43.955585	0.0	21308824	576	160.0
1606525308.95	160000	44.361719	0.0	17749058	490	160.0
1606525309.42	160000	44.889858	0.0	14127787	395	160.0
1606525310.02	160000	45.291023	0.0	17525699	499	160.0
1606525310.53	160000	45.786993	0.0	14240042	423	160.0
1606525311.22	160000	46.09823	0.0	20324139	568	160.0
1606525311.93	160000	46.383886	0.0	21993033	590	160.0
1606525312.52	160000	46.799555	0.0	18863108	466	160.0
1606525313.0	160000	47.319159	0.0	15964734	386	160.0
1606525313.25	160000	48.06575	0.0	8284939	198	160.0
1606525313.52	160000	48.796074	0.0	9004706	216	160.0
1606525313.74	160000	49.584396	0.0	6955279	167	160.0
1606525314.2	160000	50.125583	0.0	10701639	393	160.0
1606525314.61	160000	50.71746	0.0	9459459	349	160.0
1606525314.75	160000	51.574504	0.0	3212828	116	160.0
1606525314.96	160000	52.36476	0.0	2509989	187	160.0
1606525315.13	160000	53.196647	0.0	2004927	149	160.0
1606525315.19	160000	54.140071	0.0	591360	43	160.0
1606525315.39	160000	55.374689	0.0	2394426	178	160.0
1606525315.66	40000	1.000999	0.045	337339	20	-7.200000000000003
1606525316.83	40000	1.404267	0.219	14648397	1049	4.960000000000001
1606525318.17	60000	1.433209	0.339	20421673	1191	-14.240000000000002
1606525318.77	60000	1.884316	0.0	13063186	512	60.0
1606525319.07	60000	2.583726	0.0	8954217	242	60.0
1606525319.45	80000	3.218446	0.0	11497228	311	60.0
1606525319.66	80000	4.010802	0.0	6232523	168	80.0
1606525319.84	80000	4.857177	0.0	5425476	144	80.0
1606525320.83	80000	4.885489	0.0	29583867	741	80.0
1606525321.73	110000	4.988829	0.0	28884539	725	80.0
1606525322.77	110000	4.952479	0.0	26873304	886	110.0
1606525324.77	110000	3.949849	0.0	33588177	1812	110.0
1606525329.98	110000	1.286766	1.545	25684661	5079	-137.2
1606525330.83	110000	1.441034	0.0	10838546	781	110.0
1606525332.3	160000	1.334363	0.371	22224402	1362	50.64
1606525333.08	160000	1.561091	0.0	22578365	641	160.0
1606525333.38	160000	2.257489	0.0	8346702	253	160.0
1606525333.97	160000	2.675407	0.0	15775481	483	160.0
1606525334.31	160000	3.328653	0.0	9163235	293	160.0
1606525335.81	160000	2.834879	0.0	41307095	1209	160.0
1606525336.76	160000	2.886834	0.0	28763893	782	160.0
1606525337.44	160000	3.202397	0.0	21266416	548	160.0
1606525338.18	160000	3.465671	0.0	23702229	600	160.0
1606525339.03	160000	3.622628	0.0	27580394	684	160.0
1606525339.7	160000	3.950593	0.0	20329780	529	160.0
1606525340.21	160000	4.440499	0.0	16109183	413	160.0
1606525342.11	160000	3.542394	0.0	58830800	1424	160.0
1606525345.91	160000	1.461307	0.73	66935122	3484	43.2
1606525346.41	160000	1.974311	0.0	15251076	397	160.0
1606525346.95	160000	2.431957	0.0	16574034	433	160.0
1606525347.38	160000	3.001009	0.0	13009028	356	160.0
1606525347.82	160000	3.562729	0.0	12791674	350	160.0
1606525348.19	160000	4.189597	0.0	11137898	305	160.0
1606525348.58	160000	4.805521	0.0	11485310	315	160.0
1606525348.99	160000	5.391682	0.0	12428518	340	160.0
1606525349.31	160000	6.076829	0.0	9963766	254	160.0
1606525349.7	160000	6.68419	0.0	12189364	312	160.0
1606525350.04	160000	7.34613	0.0	10142396	278	160.0
1606525350.41	160000	7.973256	0.0	10185488	313	160.0
1606525350.93	160000	8.461111	0.0	14061455	432	160.0
1606525351.63	160000	8.762938	0.0	20074099	581	160.0
1606525353.43	160000	7.964394	0.0	46115254	1539	160.0
1606525356.84	160000	5.545639	0.0	40906522	3184	160.0
1606525357.47	160000	5.917276	0.0	7891151	578	160.0
1606525359.44	160000	4.947968	0.0	21012466	1848	160.0
1606525361.45	160000	3.93963	0.0	23519424	1871	160.0
1606525363.08	160000	3.318476	0.0	18715420	1516	160.0
1606525364.37	160000	3.024763	0.0	17000816	1191	160.0
1606525365.48	160000	2.912896	0.0	14448126	1025	160.0
1606525366.01	160000	3.386468	0.0	6958676	480	160.0
1606525366.68	160000	3.716106	0.0	9088791	613	160.0
1606525367.2	160000	4.194413	0.0	7211881	476	160.0
1606525367.42	160000	4.980744	0.0	3063586	188	160.0
1606525367.61	160000	5.786018	0.0	2782179	170	160.0
1606525368.28	160000	6.127163	0.0	9958410	603	160.0
1606525369.05	160000	6.352202	0.0	12158708	705	160.0
1606525369.8	160000	6.606539	0.0	12300216	676	160.0
1606525370.78	160000	6.620536	0.0	15815684	893	160.0
1606525377.01	160000	1.471769	0.075	13526256	6152	148.0
1606525378.22	160000	1.288342	0.03	11995130	1148	155.2
1606525379.73	160000	1.329138	0.547	13394791	1440	72.48
