1606465041.48	40000	1.000999	0.036	334476	25	-5.759999999999998
1606465042.73	40000	1.441686	0.331	14648397	1104	-12.96
1606465044.39	60000	1.337239	0.529	20421673	1514	-44.64
1606465045.38	60000	1.421026	0.047	13063186	900	52.480000000000004
1606465046.25	60000	1.573936	0.0	8954217	812	60.0
1606465047.44	80000	1.406491	0.0	11497228	1108	60.0
1606465047.93	80000	1.918019	0.0	6232523	445	80.0
1606465048.35	80000	2.492994	0.0	5425476	388	80.0
1606465050.92	80000	1.320125	0.399	29583867	2355	16.159999999999997
1606465053.4	110000	1.468642	1.624	28884539	2325	-179.83999999999997
1606465055.37	110000	1.29549	0.792	26873304	1827	-16.72
1606465058.23	110000	1.387401	1.954	33588177	2695	-202.64
1606465060.74	110000	1.342531	1.466	25684661	2383	-124.56
1606465064.88	110000	1.3098	3.098	10838546	4071	-385.68
1606465068.68	160000	1.408468	2.909	22224402	3687	-355.44
1606465071.24	160000	1.318162	1.461	22578365	2438	-73.75999999999999
1606465072.13	160000	1.432675	0.0	8346702	832	160.0
1606465073.66	160000	1.28726	0.385	15775481	1446	98.4
1606465074.48	160000	1.479061	0.0	9163235	753	160.0
1606465076.83	160000	1.424484	1.309	41307095	2109	-49.44
1606465078.03	160000	1.477165	0.248	28763893	1056	120.32
1606465078.86	160000	1.656359	0.0	21266416	691	160.0
1606465079.7	160000	1.810833	0.0	23702229	702	160.0
1606465080.64	160000	1.874344	0.0	27580394	783	160.0
1606465081.42	160000	2.091956	0.0	20329780	651	160.0
1606465081.92	160000	2.588253	0.0	16109183	401	160.0
1606465083.44	160000	2.069502	0.0	58830800	1059	160.0
1606465084.72	160000	1.797526	0.0	66935122	898	160.0
1606465085.01	160000	2.509413	0.0	15251076	198	160.0
1606465085.32	160000	3.193956	0.0	16574034	215	160.0
1606465085.57	160000	3.944908	0.0	13009028	173	160.0
1606465085.85	160000	4.672774	0.0	12791674	190	160.0
1606465086.08	160000	5.436404	0.0	11137898	166	160.0
1606465086.32	160000	6.196418	0.0	11485310	170	160.0
1606465086.93	160000	6.592547	0.0	12428518	533	160.0
1606465087.46	160000	7.066002	0.0	9963766	467	160.0
1606465091.02	160000	4.501173	0.0	12189364	3494	160.0
1606465092.8	160000	3.724359	0.0	10142396	1716	160.0
1606465093.56	160000	3.966781	0.0	10185488	698	160.0
1606465094.62	160000	3.907266	0.0	14061455	980	160.0
1606465096.43	160000	3.098048	0.0	20074099	1696	160.0
1606465099.96	160000	1.257426	0.68	46115254	3288	51.2
1606465103.03	160000	1.441733	2.256	40906522	2862	-200.95999999999998
1606465103.68	160000	1.792808	0.0	7891151	599	160.0
1606465105.23	160000	1.449976	0.211	21012466	1453	126.24000000000001
1606465107.09	160000	1.411636	0.816	23519424	1741	29.439999999999998
1606465108.55	160000	1.448019	0.496	18715420	1366	80.64
1606465109.82	160000	1.47571	0.303	17000816	1190	111.52000000000001
1606465111.15	160000	1.279045	0.125	14448126	1245	140.0
1606465111.66	160000	1.7677	0.0	6958676	466	160.0
1606465112.33	160000	2.099952	0.0	9088791	612	160.0
1606465112.9	160000	2.533005	0.0	7211881	520	160.0
1606465113.17	160000	3.261116	0.0	3063586	245	160.0
1606465113.42	160000	4.01274	0.0	2782179	222	160.0
1606465114.35	160000	4.086466	0.0	9958410	859	160.0
1606465115.5	160000	3.930118	0.0	12158708	1088	160.0
1606465116.44	160000	3.991886	0.0	12300216	865	160.0
1606465117.65	160000	3.785336	0.0	15815684	1116	160.0
1606465118.92	160000	3.52376	0.0	13526256	1187	160.0
1606465120.11	160000	3.330672	0.0	11995130	1119	160.0
1606465121.46	160000	2.981718	0.0	13394791	1275	160.0
1606465122.61	160000	2.833885	0.0	14135828	1069	160.0
1606465123.71	160000	2.725759	0.0	15366126	1017	160.0
1606465124.9	160000	2.542632	0.0	14248439	1104	160.0
1606465126.17	160000	2.268398	0.0	13843717	1192	160.0
1606465130.98	160000	1.420556	2.96	14665119	4733	-313.6
1606465132.53	160000	1.382358	0.505	21079187	1439	79.2
1606465134.5	160000	1.388517	0.979	25480074	1853	3.3600000000000136
1606465136.56	160000	1.368994	1.042	23021754	1945	-6.719999999999999
1606465138.13	160000	1.411588	0.606	27527834	1432	63.040000000000006
1606465140.52	160000	1.267484	1.251	26155848	2253	-40.16
1606465142.85	160000	1.270754	1.332	17849379	2237	-53.120000000000005
1606465144.06	160000	1.354094	0.284	16546531	1117	114.56
1606465148.99	160000	1.388841	3.965	17718949	4839	-474.4
1606465150.32	160000	1.355459	0.302	17337137	1249	111.68
1606465151.93	160000	1.396123	0.647	20008245	1509	56.480000000000004
1606465154.51	160000	1.306427	1.487	58430914	2303	-77.91999999999999
1606465155.69	160000	1.294733	0.172	16292703	1095	132.48
1606465157.11	160000	1.467163	0.59	25587422	1295	65.6
1606465158.19	160000	1.393605	0.0	23982306	942	160.0
1606465158.78	160000	1.800805	0.0	13347845	516	160.0
1606465159.42	160000	2.163409	0.0	14337991	558	160.0
1606465160.07	160000	2.51907	0.0	14584990	563	160.0
1606465160.69	160000	2.890816	0.0	13962401	550	160.0
1606465161.37	160000	3.217924	0.0	14393788	593	160.0
1606465162.11	160000	3.471455	0.0	14649457	660	160.0
1606465163.27	160000	3.313977	0.0	13409715	1079	160.0
1606465167.09	160000	1.314498	0.814	13909605	3742	29.75999999999999
1606465171.0	160000	1.379555	2.981	13301968	3850	-316.96
1606465174.93	160000	1.361722	2.905	19025846	3823	-304.8
1606465177.05	160000	1.267857	1.033	19295426	2027	-5.280000000000001
1606465181.81	160000	1.301388	3.784	18261873	4655	-445.44000000000005
1606465183.62	160000	1.336064	0.85	19847604	1713	24.0
1606465184.84	160000	1.415763	0.297	18767181	1116	112.47999999999999
1606465185.86	160000	1.439506	0.047	22420858	899	152.48
1606465186.39	160000	1.913562	0.0	19324333	405	160.0
1606465186.81	160000	2.491002	0.0	20392234	303	160.0
1606465186.98	160000	3.326545	0.0	7671072	113	160.0
1606465187.35	160000	3.960052	0.0	17781906	259	160.0
1606465187.61	160000	4.694234	0.0	12839336	184	160.0
1606465187.83	160000	5.475095	0.0	10779770	155	160.0
1606465188.13	160000	6.182138	0.0	14606687	210	160.0
1606465188.98	160000	6.332572	0.0	41866951	605	160.0
1606465189.8	160000	6.511739	0.0	37238410	607	160.0
1606465190.12	160000	7.188791	0.0	14347759	241	160.0
1606465190.4	160000	7.910943	0.0	11399187	212	160.0
1606465190.66	160000	8.657151	0.0	10358641	192	160.0
1606465191.0	160000	9.313314	0.0	14315696	265	160.0
1606465191.7	160000	9.617535	0.0	23283631	564	160.0
1606465192.81	160000	9.506965	0.0	37521367	897	160.0
1606465193.41	160000	9.90441	0.0	22241104	481	160.0
1606465193.84	160000	10.484188	0.0	15813346	322	160.0
1606465194.3	160000	11.018798	0.0	17116450	363	160.0
1606465194.87	160000	11.449903	0.0	18867054	459	160.0
1606465195.37	160000	11.953493	0.0	17393609	393	160.0
1606465196.0	160000	12.328959	0.0	24759401	476	160.0
1606465196.6	160000	12.726986	0.0	25782433	458	160.0
1606465197.21	160000	13.12444	0.0	25885372	448	160.0
1606465197.77	160000	13.558776	0.0	26242011	416	160.0
1606465198.3	160000	14.033031	0.0	23865378	379	160.0
1606465198.8	160000	14.525543	0.0	25470681	370	160.0
1606465199.37	160000	14.964423	0.0	27258768	393	160.0
1606465199.72	160000	15.614859	0.0	17853711	247	160.0
1606465200.01	160000	16.324908	0.0	14829893	204	160.0
1606465200.55	160000	16.78521	0.0	27779697	377	160.0
1606465201.08	160000	17.25329	0.0	27714923	374	160.0
1606465201.59	160000	17.748757	0.0	25946474	355	160.0
1606465201.96	160000	18.371932	0.0	19596259	264	160.0
1606465202.43	160000	18.909355	0.0	23774167	318	160.0
1606465202.8	160000	19.541379	0.0	19373656	257	160.0
1606465203.26	160000	20.085518	0.0	23977420	320	160.0
1606465203.73	160000	20.615088	0.0	24493733	331	160.0
1606465204.01	160000	21.332045	0.0	14528511	196	160.0
1606465204.35	160000	21.9932	0.0	16841176	236	160.0
1606465204.71	160000	22.637224	0.0	16743604	257	160.0
1606465205.09	160000	23.258521	0.0	17975224	275	160.0
1606465205.52	160000	23.82766	0.0	22329548	296	160.0
1606465205.81	160000	24.532471	0.0	16001583	202	160.0
1606465206.15	160000	25.19392	0.0	18238584	229	160.0
1606465206.55	160000	25.799498	0.0	21308824	268	160.0
1606465206.88	160000	26.468704	0.0	17749058	223	160.0
1606465207.14	160000	27.210034	0.0	14127787	178	160.0
1606465207.46	160000	27.892045	0.0	17525699	220	160.0
1606465207.72	160000	28.634103	0.0	14240042	179	160.0
1606465208.1	160000	29.256751	0.0	20324139	253	160.0
1606465208.5	160000	29.856838	0.0	21993033	276	160.0
1606465208.85	160000	30.50935	0.0	18863108	236	160.0
1606465209.14	160000	31.2126	0.0	15964734	199	160.0
1606465209.3	160000	32.056459	0.0	8284939	105	160.0
1606465209.48	160000	32.881432	0.0	9004706	118	160.0
1606465209.62	160000	33.744014	0.0	6955279	91	160.0
1606465209.84	160000	34.523583	0.0	10701639	155	160.0
1606465210.03	160000	35.333955	0.0	9459459	125	160.0
1606465210.1	160000	36.260477	0.0	3212828	42	160.0
1606465210.16	160000	37.201893	0.0	2509989	33	160.0
1606465210.21	160000	38.155092	0.0	2004927	26	160.0
1606465210.23	160000	39.135024	0.0	591360	7	160.0
1606465210.28	160000	40.516904	0.0	2394426	30	160.0
1606465210.57	40000	1.000999	0.066	337339	4	-10.560000000000002
1606465210.9	40000	2.001999	0.0	14648397	185	40.0
1606465211.33	60000	2.638995	0.0	20421673	258	40.0
1606465211.58	60000	3.388504	0.0	13063186	171	60.0
1606465211.76	60000	4.21386	0.0	8954217	116	60.0
1606465211.98	80000	4.988533	0.0	11497228	151	60.0
1606465212.11	80000	5.866072	0.0	6232523	82	80.0
1606465212.21	80000	6.761276	0.0	5425476	70	80.0
1606465212.85	80000	7.193511	0.0	29583867	393	80.0
1606465213.4	110000	7.673597	0.0	28884539	381	80.0
1606465213.98	110000	8.111364	0.0	26873304	426	110.0
1606465214.66	110000	8.463939	0.0	33588177	485	110.0
1606465215.13	110000	9.01126	0.0	25684661	322	110.0
1606465215.34	110000	9.803965	0.0	10838546	134	110.0
1606465215.74	160000	10.399752	0.0	22224402	267	110.0
1606465216.14	160000	10.998277	0.0	22578365	271	160.0
1606465216.3	160000	11.840641	0.0	8346702	96	160.0
1606465216.59	160000	12.559414	0.0	15775481	184	160.0
1606465216.76	160000	13.383183	0.0	9163235	119	160.0
1606465217.53	160000	13.617902	0.0	41307095	481	160.0
1606465218.03	160000	14.119886	0.0	28763893	341	160.0
1606465218.41	160000	14.739365	0.0	21266416	252	160.0
1606465218.83	160000	15.320064	0.0	23702229	286	160.0
1606465219.32	160000	15.831961	0.0	27580394	335	160.0
1606465219.69	160000	16.46585	0.0	20329780	241	160.0
1606465219.98	160000	17.173954	0.0	16109183	188	160.0
1606465221.15	160000	17.005925	0.0	58830800	710	160.0
1606465222.45	160000	16.712398	0.0	66935122	930	160.0
1606465222.75	160000	17.409542	0.0	15251076	205	160.0
1606465223.08	160000	18.080382	0.0	16574034	227	160.0
1606465223.33	160000	18.828402	0.0	13009028	178	160.0
1606465223.58	160000	19.583445	0.0	12791674	172	160.0
1606465223.79	160000	20.369554	0.0	11137898	149	160.0
1606465224.02	160000	21.148987	0.0	11485310	155	160.0
1606465224.26	160000	21.904961	0.0	12428518	164	160.0
1606465224.45	160000	22.715939	0.0	9963766	131	160.0
1606465224.67	160000	23.493203	0.0	12189364	156	160.0
1606465224.87	160000	24.296409	0.0	10142396	129	160.0
1606465225.06	160000	25.104073	0.0	10185488	130	160.0
1606465225.32	160000	25.844484	0.0	14061455	179	160.0
1606465225.72	160000	26.452298	0.0	20074099	273	160.0
1606465226.59	160000	26.58939	0.0	46115254	611	160.0
1606465227.36	160000	26.811816	0.0	40906522	532	160.0
1606465227.53	160000	27.643847	0.0	7891151	105	160.0
1606465227.92	160000	28.246953	0.0	21012466	281	160.0
1606465228.38	160000	28.798176	0.0	23519424	319	160.0
1606465228.73	160000	29.443984	0.0	18715420	239	160.0
1606465229.05	160000	30.122505	0.0	17000816	217	160.0
1606465229.32	160000	30.852993	0.0	14448126	184	160.0
1606465229.47	160000	31.701973	0.0	6958676	107	160.0
1606465229.66	160000	32.51458	0.0	9088791	132	160.0
1606465229.81	160000	33.364583	0.0	7211881	104	160.0
1606465229.88	160000	34.296121	0.0	3063586	44	160.0
1606465229.96	160000	35.224198	0.0	2782179	40	160.0
1606465230.16	160000	36.018846	0.0	9958410	145	160.0
1606465230.41	160000	36.770263	0.0	12158708	176	160.0
1606465230.68	160000	37.507639	0.0	12300216	190	160.0
1606465231.02	160000	38.160268	0.0	15815684	244	160.0
1606465231.31	160000	38.876932	0.0	13526256	208	160.0
1606465231.54	160000	39.650354	0.0	11995130	159	160.0
1606465231.79	160000	40.402154	0.0	13394791	172	160.0
