1606449554.56	40000	1.000999	0.032	334476	21	-5.119999999999997
1606449555.47	20000	1.464265	0.0	11007815	728	0.0
1606449556.43	20000	1.532296	0.0	8849724	827	20.0
1606449556.75	20000	2.207326	0.0	3191121	230	20.0
1606449558.52	160000	1.465855	0.0	19639705	1516	20.0
1606449560.48	160000	1.326206	0.797	20946809	1780	32.480000000000004
1606449561.42	160000	1.392606	0.0	11895609	794	160.0
1606449562.09	160000	1.709959	0.0	7597636	557	160.0
1606449563.9	60000	1.375786	0.463	17832465	1632	-114.08
1606449564.65	60000	1.616757	0.0	9877442	622	60.0
1606449565.17	60000	2.105695	0.0	10988410	376	60.0
1606449565.7	60000	2.573071	0.0	15230785	371	60.0
1606449566.11	60000	3.159454	0.0	13601559	264	60.0
1606449566.46	110000	3.808825	0.0	10838546	211	60.0
1606449567.05	160000	4.221937	0.0	22224402	385	110.0
1606449567.69	160000	4.589475	0.0	22578365	436	160.0
1606449568.03	160000	5.245469	0.0	8346702	218	160.0
1606449569.7	160000	4.579543	0.0	15775481	1505	160.0
1606449570.63	160000	4.645318	0.0	9163235	805	160.0
1606449574.1	160000	2.180255	0.0	41307095	3043	160.0
1606449576.4	160000	1.349863	0.466	28763893	2088	85.44
1606449576.63	20000	2.116857	0.0	3419258	133	-120.0
1606449577.02	40000	2.724389	0.0	7313446	271	20.0
1606449577.59	60000	3.159233	0.0	11644166	425	40.0
1606449577.96	60000	3.791106	0.0	8135330	249	60.0
1606449578.27	60000	4.484322	0.0	6391364	195	60.0
1606449582.12	60000	1.636254	0.0	27018238	3611	60.0
1606449585.62	40000	1.322372	2.189	20723782	3315	-330.24
1606449585.96	40000	1.977957	0.0	3622285	246	40.0
1606449586.46	60000	2.478316	0.0	5799553	387	40.0
1606449587.13	80000	2.819776	0.0	6381056	541	60.0
1606449587.36	20000	3.586373	0.0	1697111	143	-40.0
1606449587.68	40000	4.271664	0.0	2781171	219	20.0
1606449587.98	40000	4.968928	0.0	2867806	210	40.0
1606449588.3	40000	5.64803	0.0	3105896	226	40.0
1606449588.59	40000	6.363438	0.0	2659767	193	40.0
1606449589.05	60000	6.904325	0.0	5053481	351	40.0
1606449589.4	60000	7.551353	0.0	3697571	257	60.0
1606449589.74	60000	8.211423	0.0	3577346	242	60.0
1606449590.21	60000	8.753015	0.0	5249724	353	60.0
1606449590.47	20000	9.481724	0.0	2536859	171	-20.0
1606449590.99	20000	9.965878	0.0	4742872	409	20.0
1606449591.53	20000	10.430337	0.0	4955535	435	20.0
1606449591.84	60000	11.115993	0.0	3174755	220	20.0
1606449593.48	160000	10.476648	0.0	21012466	1451	60.0
1606449595.35	160000	9.609577	0.0	23519424	1670	160.0
1606449596.9	160000	9.061561	0.0	18715420	1372	160.0
1606449598.45	160000	8.50983	0.0	17000816	1383	160.0
1606449599.9	160000	8.059536	0.0	14448126	1298	160.0
1606449600.51	160000	8.452281	0.0	6958676	496	160.0
1606449601.39	160000	8.576616	0.0	9088791	749	160.0
1606449602.06	160000	8.907862	0.0	7211881	555	160.0
1606449602.38	160000	9.589458	0.0	3063586	228	160.0
1606449602.68	160000	10.2908	0.0	2782179	207	160.0
1606449603.63	160000	10.340452	0.0	9958410	823	160.0
1606449604.79	160000	10.182736	0.0	12158708	1021	160.0
1606449605.88	160000	10.090135	0.0	12300216	956	160.0
1606449607.13	160000	9.837478	0.0	15815684	1086	160.0
1606449608.22	160000	9.756458	0.0	13526256	934	160.0
1606449609.19	160000	9.779121	0.0	11995130	839	160.0
1606449610.25	160000	9.721453	0.0	13394791	919	160.0
1606449611.5	160000	9.475181	0.0	14135828	1103	160.0
1606449612.73	160000	9.247453	0.0	15366126	1075	160.0
1606449613.83	160000	9.145145	0.0	14248439	956	160.0
1606449615.01	160000	8.972591	0.0	13843717	1029	160.0
1606449616.23	160000	8.74545	0.0	14665119	1081	160.0
1606449618.0	160000	7.983854	0.0	21079187	1573	160.0
1606449620.27	160000	6.708426	0.0	25480074	2057	160.0
1606449622.67	160000	5.310185	0.0	23021754	2184	160.0
1606449625.0	160000	3.985766	0.0	27527834	2098	160.0
1606449627.29	160000	2.695117	0.0	26155848	2059	160.0
1606449628.83	160000	2.158254	0.0	17849379	1362	160.0
1606449630.4	160000	1.591368	0.0	16546531	1399	160.0
1606449631.87	160000	1.307227	0.189	17718949	1313	129.76
1606449633.35	160000	1.497402	0.667	17337137	1316	53.28
1606449634.71	110000	1.414938	0.282	13817529	1226	14.879999999999995
1606449635.52	20000	1.605163	0.0	9620218	677	-70.0
1606449636.05	80000	2.074151	0.0	8652970	397	20.0
1606449636.57	80000	2.556672	0.0	12877164	378	80.0
1606449637.38	160000	2.751597	0.0	23982306	596	80.0
1606449637.82	160000	3.313677	0.0	13347845	297	160.0
1606449638.3	160000	3.831586	0.0	14337991	330	160.0
1606449638.78	160000	4.354756	0.0	14584990	330	160.0
1606449639.56	160000	4.578113	0.0	13962401	633	160.0
1606449640.18	160000	4.95578	0.0	14393788	477	160.0
1606449640.71	160000	5.433339	0.0	14649457	376	160.0
1606449641.15	160000	5.989728	0.0	13409715	295	160.0
1606449641.58	160000	6.559185	0.0	13909605	288	160.0
1606449642.25	160000	6.887716	0.0	13301968	530	160.0
1606449644.66	160000	5.48331	0.0	19025846	2221	160.0
1606449647.96	160000	3.182416	0.0	19295426	3116	160.0
1606449649.42	160000	2.717703	0.0	18261873	1287	160.0
1606449650.2	110000	2.947203	0.0	13245175	621	60.0
1606449650.54	80000	3.602968	0.0	8818409	218	50.0
1606449650.95	80000	4.191229	0.0	10884020	270	80.0
1606449651.22	80000	4.927947	0.0	9684889	137	80.0
1606449651.56	110000	5.583639	0.0	13994870	197	80.0
1606449651.75	110000	6.401301	0.0	5391903	76	110.0
1606449652.0	80000	7.152993	0.0	8761637	122	50.0
1606449652.17	80000	7.981953	0.0	6255843	63	80.0
1606449652.33	80000	8.822336	0.0	5347529	54	80.0
1606449652.52	80000	9.629514	0.0	6979884	69	80.0
1606449652.69	20000	10.45956	0.0	5664827	57	-40.0
1606449652.84	20000	11.311914	0.0	4578115	46	20.0
1606449652.95	20000	12.205519	0.0	1783835	21	20.0
1606449653.04	20000	13.113258	0.0	1093613	10	20.0
1606449653.13	20000	14.022991	0.0	975642	9	20.0
1606449653.23	20000	14.923273	0.0	1658005	16	20.0
1606449653.36	20000	15.802379	0.0	3055257	30	20.0
1606449653.51	20000	16.647268	0.0	5355572	51	20.0
1606449653.64	20000	17.521627	0.0	3278424	32	20.0
1606449653.75	20000	18.40946	0.0	2318501	22	20.0
1606449653.87	20000	19.294588	0.0	2473561	22	20.0
1606449653.97	20000	20.191699	0.0	1730311	16	20.0
1606449654.07	20000	21.092484	0.0	1455812	14	20.0
1606449654.19	20000	21.973273	0.0	2869222	28	20.0
1606449654.32	20000	22.847252	0.0	3226650	31	20.0
1606449654.44	20000	23.729715	0.0	2705936	25	20.0
1606449654.56	20000	24.608362	0.0	2998622	29	20.0
1606449655.01	160000	25.16516	0.0	23865378	228	20.0
1606449655.45	160000	25.717854	0.0	25470681	217	160.0
1606449655.9	160000	26.266871	0.0	27258768	232	160.0
1606449656.29	160000	26.881538	0.0	17853711	219	160.0
1606449656.62	160000	27.55152	0.0	14829893	182	160.0
1606449657.18	160000	27.990955	0.0	27779697	339	160.0
1606449657.72	160000	28.452423	0.0	27714923	330	160.0
1606449658.26	160000	28.913179	0.0	25946474	316	160.0
1606449658.71	160000	29.468613	0.0	19596259	252	160.0
1606449659.36	160000	29.822411	0.0	23774167	443	160.0
1606449660.11	160000	30.077755	0.0	19373656	571	160.0
1606449660.74	160000	30.444806	0.0	23977420	432	160.0
1606449661.41	160000	30.775694	0.0	24493733	465	160.0
1606449661.82	160000	31.359983	0.0	14528511	273	160.0
1606449662.3	160000	31.887664	0.0	16841176	304	160.0
1606449662.75	160000	32.435723	0.0	16743604	284	160.0
1606449663.29	160000	32.894023	0.0	17975224	366	160.0
1606449664.05	160000	33.133148	0.0	22329548	576	160.0
1606449664.79	160000	33.398084	0.0	16001583	571	160.0
1606449668.47	160000	30.722573	0.0	18238584	3498	160.0
1606449670.25	160000	29.944026	0.0	21308824	1588	160.0
1606449671.86	160000	29.330493	0.0	17749058	1447	160.0
1606449672.08	20000	30.117081	0.0	1500505	122	-120.0
1606449672.3	20000	30.893905	0.0	1939246	136	20.0
1606449672.5	20000	31.69794	0.0	1599193	112	20.0
1606449672.75	20000	32.443929	0.0	2364826	167	20.0
1606449673.02	20000	33.178893	0.0	2517454	178	20.0
1606449673.23	20000	33.969055	0.0	1883143	125	20.0
1606449673.43	20000	34.77132	0.0	1726706	114	20.0
1606449673.55	20000	35.645513	0.0	707364	47	20.0
1606449673.69	20000	36.51193	0.0	796460	52	20.0
1606449673.81	20000	37.392831	0.0	596962	39	20.0
1606449673.95	20000	38.249593	0.0	947625	62	20.0
1606449674.09	20000	39.113698	0.0	832859	53	20.0
1606449674.18	20000	40.026427	0.0	151562	9	20.0
1606449674.26	20000	40.946312	0.0	90390	5	20.0
1606449674.32	20000	41.887283	0.0	50278	2	20.0
1606449674.36	20000	42.840992	0.0	26471	4	20.0
1606449674.4	20000	44.237017	0.0	56059	3	20.0
1606449674.77	40000	1.000999	0.036	336477	22	-5.759999999999998
1606449676.07	160000	1.225385	0.244	14912671	1091	0.960000000000008
1606449678.05	160000	1.444546	1.169	24265636	1715	-27.039999999999992
1606449688.3	160000	1.414352	9.278	22711544	10056	-1324.48
1606449689.11	60000	1.64171	0.0	8954217	662	-40.0
1606449689.44	40000	2.310684	0.0	3421740	230	20.0
1606449689.66	40000	3.105849	0.0	1987360	133	40.0
1606449689.8	20000	3.992629	0.0	730082	48	0.0
1606449690.16	20000	4.624107	0.0	4047415	271	20.0
1606449690.47	20000	5.323287	0.0	2863079	209	20.0
1606449690.87	20000	5.922683	0.0	4167844	304	20.0
1606449691.4	20000	6.391902	0.0	5571764	425	20.0
1606449691.9	20000	6.892883	0.0	4925652	399	20.0
1606449692.15	20000	7.64423	0.0	2030157	163	20.0
1606449692.44	20000	8.352632	0.0	2240782	200	20.0
1606449692.73	20000	9.068581	0.0	2211169	195	20.0
1606449692.84	20000	9.957133	0.0	382046	32	20.0
1606449693.02	20000	10.778299	0.0	1113969	98	20.0
1606449693.17	20000	11.626645	0.0	820127	71	20.0
1606449693.56	20000	12.239257	0.0	6357933	274	20.0
1606449693.87	20000	12.931769	0.0	4814284	207	20.0
1606449694.11	20000	13.691227	0.0	3419258	147	20.0
1606449694.36	20000	14.446777	0.0	3944328	149	20.0
1606449694.62	20000	15.190528	0.0	4284196	161	20.0
1606449695.56	160000	15.242685	0.0	20329780	750	20.0
1606449696.29	160000	15.513055	0.0	16109183	566	160.0
1606449699.25	160000	13.555341	0.0	58830800	2315	160.0
1606449705.98	160000	7.82874	0.0	66935122	6293	160.0
