1606527876.66	40000	1.000999	0.016	334476	5	-2.5600000000000023
1606527877.01	20000	1.939165	0.0	11007815	145	0.0
1606527877.25	20000	2.783697	0.0	8849724	123	20.0
1606527877.4	20000	3.640782	0.0	3191121	43	20.0
1606527877.5	20000	4.535792	0.0	1661718	19	20.0
1606527877.6	20000	5.437485	0.0	1315024	15	20.0
1606527877.69	20000	6.348873	0.0	698359	7	20.0
1606527877.78	20000	7.25932	0.0	730082	8	20.0
1606527877.92	20000	8.117433	0.0	4047415	45	20.0
1606527878.05	20000	8.992084	0.0	2863079	33	20.0
1606527878.2	20000	9.847857	0.0	4167844	48	20.0
1606527878.37	20000	10.678368	0.0	5571764	65	20.0
1606527878.54	20000	11.537551	0.0	4925652	54	20.0
1606527878.65	20000	12.42516	0.0	2030157	17	20.0
1606527878.76	20000	13.312178	0.0	2240782	20	20.0
1606527878.88	20000	14.202671	0.0	2211169	21	20.0
1606527878.96	20000	15.117635	0.0	382046	3	20.0
1606527879.05	20000	16.025125	0.0	1113969	10	20.0
1606527879.15	20000	16.953107	0.0	820127	7	20.0
1606527879.32	20000	17.780401	0.0	6357933	60	20.0
1606527879.48	20000	18.621055	0.0	4814284	54	20.0
1606527879.67	20000	19.434725	0.0	3419258	90	20.0
1606527879.87	20000	20.240141	0.0	3944328	96	20.0
1606527880.09	20000	21.014035	0.0	4284196	116	20.0
1606527880.26	20000	21.847991	0.0	3022025	71	20.0
1606527880.4	20000	22.703431	0.0	2248581	53	20.0
1606527881.36	20000	22.757589	0.0	9946363	815	20.0
1606527882.51	20000	22.600048	0.0	11684632	1015	20.0
1606527882.96	160000	23.154958	0.0	15251076	255	20.0
1606527883.41	160000	23.703624	0.0	16574034	277	160.0
1606527883.76	160000	24.353535	0.0	13009028	208	160.0
1606527884.1	160000	25.01057	0.0	12791674	203	160.0
1606527884.42	160000	25.69842	0.0	11137898	178	160.0
1606527885.13	160000	25.988205	0.0	11485310	571	160.0
1606527886.03	160000	26.082731	0.0	12428518	763	160.0
1606527886.89	160000	26.230427	0.0	9963766	723	160.0
1606527888.0	160000	26.116357	0.0	12189364	969	160.0
1606527888.87	160000	26.247096	0.0	10142396	739	160.0
1606527889.73	160000	26.390383	0.0	10185488	725	160.0
1606527890.85	160000	26.274519	0.0	14061455	968	160.0
1606527892.5	160000	25.627274	0.0	20074099	1434	160.0
1606527896.87	160000	22.25216	0.0	46115254	3859	160.0
1606527899.04	160000	21.082364	0.0	40906522	1867	160.0
1606527899.35	160000	21.786878	0.0	7891151	178	160.0
1606527900.07	160000	22.053666	0.0	21012466	522	160.0
1606527900.87	160000	22.257396	0.0	23519424	597	160.0
1606527901.48	160000	22.647444	0.0	18715420	420	160.0
1606527902.08	160000	23.050755	0.0	17000816	430	160.0
1606527902.62	160000	23.513833	0.0	14448126	375	160.0
1606527902.89	160000	24.236536	0.0	6958676	164	160.0
1606527903.23	160000	24.897494	0.0	9088791	215	160.0
1606527903.52	160000	25.614668	0.0	7211881	171	160.0
1606527903.72	160000	26.415225	0.0	3063586	108	160.0
1606527903.96	160000	27.173577	0.0	2782179	151	160.0
1606527904.64	160000	27.500127	0.0	9958410	544	160.0
1606527906.49	160000	26.648075	0.0	12158708	1714	160.0
1606527907.65	160000	26.49176	0.0	12300216	1013	160.0
1606527911.95	160000	23.190666	0.0	15815684	4134	160.0
1606527912.13	20000	24.007139	0.0	1253406	84	-120.0
1606527912.28	20000	24.864456	0.0	887933	60	20.0
1606527912.44	20000	25.702623	0.0	1153403	78	20.0
1606527912.61	20000	26.534072	0.0	1249023	84	20.0
1606527912.78	20000	27.359493	0.0	1423973	88	20.0
1606527913.81	160000	27.331931	0.0	14248439	875	20.0
1606527914.53	160000	27.617168	0.0	13843717	563	160.0
1606527915.21	160000	27.932602	0.0	14665119	524	160.0
1606527915.38	20000	28.763442	0.0	2222640	74	-120.0
1606527915.57	20000	29.584272	0.0	2587311	86	20.0
1606527915.73	20000	30.420731	0.0	2178351	72	20.0
1606527915.91	20000	31.245183	0.0	3121089	78	20.0
1606527916.08	20000	32.076527	0.0	2857420	72	20.0
1606527916.21	20000	32.946099	0.0	1702477	42	20.0
1606527916.33	20000	33.819954	0.0	1531670	39	20.0
1606527916.47	20000	34.685619	0.0	1863424	46	20.0
1606527916.61	20000	35.547137	0.0	1987392	49	20.0
1606527916.76	20000	36.400636	0.0	2505586	56	20.0
1606527917.07	20000	37.086228	0.0	9620218	186	20.0
1606527917.22	20000	37.943737	0.0	2561608	50	20.0
1606527917.38	20000	38.775377	0.0	3633991	70	20.0
1606527917.55	20000	39.614251	0.0	3324070	64	20.0
1606527917.67	20000	40.496272	0.0	1560020	29	20.0
1606527917.77	20000	41.391523	0.0	1429188	18	20.0
1606527918.12	160000	42.045308	0.0	14584990	192	20.0
1606527918.46	160000	42.70133	0.0	13962401	192	160.0
1606527918.81	160000	43.359337	0.0	14393788	190	160.0
1606527919.21	160000	43.958388	0.0	14649457	251	160.0
1606527919.59	160000	44.581747	0.0	13409715	232	160.0
1606527919.95	160000	45.216698	0.0	13909605	221	160.0
1606527920.3	160000	45.869236	0.0	13301968	204	160.0
1606527920.77	160000	46.401607	0.0	19025846	292	160.0
1606527921.26	160000	46.913039	0.0	19295426	312	160.0
1606527921.73	160000	47.43947	0.0	18261873	296	160.0
1606527922.17	160000	48.005802	0.0	19847604	252	160.0
1606527922.6	160000	48.576416	0.0	18767181	238	160.0
1606527923.12	160000	49.052412	0.0	22420858	326	160.0
1606527923.61	160000	49.570045	0.0	19324333	295	160.0
1606527924.16	160000	50.026504	0.0	20392234	357	160.0
1606527924.44	160000	50.738604	0.0	7671072	153	160.0
1606527924.95	160000	51.227969	0.0	17781906	334	160.0
1606527925.36	160000	51.81812	0.0	12839336	263	160.0
1606527925.71	160000	52.473137	0.0	10779770	212	160.0
1606527926.07	160000	53.116094	0.0	14606687	209	160.0
1606527926.95	160000	53.230653	0.0	41866951	599	160.0
1606527935.62	160000	45.566121	0.0	37238410	8387	160.0
1606527935.95	20000	46.232964	0.0	1783835	241	-120.0
1606527936.16	20000	47.030825	0.0	1093613	116	20.0
1606527936.35	20000	47.841925	0.0	975642	104	20.0
1606527936.61	20000	48.575459	0.0	1658005	178	20.0
1606527936.98	20000	49.205597	0.0	3055257	275	20.0
1606527937.5	20000	49.695966	0.0	5355572	403	20.0
1606527937.85	20000	50.345881	0.0	3278424	248	20.0
1606527938.16	20000	51.038125	0.0	2318501	215	20.0
1606527938.48	20000	51.714524	0.0	2473561	230	20.0
1606527938.73	20000	52.46606	0.0	1730311	161	20.0
1606527938.94	20000	53.259353	0.0	1455812	118	20.0
1606527939.25	20000	53.943222	0.0	2869222	220	20.0
1606527939.6	20000	54.600944	0.0	3226650	249	20.0
1606527939.9	20000	55.298831	0.0	2705936	204	20.0
1606527940.54	40000	55.66191	0.0	6062060	522	20.0
1606527941.59	80000	55.608094	0.0	12007698	911	40.0
1606527944.02	160000	54.184783	0.0	25470681	2182	80.0
1606527946.41	160000	52.793884	0.0	27258768	2171	160.0
1606527947.8	160000	52.404672	0.0	17853711	1217	160.0
1606527948.94	160000	52.263707	0.0	14829893	991	160.0
1606527951.14	160000	51.065107	0.0	27779697	1962	160.0
1606527952.25	160000	50.955273	0.0	27714923	891	160.0
1606527953.54	160000	50.672245	0.0	25946474	1069	160.0
1606527954.69	160000	50.523351	0.0	19596259	969	160.0
1606527957.85	160000	48.356739	0.0	23774167	2947	160.0
1606527959.45	160000	47.762887	0.0	19373656	1410	160.0
1606527960.36	160000	47.849195	0.0	23977420	710	160.0
1606527960.89	160000	48.32155	0.0	24493733	325	160.0
1606527961.23	160000	48.986142	0.0	14528511	183	160.0
1606527961.6	160000	49.611202	0.0	16841176	212	160.0
1606527961.98	160000	50.237261	0.0	16743604	211	160.0
1606527962.37	160000	50.846623	0.0	17975224	208	160.0
1606527962.83	160000	51.385127	0.0	22329548	267	160.0
1606527963.18	160000	52.039109	0.0	16001583	183	160.0
1606527963.55	160000	52.675476	0.0	18238584	187	160.0
1606527963.96	160000	53.258191	0.0	21308824	225	160.0
1606527964.31	160000	53.908104	0.0	17749058	166	160.0
1606527964.61	160000	54.625833	0.0	14127787	134	160.0
1606527964.94	160000	55.281205	0.0	17525699	164	160.0
1606527965.24	160000	55.983794	0.0	14240042	150	160.0
1606527965.64	160000	56.58977	0.0	20324139	214	160.0
1606527966.06	160000	57.172142	0.0	21993033	232	160.0
1606527966.43	160000	57.800207	0.0	18863108	191	160.0
1606527966.75	160000	58.475181	0.0	15964734	161	160.0
1606527966.96	160000	59.272947	0.0	8284939	85	160.0
1606527967.55	160000	59.681424	0.0	9004706	467	160.0
1606527968.52	160000	59.850769	0.0	6955279	360	160.0
1606527969.75	160000	59.601679	0.0	10701639	100	160.0
1606527970.47	160000	59.852665	0.0	9459459	82	160.0
1606527971.59	160000	59.853714	0.0	3212828	26	160.0
1606527972.7	160000	59.60469	0.0	2509989	22	160.0
1606527973.79	160000	59.605692	0.0	2004927	18	160.0
1606527974.85	160000	59.606696	0.0	591360	4	160.0
1606527975.91	160000	59.79154	0.0	2394426	22	160.0
1606527976.23	40000	1.000999	0.033	336477	2	-5.280000000000001
1606527976.6	160000	1.961561	0.0	14912671	130	40.0
1606527977.08	160000	2.473729	0.0	24265636	208	160.0
1606527977.49	160000	3.068601	0.0	22711544	192	160.0
1606527977.84	160000	3.715979	0.0	19639705	166	160.0
1606527978.22	160000	4.407654	0.0	20946809	176	160.0
1606527978.46	160000	5.166924	0.0	11895609	100	160.0
1606527978.64	160000	5.992754	0.0	7597636	64	160.0
1606527979.66	160000	6.051837	0.0	56067905	478	160.0
1606527980.34	160000	6.391474	0.0	45444680	369	160.0
1606527981.18	160000	6.637969	0.0	54798068	454	160.0
1606527982.27	160000	6.543684	0.0	69464107	564	160.0
1606527983.04	160000	6.770338	0.0	50637608	426	160.0
1606527983.38	160000	7.432401	0.0	19559369	160	160.0
1606527983.76	160000	8.055572	0.0	22224402	182	160.0
1606527984.14	160000	8.675908	0.0	22578365	185	160.0
1606527984.33	160000	9.48189	0.0	8346702	65	160.0
1606527984.64	160000	10.173874	0.0	15775481	148	160.0
1606527984.85	160000	10.971459	0.0	9163235	76	160.0
1606527985.51	160000	11.315356	0.0	41307095	352	160.0
1606527986.0	160000	11.816623	0.0	28763893	246	160.0
1606527986.38	160000	12.446771	0.0	21266416	176	160.0
1606527986.8	160000	13.025359	0.0	23702229	193	160.0
1606527987.25	160000	13.574011	0.0	27580394	227	160.0
1606527987.63	160000	14.196396	0.0	20329780	175	160.0
1606527987.92	160000	14.900595	0.0	16109183	130	160.0
1606527988.83	160000	15.052567	0.0	58830800	492	160.0
1606527989.82	160000	15.084472	0.0	66935122	561	160.0
1606527990.11	160000	15.802368	0.0	15251076	125	160.0
1606527990.41	160000	16.503939	0.0	16574034	132	160.0
1606527990.65	160000	17.257091	0.0	13009028	104	160.0
