1606505979.68	40000	1.000999	0.034	334476	25	-5.439999999999998
1606505981.04	160000	1.444639	0.425	14912671	1136	-28.0
1606505982.98	160000	1.451674	0.921	24265636	1699	12.639999999999986
1606505984.83	160000	1.435013	0.806	22711544	1661	31.039999999999992
1606505986.73	160000	1.315709	0.737	19639705	1716	42.08
1606505988.62	160000	1.310493	0.868	20946809	1710	21.120000000000005
1606505989.05	160000	1.885635	0.0	11895609	280	160.0
1606505989.34	160000	2.587723	0.0	7597636	178	160.0
1606505989.81	60000	3.118782	0.0	17832465	281	-40.0
1606505990.18	80000	3.752984	0.0	15816325	188	60.0
1606505990.53	80000	4.401211	0.0	15275967	181	80.0
1606505991.09	80000	4.852949	0.0	20600381	354	80.0
1606505992.8	110000	4.135082	0.0	25684661	1486	80.0
1606505994.62	160000	3.320277	0.0	19559369	1629	110.0
1606505996.04	160000	2.906763	0.0	22224402	1217	160.0
1606505997.35	160000	2.588336	0.0	22578365	1116	160.0
1606505997.79	160000	3.147578	0.0	8346702	318	160.0
1606505997.93	20000	4.016955	0.0	1113969	40	-120.0
1606505998.04	20000	4.900757	0.0	820127	28	20.0
1606505998.39	20000	5.555099	0.0	6357933	233	20.0
1606505998.67	20000	6.278229	0.0	4814284	173	20.0
1606505998.87	20000	7.073397	0.0	3419258	106	20.0
1606505999.1	20000	7.851923	0.0	3944328	122	20.0
1606505999.35	20000	8.602944	0.0	4284196	145	20.0
1606505999.54	20000	9.411533	0.0	3022025	93	20.0
1606505999.73	20000	10.21587	0.0	2248581	104	20.0
1606506003.14	160000	7.806689	0.0	58830800	2780	20.0
1606506005.17	160000	6.791438	0.0	66935122	1587	160.0
1606506005.74	160000	7.208183	0.0	15251076	417	160.0
1606506006.29	160000	7.669323	0.0	16574034	370	160.0
1606506006.72	160000	8.236885	0.0	13009028	290	160.0
1606506007.19	160000	8.770632	0.0	12791674	326	160.0
1606506007.6	160000	9.354148	0.0	11137898	284	160.0
1606506008.02	160000	9.941902	0.0	11485310	263	160.0
1606506008.46	160000	10.502641	0.0	12428518	299	160.0
1606506009.68	160000	10.280659	0.0	9963766	1088	160.0
1606506014.16	160000	6.804059	0.0	12189364	4331	160.0
1606506015.09	160000	6.870694	0.0	10142396	801	160.0
1606506015.94	160000	7.024668	0.0	10185488	716	160.0
1606506016.43	60000	7.536066	0.0	5249724	373	-40.0
1606506016.88	60000	8.088837	0.0	7686878	328	60.0
1606506017.1	20000	8.870636	0.0	4742872	111	-20.0
1606506017.31	20000	9.655542	0.0	4955535	111	20.0
1606506017.43	20000	10.542157	0.0	1260540	28	20.0
1606506017.61	20000	11.363042	0.0	3605246	81	20.0
1606506017.76	20000	12.209817	0.0	2770338	58	20.0
1606506017.87	20000	13.100271	0.0	1855168	21	20.0
1606506017.98	20000	13.993039	0.0	1666915	18	20.0
1606506018.08	20000	14.888796	0.0	1555467	17	20.0
1606506018.18	20000	15.790072	0.0	1008919	11	20.0
1606506018.28	20000	16.690495	0.0	1227619	13	20.0
1606506018.38	20000	17.594266	0.0	1015853	11	20.0
1606506018.47	20000	18.509142	0.0	384076	4	20.0
1606506018.55	20000	19.424877	0.0	295687	2	20.0
1606506018.65	20000	20.327563	0.0	1328674	14	20.0
1606506018.76	20000	21.223901	0.0	1492829	16	20.0
1606506018.86	20000	22.121073	0.0	1484812	14	20.0
1606506018.97	20000	23.012561	0.0	1868314	19	20.0
1606506019.07	20000	23.914695	0.0	1253406	12	20.0
1606506019.16	20000	24.82178	0.0	887933	9	20.0
1606506019.26	20000	25.725266	0.0	1153403	12	20.0
1606506019.36	20000	26.626857	0.0	1249023	12	20.0
1606506019.46	20000	27.52561	0.0	1423973	14	20.0
1606506019.56	20000	28.428486	0.0	1060162	10	20.0
1606506019.66	20000	29.332671	0.0	1080597	10	20.0
1606506019.76	20000	30.234704	0.0	1156442	11	20.0
1606506020.15	160000	30.837577	0.0	21079187	197	20.0
1606506020.61	160000	31.38655	0.0	25480074	236	160.0
1606506021.07	160000	31.924617	0.0	23021754	265	160.0
1606506021.64	160000	32.351014	0.0	27527834	345	160.0
1606506022.19	160000	32.808945	0.0	26155848	323	160.0
1606506022.6	160000	33.401094	0.0	17849379	221	160.0
1606506022.97	160000	34.023954	0.0	16546531	214	160.0
1606506023.39	160000	34.610931	0.0	17718949	240	160.0
1606506023.79	160000	35.206759	0.0	17337137	234	160.0
1606506025.55	160000	34.453978	0.0	20008245	1568	160.0
1606506026.85	160000	34.151081	0.0	58430914	920	160.0
1606506027.34	160000	34.662913	0.0	16292703	318	160.0
1606506028.01	160000	34.998025	0.0	25587422	454	160.0
1606506028.49	160000	35.510631	0.0	23982306	287	160.0
1606506028.8	160000	36.206531	0.0	13347845	159	160.0
1606506029.43	160000	36.574767	0.0	14337991	481	160.0
1606506030.27	160000	36.736117	0.0	14584990	687	160.0
1606506031.49	160000	36.519433	0.0	13962401	1071	160.0
1606506032.92	160000	36.087728	0.0	14393788	1282	160.0
1606506034.23	160000	35.781219	0.0	14649457	1159	160.0
1606506035.02	160000	35.986268	0.0	13409715	652	160.0
1606506035.43	160000	36.580602	0.0	13909605	260	160.0
1606506035.82	160000	37.190441	0.0	13301968	248	160.0
1606506036.2	160000	37.81262	0.0	19025846	192	160.0
1606506036.58	160000	38.438737	0.0	19295426	195	160.0
1606506036.93	160000	39.08327	0.0	18261873	185	160.0
1606506037.32	160000	39.697796	0.0	19847604	200	160.0
1606506037.68	160000	40.337894	0.0	18767181	187	160.0
1606506038.09	160000	40.931118	0.0	22420858	217	160.0
1606506038.45	160000	41.566083	0.0	19324333	180	160.0
1606506038.83	160000	42.192992	0.0	20392234	193	160.0
1606506039.02	160000	43.006156	0.0	7671072	69	160.0
1606506039.36	160000	43.66677	0.0	17781906	168	160.0
1606506039.62	160000	44.406186	0.0	12839336	116	160.0
1606506039.85	160000	45.177263	0.0	10779770	98	160.0
1606506040.12	160000	45.908893	0.0	14606687	121	160.0
1606506040.78	160000	46.243437	0.0	41866951	344	160.0
1606506041.41	160000	46.615219	0.0	37238410	340	160.0
1606506041.7	160000	47.332554	0.0	14347759	132	160.0
1606506041.94	160000	48.094634	0.0	11399187	105	160.0
1606506042.16	160000	48.874418	0.0	10358641	89	160.0
1606506042.43	160000	49.602615	0.0	14315696	124	160.0
1606506042.83	160000	50.20557	0.0	23283631	201	160.0
1606506043.41	160000	50.627346	0.0	37521367	296	160.0
1606506043.78	160000	51.256783	0.0	22241104	175	160.0
1606506044.32	160000	51.722628	0.0	15813346	364	160.0
1606506045.07	160000	51.968065	0.0	17116450	584	160.0
1606506046.17	160000	51.871201	0.0	18867054	921	160.0
1606506046.69	160000	52.348859	0.0	17393609	353	160.0
1606506048.23	160000	51.809642	0.0	24759401	1335	160.0
1606506050.31	160000	50.733429	0.0	25782433	1863	160.0
1606506052.61	160000	49.431873	0.0	25885372	2069	160.0
1606506054.97	160000	48.073313	0.0	26242011	2144	160.0
1606506057.0	160000	47.042086	0.0	23865378	1810	160.0
1606506057.82	160000	47.230863	0.0	25470681	598	160.0
1606506058.49	160000	47.558759	0.0	27258768	433	160.0
1606506058.93	160000	48.119465	0.0	17853711	267	160.0
1606506059.87	160000	48.17972	0.0	14829893	781	160.0
1606506061.48	160000	47.572427	0.0	27779697	1380	160.0
1606506062.31	160000	47.740283	0.0	27714923	605	160.0
1606506062.93	160000	48.12407	0.0	25946474	393	160.0
1606506063.38	160000	48.675037	0.0	19596259	268	160.0
1606506063.91	160000	49.148761	0.0	23774167	324	160.0
1606506064.47	160000	49.586271	0.0	19373656	371	160.0
1606506065.15	160000	49.905688	0.0	23977420	479	160.0
1606506067.84	160000	48.21672	0.0	24493733	2465	160.0
1606506069.01	160000	48.046232	0.0	14528511	1021	160.0
1606506070.38	160000	47.687176	0.0	16841176	1194	160.0
1606506071.81	160000	47.253263	0.0	16743604	1259	160.0
1606506072.03	20000	48.026211	0.0	1945842	132	-120.0
1606506072.3	20000	48.759917	0.0	2538877	174	20.0
1606506072.55	20000	49.513137	0.0	2298557	158	20.0
1606506072.84	20000	50.225366	0.0	2831497	195	20.0
1606506074.54	160000	49.523648	0.0	21308824	1502	20.0
1606506075.97	160000	49.098586	0.0	17749058	1253	160.0
1606506076.35	160000	49.71221	0.0	14127787	238	160.0
1606506076.78	160000	50.29006	0.0	17525699	244	160.0
1606506077.13	160000	50.941835	0.0	14240042	198	160.0
1606506077.49	160000	51.582283	0.0	20324139	176	160.0
1606506077.87	160000	52.195966	0.0	21993033	191	160.0
1606506078.22	160000	52.850162	0.0	18863108	163	160.0
1606506078.53	160000	53.539397	0.0	15964734	146	160.0
1606506078.73	160000	54.343371	0.0	8284939	75	160.0
1606506078.94	160000	55.138883	0.0	9004706	82	160.0
1606506079.11	160000	55.964249	0.0	6955279	62	160.0
1606506079.32	160000	56.753509	0.0	10701639	81	160.0
1606506079.52	160000	57.555522	0.0	9459459	72	160.0
1606506079.64	160000	58.435748	0.0	3212828	25	160.0
1606506079.75	160000	59.329645	0.0	2509989	19	160.0
1606506080.34	160000	59.828729	0.0	2004927	22	160.0
1606506081.4	160000	59.829873	0.0	591360	5	160.0
1606506082.97	160000	59.764631	0.0	2394426	25	160.0
1606506083.28	40000	1.000999	0.022	336477	2	-3.520000000000003
1606506083.65	160000	1.947834	0.0	14912671	120	40.0
1606506084.15	160000	2.455909	0.0	24265636	195	160.0
1606506084.56	160000	3.051082	0.0	22711544	193	160.0
1606506084.91	160000	3.694034	0.0	19639705	161	160.0
1606506085.29	160000	4.383202	0.0	20946809	173	160.0
1606506085.53	160000	5.140012	0.0	11895609	100	160.0
1606506085.71	160000	5.964428	0.0	7597636	65	160.0
1606506086.74	160000	6.007786	0.0	56067905	486	160.0
1606506087.44	160000	6.332254	0.0	45444680	395	160.0
1606506088.2	160000	6.629313	0.0	54798068	384	160.0
1606506089.28	160000	6.550576	0.0	69464107	552	160.0
1606506089.99	160000	6.837557	0.0	50637608	375	160.0
1606506090.32	160000	7.510504	0.0	19559369	144	160.0
1606506090.67	160000	8.159825	0.0	22224402	155	160.0
1606506091.03	160000	8.804854	0.0	22578365	157	160.0
1606506091.21	160000	9.62454	0.0	8346702	58	160.0
1606506091.51	160000	10.325455	0.0	15775481	137	160.0
1606506091.72	160000	11.117728	0.0	9163235	80	160.0
1606506092.38	160000	11.460514	0.0	41307095	358	160.0
1606506092.84	160000	12.000293	0.0	28763893	210	160.0
1606506093.19	160000	12.652599	0.0	21266416	155	160.0
1606506093.58	160000	13.261814	0.0	23702229	171	160.0
1606506094.0	160000	13.840407	0.0	27580394	199	160.0
1606506094.37	160000	14.473302	0.0	20329780	163	160.0
1606506094.76	160000	15.081425	0.0	16109183	226	160.0
1606506095.93	160000	14.966192	0.0	58830800	739	160.0
1606506098.16	160000	13.742831	0.0	66935122	1776	160.0
1606506100.64	160000	12.26047	0.0	15251076	2329	160.0
