1606469379.4	40000	1.000999	0.034	334476	23	-5.439999999999998
1606469380.38	20000	1.4001	0.0	11007815	798	0.0
1606469381.2	20000	1.579923	0.0	8849724	697	20.0
1606469381.47	20000	2.416834	0.0	3191121	167	20.0
1606469386.82	160000	1.262774	3.174	19639705	5122	-487.84
1606469387.78	160000	1.379361	0.052	20946809	753	151.68
1606469388.2	160000	1.955618	0.0	11895609	280	160.0
1606469388.56	160000	2.608382	0.0	7597636	224	160.0
1606469388.79	20000	3.368037	0.0	4047415	121	-120.0
1606469388.97	20000	4.188149	0.0	2863079	85	20.0
1606469389.2	20000	4.963457	0.0	4167844	123	20.0
1606469389.48	20000	5.686941	0.0	5571764	167	20.0
1606469389.73	20000	6.432393	0.0	4925652	148	20.0
1606469389.89	20000	7.278323	0.0	2030157	60	20.0
1606469390.05	20000	8.118143	0.0	2240782	68	20.0
1606469390.21	20000	8.960261	0.0	2211169	66	20.0
1606469390.3	20000	9.868085	0.0	382046	10	20.0
1606469390.42	20000	10.752048	0.0	1113969	32	20.0
1606469390.52	20000	11.644236	0.0	820127	23	20.0
1606469390.82	20000	12.350344	0.0	6357933	182	20.0
1606469391.07	20000	13.106832	0.0	4814284	138	20.0
1606469391.26	20000	13.909926	0.0	3419258	98	20.0
1606469391.47	20000	14.708762	0.0	3944328	101	20.0
1606469392.44	160000	14.737198	0.0	27580394	707	20.0
1606469394.47	160000	13.705265	0.0	20329780	1844	160.0
1606469395.86	160000	13.319622	0.0	16109183	1213	160.0
1606469398.48	160000	11.702638	0.0	58830800	2000	160.0
1606469407.09	160000	4.093538	0.0	66935122	8160	160.0
1606469407.23	20000	4.953652	0.0	1849732	46	-120.0
1606469407.37	20000	5.815628	0.0	1942795	48	20.0
1606469407.5	20000	6.682761	0.0	1704756	45	20.0
1606469407.63	20000	7.550937	0.0	1697111	45	20.0
1606469407.76	20000	8.42349	0.0	1529441	41	20.0
1606469407.89	20000	9.291893	0.0	1568649	42	20.0
1606469408.03	20000	10.158531	0.0	1677618	44	20.0
1606469408.15	20000	11.034615	0.0	1415096	37	20.0
1606469408.29	20000	11.896365	0.0	1894067	50	20.0
1606469408.41	20000	12.78025	0.0	1186604	31	20.0
1606469408.52	20000	13.671087	0.0	1068386	23	20.0
1606469408.7	40000	14.487165	0.0	3408862	78	20.0
1606469408.86	20000	15.334964	0.0	2536859	56	0.0
1606469409.07	20000	16.124241	0.0	4742872	106	20.0
1606469409.29	20000	16.90462	0.0	4955535	111	20.0
1606469409.5	80000	17.691488	0.0	4146191	103	20.0
1606469410.26	160000	17.933593	0.0	21012466	559	80.0
1606469411.33	160000	17.866161	0.0	23519424	855	160.0
1606469412.75	160000	17.449702	0.0	18715420	1238	160.0
1606469413.49	160000	17.705736	0.0	17000816	577	160.0
1606469414.56	160000	17.635959	0.0	14448126	914	160.0
1606469414.76	160000	18.444041	0.0	6958676	80	160.0
1606469414.98	160000	19.21917	0.0	9088791	104	160.0
1606469415.18	160000	20.023589	0.0	7211881	83	160.0
1606469415.31	160000	20.894905	0.0	3063586	34	160.0
1606469415.43	160000	21.772844	0.0	2782179	32	160.0
1606469415.7	160000	22.50893	0.0	9958410	139	160.0
1606469416.0	160000	23.202559	0.0	12158708	169	160.0
1606469416.32	160000	23.890279	0.0	12300216	171	160.0
1606469416.79	160000	24.424435	0.0	15815684	308	160.0
1606469417.22	160000	24.995262	0.0	13526256	288	160.0
1606469417.69	160000	25.525923	0.0	11995130	323	160.0
1606469418.3	160000	25.909907	0.0	13394791	475	160.0
1606469418.99	160000	26.218984	0.0	14135828	546	160.0
1606469419.72	160000	26.505096	0.0	15366126	560	160.0
1606469420.31	160000	26.904227	0.0	14248439	444	160.0
1606469421.36	160000	26.857889	0.0	13843717	895	160.0
1606469422.58	160000	26.635655	0.0	14665119	1065	160.0
1606469422.99	160000	27.225374	0.0	21079187	221	160.0
1606469423.47	160000	27.74886	0.0	25480074	265	160.0
1606469423.96	160000	28.263556	0.0	23021754	272	160.0
1606469424.5	160000	28.717612	0.0	27527834	324	160.0
1606469424.99	160000	29.228448	0.0	26155848	262	160.0
1606469425.34	160000	29.879011	0.0	17849379	179	160.0
1606469425.68	160000	30.546301	0.0	16546531	167	160.0
1606469426.05	160000	31.175253	0.0	17718949	181	160.0
1606469426.4	160000	31.827249	0.0	17337137	180	160.0
1606469426.82	160000	32.4143	0.0	20008245	229	160.0
1606469427.9	160000	32.326257	0.0	58430914	686	160.0
1606469428.26	160000	32.973496	0.0	16292703	179	160.0
1606469428.74	160000	33.493521	0.0	25587422	269	160.0
1606469429.18	160000	34.053348	0.0	23982306	236	160.0
1606469429.46	160000	34.776304	0.0	13347845	130	160.0
1606469429.76	160000	35.477169	0.0	14337991	144	160.0
1606469430.07	160000	36.168164	0.0	14584990	144	160.0
1606469430.35	160000	36.880783	0.0	13962401	140	160.0
1606469430.67	160000	37.569281	0.0	14393788	160	160.0
1606469431.03	160000	38.210353	0.0	14649457	209	160.0
1606469431.37	160000	38.868403	0.0	13409715	188	160.0
1606469432.78	160000	38.45813	0.0	13909605	1264	160.0
1606469434.06	160000	38.181332	0.0	13301968	1131	160.0
1606469435.8	160000	37.446197	0.0	19025846	1550	160.0
1606469437.43	160000	36.811832	0.0	19295426	1453	160.0
1606469438.74	160000	36.502965	0.0	18261873	1138	160.0
1606469439.23	160000	37.012404	0.0	19847604	304	160.0
1606469439.68	160000	37.563002	0.0	18767181	277	160.0
1606469440.15	160000	38.093252	0.0	22420858	274	160.0
1606469440.57	160000	38.675055	0.0	19324333	236	160.0
1606469441.0	160000	39.245364	0.0	20392234	250	160.0
1606469441.22	160000	40.033703	0.0	7671072	94	160.0
1606469441.6	160000	40.645628	0.0	17781906	218	160.0
1606469441.97	160000	41.276838	0.0	12839336	225	160.0
1606469442.3	160000	41.955766	0.0	10779770	188	160.0
1606469442.72	160000	42.537092	0.0	14606687	271	160.0
1606469447.67	160000	38.580476	0.0	41866951	4634	160.0
1606469468.5	160000	18.758146	0.0	37238410	20530	160.0
1606469469.72	160000	18.539153	0.0	14347759	1068	160.0
1606469470.62	160000	18.638414	0.0	11399187	768	160.0
1606469471.55	160000	18.70583	0.0	10358641	800	160.0
1606469472.82	160000	18.438652	0.0	14315696	1117	160.0
1606469474.76	160000	17.502222	0.0	23283631	1738	160.0
1606469476.32	160000	16.937753	0.0	37521367	1275	160.0
1606469477.03	160000	17.238953	0.0	22241104	497	160.0
1606469477.51	160000	17.753597	0.0	15813346	314	160.0
1606469478.01	160000	18.251474	0.0	17116450	334	160.0
1606469478.54	160000	18.724075	0.0	18867054	353	160.0
1606469479.03	160000	19.23397	0.0	17393609	321	160.0
1606469479.69	160000	19.581958	0.0	24759401	445	160.0
1606469480.68	160000	19.586372	0.0	25782433	782	160.0
1606469481.75	160000	19.523607	0.0	25885372	836	160.0
1606469482.49	160000	19.775806	0.0	26242011	531	160.0
1606469483.15	160000	20.119681	0.0	23865378	438	160.0
1606469483.77	160000	20.506885	0.0	25470681	395	160.0
1606469484.5	160000	20.776689	0.0	27258768	496	160.0
1606469484.99	160000	21.285342	0.0	17853711	318	160.0
1606469485.28	160000	21.993501	0.0	14829893	139	160.0
1606469485.77	160000	22.502047	0.0	27779697	260	160.0
1606469486.24	160000	23.03821	0.0	27714923	237	160.0
1606469486.68	160000	23.602178	0.0	25946474	221	160.0
1606469487.02	160000	24.256478	0.0	19596259	163	160.0
1606469487.41	160000	24.87314	0.0	23774167	186	160.0
1606469487.74	160000	25.541594	0.0	19373656	155	160.0
1606469488.11	160000	26.174049	0.0	23977420	166	160.0
1606469488.47	160000	26.812859	0.0	24493733	156	160.0
1606469488.71	160000	27.57094	0.0	14528511	92	160.0
1606469488.99	160000	28.294779	0.0	16841176	107	160.0
1606469489.28	160000	29.005723	0.0	16743604	119	160.0
1606469489.58	160000	29.704788	0.0	17975224	128	160.0
1606469489.95	160000	30.340856	0.0	22329548	159	160.0
1606469490.21	160000	31.079874	0.0	16001583	96	160.0
1606469490.49	160000	31.796796	0.0	18238584	110	160.0
1606469490.82	160000	32.474021	0.0	21308824	128	160.0
1606469491.16	160000	33.134099	0.0	17749058	169	160.0
1606469491.45	160000	33.844854	0.0	14127787	143	160.0
1606469491.79	160000	34.500393	0.0	17525699	178	160.0
1606469492.34	160000	34.959747	0.0	14240042	390	160.0
1606469493.35	160000	34.942176	0.0	20324139	833	160.0
1606469496.59	160000	32.705595	0.0	21993033	3045	160.0
1606469499.15	160000	31.146657	0.0	18863108	2369	160.0
1606469500.48	160000	30.82392	0.0	15964734	1157	160.0
1606469501.3	160000	30.99987	0.0	8284939	694	160.0
1606469502.21	160000	31.089281	0.0	9004706	780	160.0
1606469502.71	160000	31.594896	0.0	6955279	379	160.0
1606469503.56	160000	31.745214	0.0	10701639	717	160.0
1606469504.09	160000	32.21481	0.0	9459459	403	160.0
1606469504.22	160000	33.088359	0.0	3212828	29	160.0
1606469504.33	160000	33.97833	0.0	2509989	24	160.0
1606469504.42	160000	34.890379	0.0	2004927	19	160.0
1606469504.47	160000	35.833089	0.0	591360	6	160.0
1606469504.55	160000	37.197823	0.0	2394426	22	160.0
1606469504.86	40000	1.000999	0.034	336477	2	-5.439999999999998
1606469505.15	20000	2.001999	0.0	11007815	104	0.0
1606469505.38	20000	2.854555	0.0	8849724	85	20.0
1606469505.51	20000	3.721872	0.0	3191121	31	20.0
1606469505.73	60000	4.504713	0.0	8954217	85	20.0
1606469506.21	160000	5.0236	0.0	20946809	218	60.0
1606469506.64	160000	5.600883	0.0	11895609	282	160.0
1606469506.93	160000	6.332753	0.0	7597636	175	160.0
1606469507.94	80000	6.34761	0.0	29583867	693	0.0
1606469509.69	80000	5.612021	0.0	15816325	1576	80.0
1606469513.66	160000	2.646749	0.0	54798068	3448	80.0
1606469514.27	80000	3.034436	0.0	20600381	413	0.0
1606469514.78	80000	3.523188	0.0	17710542	335	80.0
1606469515.13	110000	4.179379	0.0	10838546	204	80.0
1606469515.76	160000	4.550893	0.0	22224402	412	110.0
1606469516.36	160000	4.949308	0.0	22578365	400	160.0
1606469516.63	160000	5.680237	0.0	8346702	140	160.0
1606469517.06	160000	6.2469	0.0	15775481	266	160.0
1606469517.37	160000	6.941186	0.0	9163235	180	160.0
1606469518.49	160000	6.824798	0.0	41307095	822	160.0
1606469519.32	160000	6.989149	0.0	28763893	599	160.0
1606469520.0	160000	7.318237	0.0	21266416	475	160.0
1606469520.7	160000	7.621671	0.0	23702229	494	160.0
1606469521.5	160000	7.820272	0.0	27580394	566	160.0
1606469522.06	160000	8.262166	0.0	20329780	369	160.0
1606469522.48	160000	8.840737	0.0	16109183	255	160.0
1606469523.84	160000	8.476488	0.0	58830800	897	160.0
1606469525.03	160000	8.290277	0.0	66935122	743	160.0
1606469525.33	160000	8.99309	0.0	15251076	140	160.0
