1606515224.55	40000	1.000999	0.035	334476	24	-5.600000000000001
1606515225.79	40000	1.372191	0.253	14648397	1107	-0.4799999999999969
1606515227.79	60000	1.326129	0.925	20421673	1846	-108.0
1606515229.05	60000	1.424638	0.335	13063186	1189	6.399999999999999
1606515229.86	60000	1.638116	0.0	8954217	759	60.0
1606515230.92	80000	1.600228	0.0	11497228	980	60.0
1606515231.46	80000	2.05613	0.0	6232523	500	80.0
1606515231.87	80000	2.652094	0.0	5425476	365	80.0
1606515234.57	80000	1.203618	0.25	29583867	2476	40.0
1606515236.72	110000	1.306684	1.251	28884539	1992	-120.16
1606515239.0	110000	1.322955	1.294	26873304	2143	-97.03999999999999
1606515242.33	110000	1.334705	2.35	33588177	3169	-266.0
1606515245.99	110000	1.46762	2.792	25684661	3533	-336.72
1606515246.85	110000	1.609753	0.0	10838546	781	110.0
1606515248.15	160000	1.317248	0.0	22224402	1154	110.0
1606515249.17	160000	1.293284	0.0	22578365	894	160.0
1606515249.52	160000	1.950532	0.0	8346702	291	160.0
1606515250.12	160000	2.349009	0.0	15775481	503	160.0
1606515250.47	160000	2.996034	0.0	9163235	288	160.0
1606515251.92	160000	2.546163	0.0	41307095	1164	160.0
1606515252.87	160000	2.59814	0.0	28763893	782	160.0
1606515253.89	160000	2.578719	0.0	21266416	878	160.0
1606515257.85	160000	1.269084	1.648	23702229	3841	-103.68
1606515259.83	160000	1.390424	1.101	27580394	1845	-16.159999999999997
1606515260.47	160000	1.755835	0.0	20329780	503	160.0
1606515260.8	160000	2.424115	0.0	16109183	229	160.0
1606515261.95	160000	2.271719	0.0	58830800	692	160.0
1606515263.09	160000	2.138407	0.0	66935122	761	160.0
1606515263.36	160000	2.867514	0.0	15251076	174	160.0
1606515263.65	160000	3.576231	0.0	16574034	188	160.0
1606515263.87	160000	4.355131	0.0	13009028	141	160.0
1606515264.09	160000	5.139816	0.0	12791674	140	160.0
1606515264.28	160000	5.946888	0.0	11137898	123	160.0
1606515264.48	160000	6.750912	0.0	11485310	126	160.0
1606515264.69	160000	7.540482	0.0	12428518	134	160.0
1606515264.86	160000	8.377849	0.0	9963766	101	160.0
1606515265.05	160000	9.183228	0.0	12189364	124	160.0
1606515265.22	160000	10.019191	0.0	10142396	102	160.0
1606515265.38	160000	10.856546	0.0	10185488	102	160.0
1606515265.6	160000	11.633265	0.0	14061455	142	160.0
1606515267.21	160000	11.02422	0.0	20074099	1485	160.0
1606515269.4	160000	9.844126	0.0	46115254	1922	160.0
1606515270.83	160000	9.407016	0.0	40906522	1197	160.0
1606515271.1	160000	10.145534	0.0	7891151	210	160.0
1606515271.81	160000	10.435841	0.0	21012466	588	160.0
1606515273.04	160000	10.206262	0.0	23519424	1093	160.0
1606515273.97	160000	10.273747	0.0	18715420	818	160.0
1606515274.76	160000	10.489448	0.0	17000816	685	160.0
1606515275.41	160000	10.835911	0.0	14448126	565	160.0
1606515275.73	160000	11.516052	0.0	6958676	274	160.0
1606515276.18	160000	12.071837	0.0	9088791	388	160.0
1606515276.53	160000	12.718094	0.0	7211881	307	160.0
1606515276.69	160000	13.561687	0.0	3063586	131	160.0
1606515276.86	160000	14.391717	0.0	2782179	145	160.0
1606515277.43	160000	14.826422	0.0	9958410	501	160.0
1606515278.2	160000	15.048671	0.0	12158708	699	160.0
1606515279.2	160000	15.057597	0.0	12300216	917	160.0
1606515280.59	160000	14.662387	0.0	15815684	1306	160.0
1606515281.62	160000	14.637367	0.0	13526256	941	160.0
1606515282.57	160000	14.687693	0.0	11995130	881	160.0
1606515283.6	160000	14.655046	0.0	13394791	958	160.0
1606515284.72	160000	14.539057	0.0	14135828	1033	160.0
1606515286.12	160000	14.138058	0.0	15366126	1316	160.0
1606515287.14	160000	14.121355	0.0	14248439	937	160.0
1606515287.83	160000	14.431118	0.0	13843717	609	160.0
1606515288.16	160000	15.099632	0.0	14665119	244	160.0
1606515288.63	160000	15.636156	0.0	21079187	344	160.0
1606515289.42	160000	15.848651	0.0	25480074	640	160.0
1606515290.09	160000	16.178917	0.0	23021754	536	160.0
1606515290.76	160000	16.502673	0.0	27527834	528	160.0
1606515291.27	160000	16.997067	0.0	26155848	349	160.0
1606515291.62	160000	17.656353	0.0	17849379	238	160.0
1606515291.93	160000	18.337768	0.0	16546531	215	160.0
1606515292.27	160000	19.001818	0.0	17718949	227	160.0
1606515292.6	160000	19.67677	0.0	17337137	224	160.0
1606515292.96	160000	20.308651	0.0	20008245	252	160.0
1606515294.01	160000	20.262311	0.0	58430914	725	160.0
1606515294.31	160000	20.968958	0.0	16292703	190	160.0
1606515294.75	160000	21.52734	0.0	25587422	300	160.0
1606515295.18	160000	22.09269	0.0	23982306	299	160.0
1606515295.43	160000	22.84832	0.0	13347845	167	160.0
1606515295.69	160000	23.58816	0.0	14337991	178	160.0
1606515296.18	160000	24.105741	0.0	14584990	402	160.0
1606515296.77	160000	24.505999	0.0	13962401	523	160.0
1606515297.89	160000	24.390026	0.0	14393788	1035	160.0
1606515298.42	160000	24.863469	0.0	14649457	445	160.0
1606515298.89	160000	25.397987	0.0	13409715	390	160.0
1606515299.24	160000	26.050959	0.0	13909605	269	160.0
1606515299.58	160000	26.709739	0.0	13301968	262	160.0
1606515300.48	160000	26.811649	0.0	19025846	780	160.0
1606515301.94	160000	26.346079	0.0	19295426	1357	160.0
1606515302.28	160000	27.005118	0.0	18261873	238	160.0
1606515302.66	160000	27.628762	0.0	19847604	258	160.0
1606515303.02	160000	28.275254	0.0	18767181	242	160.0
1606515303.42	160000	28.867188	0.0	22420858	279	160.0
1606515303.79	160000	29.508104	0.0	19324333	241	160.0
1606515304.24	160000	30.061398	0.0	20392234	329	160.0
1606515304.41	160000	30.884511	0.0	7671072	125	160.0
1606515304.81	160000	31.490937	0.0	17781906	290	160.0
1606515305.77	160000	31.528413	0.0	12839336	885	160.0
1606515306.51	160000	31.786926	0.0	10779770	680	160.0
1606515307.71	160000	31.585709	0.0	14606687	1118	160.0
1606515311.48	160000	28.820107	0.0	41866951	3520	160.0
1606515314.48	160000	26.824994	0.0	37238410	2776	160.0
1606515315.08	160000	27.224552	0.0	14347759	518	160.0
1606515315.29	160000	28.00909	0.0	11399187	150	160.0
1606515315.49	160000	28.809735	0.0	10358641	136	160.0
1606515315.77	160000	29.542771	0.0	14315696	188	160.0
1606515316.2	160000	30.104207	0.0	23283631	302	160.0
1606515316.93	160000	30.381775	0.0	37521367	506	160.0
1606515317.44	160000	30.868661	0.0	22241104	391	160.0
1606515317.82	160000	31.493365	0.0	15813346	279	160.0
1606515318.25	160000	32.06209	0.0	17116450	334	160.0
1606515318.73	160000	32.582785	0.0	18867054	372	160.0
1606515319.17	160000	33.140403	0.0	17393609	340	160.0
1606515319.79	160000	33.523924	0.0	24759401	479	160.0
1606515320.66	160000	33.652253	0.0	25782433	730	160.0
1606515322.34	160000	32.979404	0.0	25885372	1514	160.0
1606515323.26	160000	33.056372	0.0	26242011	778	160.0
1606515323.8	160000	33.512366	0.0	23865378	396	160.0
1606515324.37	160000	33.951711	0.0	25470681	413	160.0
1606515324.97	160000	34.345124	0.0	27258768	435	160.0
1606515325.33	160000	34.995285	0.0	17853711	241	160.0
1606515325.62	160000	35.697448	0.0	14829893	205	160.0
1606515326.16	160000	36.160081	0.0	27779697	378	160.0
1606515326.7	160000	36.628386	0.0	27714923	383	160.0
1606515327.2	160000	37.12586	0.0	25946474	351	160.0
1606515327.56	160000	37.76129	0.0	19596259	253	160.0
1606515328.0	160000	38.323488	0.0	23774167	306	160.0
1606515328.36	160000	38.964846	0.0	19373656	247	160.0
1606515328.79	160000	39.542683	0.0	23977420	287	160.0
1606515329.21	160000	40.120259	0.0	24493733	284	160.0
1606515329.45	160000	40.878558	0.0	14528511	161	160.0
1606515329.74	160000	41.595174	0.0	16841176	187	160.0
1606515330.03	160000	42.298831	0.0	16743604	199	160.0
1606515330.38	160000	42.956923	0.0	17975224	236	160.0
1606515330.8	160000	43.535417	0.0	22329548	293	160.0
1606515331.1	160000	44.237183	0.0	16001583	204	160.0
1606515331.41	160000	44.925959	0.0	18238584	204	160.0
1606515331.78	160000	45.558199	0.0	21308824	238	160.0
1606515332.08	160000	46.255564	0.0	17749058	199	160.0
1606515332.32	160000	47.017129	0.0	14127787	160	160.0
1606515332.62	160000	47.718315	0.0	17525699	198	160.0
1606515332.87	160000	48.472854	0.0	14240042	164	160.0
1606515333.22	160000	49.125985	0.0	20324139	229	160.0
1606515333.58	160000	49.760044	0.0	21993033	248	160.0
1606515333.91	160000	50.43171	0.0	18863108	212	160.0
1606515334.18	160000	51.168773	0.0	15964734	166	160.0
1606515334.31	160000	52.04021	0.0	8284939	81	160.0
1606515334.45	160000	52.898169	0.0	9004706	87	160.0
1606515334.56	160000	53.787758	0.0	6955279	67	160.0
1606515334.73	160000	54.62176	0.0	10701639	104	160.0
1606515334.88	160000	55.470807	0.0	9459459	94	160.0
1606515334.94	160000	56.413316	0.0	3212828	32	160.0
1606515334.99	160000	57.366509	0.0	2509989	24	160.0
1606515335.03	160000	58.321056	0.0	2004927	17	160.0
1606515335.05	160000	59.300778	0.0	591360	6	160.0
1606515336.1	160000	59.837161	0.0	2394426	24	160.0
1606515336.36	40000	1.000999	0.055	337339	1	-8.8
1606515336.68	40000	2.001999	0.0	14648397	146	40.0
1606515337.07	60000	2.713171	0.0	20421673	203	40.0
1606515337.29	60000	3.495115	0.0	13063186	138	60.0
1606515337.44	60000	4.34458	0.0	8954217	94	60.0
1606515337.63	80000	5.148969	0.0	11497228	121	60.0
1606515337.74	80000	6.044714	0.0	6232523	66	80.0
1606515337.84	80000	6.948114	0.0	5425476	57	80.0
1606515338.37	80000	7.454271	0.0	29583867	292	80.0
1606515338.79	110000	8.067713	0.0	28884539	257	80.0
1606515339.19	110000	8.715434	0.0	26873304	241	110.0
1606515339.72	110000	9.211139	0.0	33588177	330	110.0
1606515340.12	110000	9.833272	0.0	25684661	252	110.0
1606515340.29	110000	10.663794	0.0	10838546	104	110.0
1606515340.64	160000	11.319892	0.0	22224402	211	110.0
1606515340.99	160000	11.980972	0.0	22578365	213	160.0
1606515341.12	160000	12.854545	0.0	8346702	73	160.0
1606515341.34	160000	13.634807	0.0	15775481	125	160.0
1606515341.47	160000	14.505818	0.0	9163235	72	160.0
1606515342.08	160000	14.902279	0.0	41307095	326	160.0
1606515342.49	160000	15.491116	0.0	28763893	250	160.0
1606515342.82	160000	16.166724	0.0	21266416	184	160.0
1606515343.15	160000	16.826565	0.0	23702229	207	160.0
1606515343.54	160000	17.445787	0.0	27580394	228	160.0
1606515343.83	160000	18.148801	0.0	20329780	169	160.0
1606515344.07	160000	18.914173	0.0	16109183	138	160.0
1606515345.09	160000	18.892405	0.0	58830800	547	160.0
1606515346.05	160000	18.940556	0.0	66935122	582	160.0
1606515346.24	160000	19.743744	0.0	15251076	110	160.0
1606515346.46	160000	20.530939	0.0	16574034	113	160.0
1606515346.62	160000	21.368717	0.0	13009028	89	160.0
1606515346.78	160000	22.209405	0.0	12791674	87	160.0
1606515346.92	160000	23.06693	0.0	11137898	76	160.0
1606515347.07	160000	23.92144	0.0	11485310	78	160.0
1606515347.23	160000	24.767341	0.0	12428518	84	160.0
1606515347.36	160000	25.638722	0.0	9963766	67	160.0
1606515347.52	160000	26.480091	0.0	12189364	81	160.0
1606515347.64	160000	27.352768	0.0	10142396	68	160.0
1606515347.78	160000	28.220438	0.0	10185488	69	160.0
1606515347.96	160000	29.040971	0.0	14061455	94	160.0
1606515348.22	160000	29.784354	0.0	20074099	134	160.0
1606515348.77	160000	30.226287	0.0	46115254	296	160.0
1606515349.28	160000	30.720363	0.0	40906522	265	160.0
1606515349.39	160000	31.617273	0.0	7891151	52	160.0
1606515349.64	160000	32.35884	0.0	21012466	139	160.0
1606515349.94	160000	33.070112	0.0	23519424	155	160.0
1606515350.17	160000	33.831088	0.0	18715420	124	160.0
1606515350.39	160000	34.617404	0.0	17000816	117	160.0
1606515350.57	160000	35.433004	0.0	14448126	99	160.0
1606515350.67	160000	36.341203	0.0	6958676	48	160.0
1606515350.79	160000	37.223562	0.0	9088791	62	160.0
1606515350.88	160000	38.12953	0.0	7211881	49	160.0
1606515350.93	160000	39.082851	0.0	3063586	21	160.0
1606515350.97	160000	40.040438	0.0	2782179	19	160.0
1606515351.1	160000	40.914997	0.0	9958410	68	160.0
1606515351.25	160000	41.76768	0.0	12158708	78	160.0
1606515351.4	160000	42.615606	0.0	12300216	79	160.0
1606515351.59	160000	43.424689	0.0	15815684	102	160.0
1606515351.76	160000	44.25991	0.0	13526256	86	160.0
1606515351.91	160000	45.110394	0.0	11995130	77	160.0
1606515352.07	160000	45.948504	0.0	13394791	86	160.0
1606515352.26	160000	46.757634	0.0	14135828	109	160.0
