1606463537.58	40000	1.000999	0.035	334476	23	-5.600000000000001
1606463538.55	20000	1.426202	0.0	11007815	788	0.0
1606463539.34	20000	1.639009	0.0	8849724	666	20.0
1606463539.69	20000	2.308855	0.0	3191121	259	20.0
1606463539.92	20000	3.086799	0.0	1661718	136	20.0
1606463540.11	20000	3.915045	0.0	1315024	106	20.0
1606463540.25	20000	4.776762	0.0	698359	56	20.0
1606463540.39	20000	5.636276	0.0	730082	59	20.0
1606463540.77	20000	6.257081	0.0	4047415	281	20.0
1606463541.07	20000	6.966102	0.0	2863079	198	20.0
1606463541.46	20000	7.576275	0.0	4167844	290	20.0
1606463541.97	20000	8.06654	0.0	5571764	403	20.0
1606463546.82	160000	4.218624	0.0	50637608	4259	20.0
1606463548.5	160000	3.531909	0.0	19559369	1497	160.0
1606463550.34	160000	2.699765	0.0	22224402	1634	160.0
1606463552.14	160000	1.895715	0.0	22578365	1598	160.0
1606463552.97	160000	2.066443	0.0	8346702	708	160.0
1606463554.36	160000	1.684894	0.0	15775481	1216	160.0
1606463555.1	160000	1.943371	0.0	9163235	618	160.0
1606463556.68	80000	1.36515	0.0	20277060	1387	0.0
1606463558.15	80000	1.274239	0.383	14877694	1329	18.72
1606463559.01	80000	1.417917	0.0	11453319	721	80.0
1606463559.79	80000	1.636879	0.0	13274781	631	80.0
1606463560.46	80000	1.967931	0.0	14862949	520	80.0
1606463561.9	80000	1.525389	0.0	10513690	1311	80.0
1606463563.74	80000	1.415666	0.715	8329186	1711	-34.400000000000006
1606463566.93	20000	1.381533	2.163	9946363	3058	-386.08
1606463569.0	20000	1.289185	0.982	11684632	1943	-137.12
1606463569.29	40000	2.000832	0.0	3622285	182	20.0
1606463569.67	60000	2.629274	0.0	5799553	260	40.0
1606463569.89	60000	3.405796	0.0	4738322	116	60.0
1606463570.11	60000	4.18301	0.0	4764193	117	60.0
1606463570.32	60000	4.980791	0.0	4183888	103	60.0
1606463570.52	60000	5.775004	0.0	4325721	106	60.0
1606463570.83	80000	6.467417	0.0	6190601	198	60.0
1606463571.11	80000	7.193473	0.0	5198830	169	80.0
1606463571.43	80000	7.872675	0.0	6516530	212	80.0
1606463571.73	110000	8.572544	0.0	6833121	182	80.0
1606463571.99	110000	9.311708	0.0	6808950	147	110.0
1606463572.33	110000	9.97788	0.0	9608563	208	110.0
1606463572.68	80000	10.623999	0.0	10250816	221	50.0
1606463572.89	20000	11.415154	0.0	4742872	104	-40.0
1606463573.1	20000	12.203452	0.0	4955535	109	20.0
1606463573.3	80000	13.010656	0.0	4146191	91	20.0
1606463573.69	80000	13.620299	0.0	11601071	256	80.0
1606463573.96	60000	14.353363	0.0	8531701	137	40.0
1606463574.17	60000	15.143642	0.0	6264914	100	60.0
1606463574.41	80000	15.899928	0.0	7852064	125	60.0
1606463574.7	110000	16.614979	0.0	9698716	156	80.0
1606463574.93	160000	17.386678	0.0	6958676	113	110.0
1606463575.21	160000	18.11552	0.0	9088791	146	160.0
1606463575.44	160000	18.878565	0.0	7211881	113	160.0
1606463575.58	160000	19.735741	0.0	3063586	50	160.0
1606463575.71	160000	20.604233	0.0	2782179	41	160.0
1606463575.99	160000	21.332805	0.0	9958410	147	160.0
1606463576.3	160000	22.018428	0.0	12158708	178	160.0
1606463576.62	160000	22.702064	0.0	12300216	181	160.0
1606463577.07	160000	23.255869	0.0	15815684	286	160.0
1606463577.45	160000	23.869583	0.0	13526256	240	160.0
1606463577.79	160000	24.530367	0.0	11995130	201	160.0
1606463578.14	160000	25.182826	0.0	13394791	205	160.0
1606463578.51	160000	25.818369	0.0	14135828	216	160.0
1606463578.95	160000	26.381682	0.0	15366126	287	160.0
1606463579.39	160000	26.940874	0.0	14248439	287	160.0
1606463579.81	160000	27.524405	0.0	13843717	262	160.0
1606463580.2	160000	28.131027	0.0	14665119	241	160.0
1606463580.74	160000	28.594219	0.0	21079187	349	160.0
1606463581.51	160000	28.81829	0.0	25480074	566	160.0
1606463582.17	160000	29.165099	0.0	23021754	459	160.0
1606463582.94	160000	29.395703	0.0	27527834	551	160.0
1606463583.67	160000	29.662185	0.0	26155848	522	160.0
1606463584.16	160000	30.180081	0.0	17849379	308	160.0
1606463584.61	160000	30.732518	0.0	16546531	285	160.0
1606463585.12	160000	31.218419	0.0	17718949	344	160.0
1606463585.61	160000	31.729515	0.0	17337137	321	160.0
1606463586.13	160000	32.207006	0.0	20008245	342	160.0
1606463587.64	160000	31.700957	0.0	58430914	1051	160.0
1606463588.24	160000	32.102036	0.0	16292703	421	160.0
1606463589.14	160000	32.20046	0.0	25587422	688	160.0
1606463590.12	160000	32.228419	0.0	23982306	769	160.0
1606463590.8	160000	32.541351	0.0	13347845	542	160.0
1606463591.46	160000	32.894377	0.0	14337991	492	160.0
1606463592.51	160000	32.834757	0.0	14584990	907	160.0
1606463593.26	160000	33.092066	0.0	13962401	595	160.0
1606463593.93	160000	33.423396	0.0	14393788	517	160.0
1606463594.56	160000	33.787208	0.0	14649457	485	160.0
1606463595.15	160000	34.198818	0.0	13409715	444	160.0
1606463595.76	160000	34.594112	0.0	13909605	462	160.0
1606463596.65	160000	34.698946	0.0	13301968	751	160.0
1606463598.08	160000	34.272121	0.0	19025846	1244	160.0
1606463602.75	160000	30.608939	0.0	19295426	4485	160.0
1606463604.41	160000	29.947846	0.0	18261873	1487	160.0
1606463606.26	160000	29.101704	0.0	19847604	1659	160.0
1606463606.54	20000	29.822814	0.0	1842874	189	-120.0
1606463606.86	20000	30.503667	0.0	2235830	220	20.0
1606463607.1	20000	31.264734	0.0	2202171	149	20.0
1606463607.34	20000	32.021613	0.0	2242042	152	20.0
1606463607.65	60000	32.71718	0.0	3037981	207	20.0
1606463609.14	160000	32.22889	0.0	17781906	1315	60.0
1606463610.28	160000	32.086356	0.0	12839336	1001	160.0
1606463611.3	160000	32.070508	0.0	10779770	880	160.0
1606463612.61	160000	31.759532	0.0	14606687	1161	160.0
1606463616.0	160000	29.364211	0.0	41866951	3100	160.0
1606463619.07	160000	27.294533	0.0	37238410	2795	160.0
1606463620.43	160000	26.942148	0.0	14347759	1204	160.0
1606463621.45	160000	26.922423	0.0	11399187	884	160.0
1606463622.42	160000	26.952985	0.0	10358641	836	160.0
1606463623.87	160000	26.503472	0.0	14315696	1299	160.0
1606463625.69	160000	25.687379	0.0	23283631	1616	160.0
1606463628.57	160000	23.806458	0.0	37521367	2596	160.0
1606463630.57	160000	22.809425	0.0	22241104	1800	160.0
1606463632.1	160000	22.281154	0.0	15813346	1364	160.0
1606463633.66	160000	21.721156	0.0	17116450	1392	160.0
1606463635.21	160000	21.165422	0.0	18867054	1382	160.0
1606463636.78	160000	20.594937	0.0	17393609	1405	160.0
1606463639.2	160000	19.176333	0.0	24759401	2206	160.0
1606463640.8	160000	18.585037	0.0	25782433	1378	160.0
1606463642.03	160000	18.351546	0.0	25885372	1005	160.0
1606463643.13	160000	18.249535	0.0	26242011	888	160.0
1606463644.93	160000	17.456425	0.0	23865378	1574	160.0
1606463646.12	160000	17.26785	0.0	25470681	972	160.0
1606463653.88	160000	10.511782	0.0	27258768	7515	160.0
1606463654.94	110000	10.443458	0.0	12036523	922	60.0
1606463655.48	60000	10.910903	0.0	5207162	424	10.0
1606463656.12	40000	11.267502	0.0	6343093	529	20.0
1606463656.42	20000	11.968988	0.0	2991202	202	0.0
1606463656.72	20000	12.673798	0.0	3002106	203	20.0
1606463656.94	20000	13.450329	0.0	2015412	137	20.0
1606463657.21	20000	14.183649	0.0	2894863	172	20.0
1606463657.41	20000	14.987098	0.0	2185316	106	20.0
1606463657.68	20000	15.721753	0.0	3370605	164	20.0
1606463658.11	40000	16.282713	0.0	6582726	321	20.0
1606463658.33	40000	17.063302	0.0	3090648	124	40.0
1606463658.59	40000	17.809636	0.0	3851594	155	40.0
1606463658.84	40000	18.563167	0.0	3709626	149	40.0
1606463659.3	80000	19.100565	0.0	8469705	337	40.0
1606463659.86	80000	19.545382	0.0	10869298	424	80.0
1606463660.68	160000	19.724332	0.0	16001583	656	80.0
1606463661.6	160000	19.799838	0.0	18238584	751	160.0
1606463662.7	160000	19.703088	0.0	21308824	904	160.0
1606463663.6	160000	19.810313	0.0	17749058	720	160.0
1606463664.34	160000	20.067333	0.0	14127787	592	160.0
1606463665.21	160000	20.198546	0.0	17525699	698	160.0
1606463665.93	160000	20.476959	0.0	14240042	572	160.0
1606463667.1	160000	20.309529	0.0	20324139	981	160.0
1606463668.32	160000	20.093931	0.0	21993033	1025	160.0
1606463669.19	160000	20.223733	0.0	18863108	686	160.0
1606463670.62	160000	19.790516	0.0	15964734	1268	160.0
1606463671.05	160000	20.364789	0.0	8284939	305	160.0
1606463671.43	160000	20.983502	0.0	9004706	259	160.0
1606463671.72	160000	21.691679	0.0	6955279	179	160.0
1606463672.13	160000	22.283856	0.0	10701639	277	160.0
1606463676.02	160000	19.3948	0.0	9459459	3755	160.0
1606463677.86	160000	18.559059	0.0	3212828	1739	160.0
1606463679.33	160000	18.090941	0.0	2509989	1379	160.0
1606463679.39	20000	19.025988	0.0	50278	2	-120.0
1606463679.45	20000	19.968783	0.0	26471	13	20.0
1606463679.49	20000	21.363709	0.0	56059	3	20.0
1606463679.83	40000	1.000999	0.043	336477	26	-6.880000000000003
1606463680.85	20000	1.258236	0.0	11007815	835	0.0
1606463681.67	20000	1.467166	0.0	8849724	693	20.0
1606463682.02	20000	2.120714	0.0	3191121	252	20.0
1606463682.23	20000	2.92526	0.0	1661718	131	20.0
1606463682.4	20000	3.755408	0.0	1315024	84	20.0
1606463682.54	20000	4.629197	0.0	698359	44	20.0
1606463682.67	20000	5.495199	0.0	730082	45	20.0
1606463683.03	20000	6.136055	0.0	4047415	264	20.0
1606463683.31	20000	6.856776	0.0	2863079	186	20.0
1606463683.53	20000	7.632782	0.0	4167844	123	20.0
1606463683.81	20000	8.358106	0.0	5571764	167	20.0
1606463684.06	20000	9.109015	0.0	4925652	147	20.0
1606463684.21	20000	9.959554	0.0	2030157	60	20.0
1606463684.36	20000	10.811901	0.0	2240782	59	20.0
1606463684.51	20000	11.659603	0.0	2211169	57	20.0
1606463684.6	20000	12.568549	0.0	382046	10	20.0
1606463684.72	20000	13.455	0.0	1113969	29	20.0
1606463684.82	20000	14.353152	0.0	820127	21	20.0
1606463685.1	20000	15.075995	0.0	6357933	166	20.0
1606463685.33	20000	15.85059	0.0	4814284	126	20.0
1606463685.48	20000	16.700208	0.0	3419258	56	20.0
1606463685.64	20000	17.539048	0.0	3944328	64	20.0
1606463686.42	160000	17.761136	0.0	27580394	456	20.0
1606463686.93	160000	18.244759	0.0	20329780	328	160.0
1606463687.36	160000	18.819585	0.0	16109183	260	160.0
1606463689.06	160000	18.123064	0.0	58830800	1083	160.0
1606463691.08	160000	17.100591	0.0	66935122	1596	160.0
1606463699.02	160000	10.161538	0.0	15251076	7775	160.0
