1606513248.33	40000	1.000999	0.032	334476	21	-5.119999999999997
1606513249.49	40000	1.227607	0.0	14648397	1016	40.0
1606513251.23	60000	1.35289	0.833	20421673	1586	-93.28
1606513252.28	60000	1.438793	0.12	13063186	976	40.8
1606513253.02	60000	1.728136	0.0	8954217	679	60.0
1606513254.0	80000	1.760406	0.0	11497228	911	60.0
1606513254.53	80000	2.234134	0.0	6232523	484	80.0
1606513254.99	80000	2.779126	0.0	5425476	419	80.0
1606513257.4	80000	1.363351	0.0	29583867	2182	80.0
1606513258.35	110000	1.474529	0.052	28884539	758	71.68
1606513258.79	110000	2.032554	0.0	26873304	274	110.0
1606513259.33	110000	2.48685	0.0	33588177	345	110.0
1606513259.82	110000	3.011617	0.0	25684661	326	110.0
1606513260.02	110000	3.79928	0.0	10838546	130	110.0
1606513262.78	160000	2.048753	0.0	22224402	2614	110.0
1606513264.49	160000	1.338681	0.0	22578365	1574	160.0
1606513264.87	160000	1.957176	0.0	8346702	329	160.0
1606513265.58	160000	2.250283	0.0	15775481	613	160.0
1606513265.99	160000	2.841848	0.0	9163235	353	160.0
1606513267.47	160000	2.357185	0.0	41307095	1205	160.0
1606513268.53	160000	2.304268	0.0	28763893	892	160.0
1606513269.21	160000	2.618649	0.0	21266416	545	160.0
1606513270.26	160000	2.573764	0.0	23702229	909	160.0
1606513271.4	160000	2.431128	0.0	27580394	981	160.0
1606513272.08	160000	2.760305	0.0	20329780	542	160.0
1606513272.95	160000	2.888544	0.0	16109183	769	160.0
1606513278.55	160000	1.388748	3.101	58830800	5188	-336.16
1606513283.96	160000	1.408185	4.427	66935122	5085	-548.32
1606513285.34	160000	1.418774	0.392	15251076	1304	97.28
1606513286.62	160000	1.311463	0.174	16574034	1194	132.16
1606513287.51	160000	1.451371	0.031	13009028	812	155.04
1606513288.14	160000	1.831045	0.0	12791674	548	160.0
1606513288.59	160000	2.378142	0.0	11137898	387	160.0
1606513289.01	160000	2.953682	0.0	11485310	354	160.0
1606513289.44	160000	3.525843	0.0	12428518	357	160.0
1606513289.74	160000	4.232892	0.0	9963766	232	160.0
1606513290.09	160000	4.879492	0.0	12189364	284	160.0
1606513290.39	160000	5.578429	0.0	10142396	241	160.0
1606513290.73	160000	6.245061	0.0	10185488	271	160.0
1606513291.18	160000	6.789892	0.0	14061455	375	160.0
1606513293.29	160000	5.689811	0.0	20074099	1985	160.0
1606513298.97	160000	1.233415	0.226	46115254	5452	123.84
1606513300.58	160000	1.259515	0.639	40906522	1389	57.760000000000005
1606513300.78	160000	2.063654	0.0	7891151	141	160.0
1606513301.29	160000	2.559169	0.0	21012466	383	160.0
1606513301.83	160000	3.013505	0.0	23519424	413	160.0
1606513302.27	160000	3.580223	0.0	18715420	327	160.0
1606513302.67	160000	4.180841	0.0	17000816	294	160.0
1606513303.0	160000	4.843768	0.0	14448126	250	160.0
1606513303.17	160000	5.676281	0.0	6958676	120	160.0
1606513303.39	160000	6.462338	0.0	9088791	157	160.0
1606513303.56	160000	7.292237	0.0	7211881	123	160.0
1606513303.64	160000	8.213438	0.0	3063586	51	160.0
1606513303.71	160000	9.142964	0.0	2782179	47	160.0
1606513303.94	160000	9.909337	0.0	9958410	166	160.0
1606513304.22	160000	10.631623	0.0	12158708	206	160.0
1606513304.51	160000	11.349051	0.0	12300216	210	160.0
1606513304.88	160000	11.977369	0.0	15815684	278	160.0
1606513305.2	160000	12.655447	0.0	13526256	239	160.0
1606513305.48	160000	13.377972	0.0	11995130	207	160.0
1606513305.77	160000	14.090102	0.0	13394791	213	160.0
1606513306.09	160000	14.772999	0.0	14135828	235	160.0
1606513306.42	160000	15.442515	0.0	15366126	245	160.0
1606513306.71	160000	16.156185	0.0	14248439	206	160.0
1606513306.99	160000	16.874799	0.0	13843717	201	160.0
1606513307.29	160000	17.576659	0.0	14665119	212	160.0
1606513307.69	160000	18.175065	0.0	21079187	282	160.0
1606513308.16	160000	18.705878	0.0	25480074	328	160.0
1606513308.58	160000	19.285823	0.0	23021754	291	160.0
1606513309.06	160000	19.805994	0.0	27527834	329	160.0
1606513309.53	160000	20.340941	0.0	26155848	307	160.0
1606513309.88	160000	20.992592	0.0	17849379	246	160.0
1606513310.2	160000	21.667724	0.0	16546531	227	160.0
1606513310.67	160000	22.204402	0.0	17718949	352	160.0
1606513312.06	160000	21.813652	0.0	17337137	1293	160.0
1606513313.57	160000	21.301422	0.0	20008245	1398	160.0
1606513315.2	160000	20.678121	0.0	58430914	1305	160.0
1606513315.53	160000	21.350128	0.0	16292703	228	160.0
1606513316.26	160000	21.622636	0.0	25587422	587	160.0
1606513316.9	160000	21.981741	0.0	23982306	508	160.0
1606513317.25	160000	22.633804	0.0	13347845	269	160.0
1606513317.65	160000	23.237746	0.0	14337991	316	160.0
1606513318.15	160000	23.735464	0.0	14584990	420	160.0
1606513318.68	160000	24.199992	0.0	13962401	451	160.0
1606513319.55	160000	24.338049	0.0	14393788	780	160.0
1606513319.94	160000	24.947377	0.0	14649457	311	160.0
1606513320.3	160000	25.585767	0.0	13409715	284	160.0
1606513320.7	160000	26.189033	0.0	13909605	310	160.0
1606513321.08	160000	26.806532	0.0	13301968	309	160.0
1606513321.65	160000	27.240399	0.0	19025846	454	160.0
1606513322.39	160000	27.509853	0.0	19295426	619	160.0
1606513324.01	160000	26.877888	0.0	18261873	1521	160.0
1606513326.31	160000	25.580444	0.0	19847604	2176	160.0
1606513327.08	160000	25.814207	0.0	18767181	660	160.0
1606513327.75	160000	26.14299	0.0	22420858	542	160.0
1606513328.14	160000	26.750912	0.0	19324333	275	160.0
1606513328.56	160000	27.335535	0.0	20392234	291	160.0
1606513328.73	160000	28.171811	0.0	7671072	115	160.0
1606513329.1	160000	28.802163	0.0	17781906	267	160.0
1606513329.36	160000	29.535763	0.0	12839336	193	160.0
1606513329.59	160000	30.311608	0.0	10779770	162	160.0
1606513329.88	160000	31.023209	0.0	14606687	205	160.0
1606513330.73	160000	31.176135	0.0	41866951	602	160.0
1606513331.45	160000	31.451785	0.0	37238410	509	160.0
1606513331.73	160000	32.174383	0.0	14347759	198	160.0
1606513331.97	160000	32.943548	0.0	11399187	165	160.0
1606513332.18	160000	33.728997	0.0	10358641	145	160.0
1606513332.46	160000	34.448572	0.0	14315696	200	160.0
1606513332.91	160000	34.994554	0.0	23283631	326	160.0
1606513333.66	160000	35.253894	0.0	37521367	526	160.0
1606513334.13	160000	35.782158	0.0	22241104	346	160.0
1606513334.48	160000	36.430559	0.0	15813346	256	160.0
1606513334.84	160000	37.075857	0.0	17116450	250	160.0
1606513335.22	160000	37.691644	0.0	18867054	271	160.0
1606513335.57	160000	38.34157	0.0	17393609	247	160.0
1606513336.44	160000	38.478658	0.0	24759401	723	160.0
1606513337.97	160000	37.946191	0.0	25782433	1390	160.0
1606513338.81	160000	38.103959	0.0	25885372	685	160.0
1606513339.27	160000	38.652062	0.0	26242011	309	160.0
1606513339.69	160000	39.225008	0.0	23865378	279	160.0
1606513340.13	160000	39.790892	0.0	25470681	292	160.0
1606513340.61	160000	40.31147	0.0	27258768	313	160.0
1606513340.89	160000	41.036948	0.0	17853711	170	160.0
1606513341.11	160000	41.813341	0.0	14829893	141	160.0
1606513341.54	160000	42.388484	0.0	27779697	266	160.0
1606513342.0	160000	42.923234	0.0	27714923	313	160.0
1606513342.46	160000	43.462559	0.0	25946474	312	160.0
1606513342.81	160000	44.11379	0.0	19596259	239	160.0
1606513343.26	160000	44.678734	0.0	23774167	305	160.0
1606513343.61	160000	45.316115	0.0	19373656	244	160.0
1606513344.1	160000	45.832962	0.0	23977420	350	160.0
1606513344.59	160000	46.338069	0.0	24493733	360	160.0
1606513344.88	160000	47.057057	0.0	14528511	200	160.0
1606513345.2	160000	47.731016	0.0	16841176	229	160.0
1606513345.54	160000	48.397982	0.0	16743604	234	160.0
1606513346.56	160000	48.379255	0.0	17975224	916	160.0
1606513348.3	160000	47.64039	0.0	22329548	1612	160.0
1606513349.78	160000	47.162785	0.0	16001583	1385	160.0
1606513351.18	160000	46.755428	0.0	18238584	1304	160.0
1606513352.19	160000	46.750309	0.0	21308824	884	160.0
1606513352.78	160000	47.157592	0.0	17749058	488	160.0
1606513353.02	160000	47.919469	0.0	14127787	157	160.0
1606513353.32	160000	48.623002	0.0	17525699	194	160.0
1606513353.56	160000	49.382175	0.0	14240042	158	160.0
1606513353.91	160000	50.035058	0.0	20324139	227	160.0
1606513354.28	160000	50.663662	0.0	21993033	247	160.0
1606513354.61	160000	51.33731	0.0	18863108	211	160.0
1606513354.88	160000	52.062918	0.0	15964734	179	160.0
1606513355.03	160000	52.917301	0.0	8284939	94	160.0
1606513355.19	160000	53.760169	0.0	9004706	101	160.0
1606513355.31	160000	54.636326	0.0	6955279	78	160.0
1606513355.5	160000	55.452648	0.0	10701639	121	160.0
1606513355.67	160000	56.279153	0.0	9459459	113	160.0
1606513355.74	160000	57.213653	0.0	3212828	34	160.0
1606513355.79	160000	58.161059	0.0	2509989	28	160.0
1606513355.84	160000	59.118311	0.0	2004927	22	160.0
1606513356.36	160000	59.763162	0.0	591360	6	160.0
1606513357.91	160000	59.697968	0.0	2394426	27	160.0
1606513358.12	40000	1.000999	0.027	337339	3	-4.32
1606513358.45	40000	2.001999	0.0	14648397	155	40.0
1606513358.83	60000	2.679342	0.0	20421673	216	40.0
1606513359.06	60000	3.455808	0.0	13063186	148	60.0
1606513359.21	60000	4.301189	0.0	8954217	101	60.0
1606513359.42	80000	5.097262	0.0	11497228	132	60.0
1606513359.53	80000	5.987311	0.0	6232523	70	80.0
1606513359.63	80000	6.882371	0.0	5425476	58	80.0
1606513360.29	80000	7.29487	0.0	29583867	408	80.0
1606513360.89	110000	7.741813	0.0	28884539	417	80.0
1606513361.37	110000	8.282206	0.0	26873304	324	110.0
1606513362.86	110000	7.833016	0.0	33588177	1299	110.0
1606513364.01	110000	7.69199	0.0	25684661	993	110.0
1606513364.42	110000	8.271908	0.0	10838546	342	110.0
1606513365.29	160000	8.403521	0.0	22224402	736	110.0
1606513366.16	160000	8.53892	0.0	22578365	734	160.0
1606513366.48	160000	9.219113	0.0	8346702	260	160.0
1606513366.97	160000	9.733761	0.0	15775481	386	160.0
1606513367.17	160000	10.534681	0.0	9163235	127	160.0
1606513368.12	160000	10.584406	0.0	41307095	657	160.0
1606513368.95	160000	10.753973	0.0	28763893	656	160.0
1606513369.43	160000	11.27139	0.0	21266416	347	160.0
1606513369.99	160000	11.717385	0.0	23702229	416	160.0
1606513370.93	160000	11.771737	0.0	27580394	790	160.0
1606513372.28	160000	11.431444	0.0	20329780	1210	160.0
1606513375.03	160000	9.678645	0.0	16109183	2649	160.0
1606513380.12	160000	5.583646	0.0	58830800	4628	160.0
1606513382.18	160000	4.530716	0.0	66935122	1678	160.0
1606513383.12	160000	4.592016	0.0	15251076	849	160.0
1606513384.18	160000	4.53007	0.0	16574034	961	160.0
1606513385.14	160000	4.575872	0.0	13009028	874	160.0
1606513386.06	160000	4.653787	0.0	12791674	843	160.0
1606513386.64	160000	5.078277	0.0	11137898	497	160.0
1606513387.13	160000	5.589716	0.0	11485310	413	160.0
1606513387.55	160000	6.167679	0.0	12428518	351	160.0
1606513387.89	160000	6.82563	0.0	9963766	281	160.0
1606513388.3	160000	7.417746	0.0	12189364	338	160.0
1606513388.65	160000	8.066547	0.0	10142396	281	160.0
1606513389.05	160000	8.669141	0.0	10185488	338	160.0
1606513390.11	160000	8.613985	0.0	14061455	975	160.0
1606513391.57	160000	8.148353	0.0	20074099	1352	160.0
1606513393.28	160000	7.445877	0.0	46115254	1442	160.0
1606513394.42	160000	7.302275	0.0	40906522	908	160.0
1606513394.64	160000	8.081478	0.0	7891151	170	160.0
1606513395.22	160000	8.508935	0.0	21012466	453	160.0
1606513395.86	160000	8.869918	0.0	23519424	507	160.0
1606513396.36	160000	9.370763	0.0	18715420	392	160.0
1606513396.81	160000	9.918082	0.0	17000816	353	160.0
1606513397.2	160000	10.533222	0.0	14448126	300	160.0
1606513397.39	160000	11.34337	0.0	6958676	144	160.0
1606513397.64	160000	12.096402	0.0	9088791	189	160.0
1606513397.84	160000	12.894207	0.0	7211881	154	160.0
1606513397.93	160000	13.80652	0.0	3063586	60	160.0
1606513398.08	160000	14.659615	0.0	2782179	123	160.0
1606513398.81	160000	14.930054	0.0	9958410	671	160.0
1606513399.92	160000	14.817307	0.0	12158708	1041	160.0
1606513400.85	160000	14.890427	0.0	12300216	852	160.0
1606513402.09	160000	14.64642	0.0	15815684	1153	160.0
1606513403.36	160000	14.383957	0.0	13526256	1187	160.0
1606513404.33	160000	14.416226	0.0	11995130	898	160.0
1606513405.33	160000	14.415563	0.0	13394791	922	160.0
