1606517236.19	40000	1.000999	0.079	334476	69	-12.64
1606517238.25	40000	1.328941	1.028	14648397	1936	-124.47999999999999
1606517239.96	60000	1.341298	0.692	20421673	1557	-70.72
1606517240.99	60000	1.440216	0.105	13063186	949	43.2
1606517241.72	60000	1.734234	0.0	8954217	674	60.0
1606517242.71	80000	1.757971	0.0	11497228	918	60.0
1606517243.22	80000	2.257663	0.0	6232523	457	80.0
1606517243.62	80000	2.852024	0.0	5425476	368	80.0
1606517246.21	80000	1.269174	0.0	29583867	2340	80.0
1606517248.68	110000	1.318483	1.519	28884539	2311	-163.04
1606517250.96	110000	1.33869	1.307	26873304	2149	-99.12
1606517251.8	110000	1.504232	0.0	33588177	635	110.0
1606517252.37	110000	1.930626	0.0	25684661	413	110.0
1606517252.61	110000	2.69729	0.0	10838546	163	110.0
1606517253.08	160000	3.226521	0.0	22224402	333	110.0
1606517253.89	160000	3.415244	0.0	22578365	681	160.0
1606517254.58	160000	3.724482	0.0	8346702	629	160.0
1606517255.9	160000	3.407394	0.0	15775481	1219	160.0
1606517256.7	160000	3.607892	0.0	9163235	740	160.0
1606517259.64	160000	1.675803	0.0	41307095	2642	160.0
1606517260.63	160000	1.689651	0.0	28763893	811	160.0
1606517261.22	160000	2.08903	0.0	21266416	457	160.0
1606517261.72	160000	2.602298	0.0	23702229	350	160.0
1606517262.27	160000	3.041912	0.0	27580394	393	160.0
1606517262.67	160000	3.64724	0.0	20329780	260	160.0
1606517262.98	160000	4.341116	0.0	16109183	207	160.0
1606517264.15	160000	4.167275	0.0	58830800	705	160.0
1606517265.26	160000	4.064104	0.0	66935122	729	160.0
1606517265.65	160000	4.671967	0.0	15251076	304	160.0
1606517266.08	160000	5.243782	0.0	16574034	329	160.0
1606517269.94	160000	2.377853	0.0	13009028	3790	160.0
1606517272.22	160000	1.415654	0.308	12791674	2206	110.72
1606517273.06	160000	1.56823	0.0	11137898	781	160.0
1606517273.96	160000	1.671643	0.0	11485310	826	160.0
1606517275.04	160000	1.601723	0.0	12428518	997	160.0
1606517275.96	160000	1.678043	0.0	9963766	853	160.0
1606517277.24	160000	1.478661	0.084	12189364	1220	146.56
1606517278.28	160000	1.437349	0.0	10142396	980	160.0
1606517279.12	160000	1.60569	0.0	10185488	763	160.0
1606517280.17	160000	1.548385	0.0	14061455	963	160.0
1606517281.82	160000	1.316922	0.408	20074099	1538	94.72
1606517285.77	160000	1.409881	3.048	46115254	3723	-327.68
1606517289.24	160000	1.235494	2.298	40906522	3258	-207.68
1606517289.85	160000	1.626208	0.0	7891151	558	160.0
1606517291.46	160000	1.324196	0.305	21012466	1502	111.2
1606517293.28	160000	1.379591	0.872	23519424	1702	20.47999999999999
1606517294.9	160000	1.259571	0.496	18715420	1516	80.64
1606517296.39	160000	1.257126	0.493	17000816	1404	81.12
1606517297.53	160000	1.499677	0.375	14448126	1051	100.0
1606517298.06	160000	1.969181	0.0	6958676	484	160.0
1606517298.84	160000	2.183519	0.0	9088791	719	160.0
1606517299.48	160000	2.549227	0.0	7211881	585	160.0
1606517299.74	160000	3.288832	0.0	3063586	234	160.0
1606517299.98	160000	4.052334	0.0	2782179	212	160.0
1606517300.85	160000	4.1797	0.0	9958410	810	160.0
1606517301.95	160000	4.083597	0.0	12158708	1025	160.0
1606517302.91	160000	4.119614	0.0	12300216	890	160.0
1606517304.08	160000	3.958928	0.0	15815684	1068	160.0
1606517305.57	160000	3.466252	0.0	13526256	1407	160.0
1606517306.66	160000	3.380905	0.0	11995130	1016	160.0
1606517307.63	160000	3.408259	0.0	13394791	894	160.0
1606517308.43	160000	3.60669	0.0	14135828	719	160.0
1606517309.14	160000	3.896684	0.0	15366126	624	160.0
1606517309.67	160000	4.366669	0.0	14248439	448	160.0
1606517310.14	160000	4.900941	0.0	13843717	379	160.0
1606517310.58	160000	5.464088	0.0	14665119	348	160.0
1606517311.13	160000	5.912294	0.0	21079187	432	160.0
1606517311.76	160000	6.286262	0.0	25480074	484	160.0
1606517312.32	160000	6.726716	0.0	23021754	413	160.0
1606517312.98	160000	7.070546	0.0	27527834	507	160.0
1606517313.66	160000	7.3909	0.0	26155848	520	160.0
1606517314.21	160000	7.84024	0.0	17849379	447	160.0
1606517315.49	160000	7.562189	0.0	16546531	1179	160.0
1606517316.05	160000	8.005077	0.0	17718949	452	160.0
1606517316.58	160000	8.472439	0.0	17337137	420	160.0
1606517317.12	160000	8.936616	0.0	20008245	420	160.0
1606517318.59	160000	8.466539	0.0	58430914	1148	160.0
1606517320.25	160000	7.808823	0.0	16292703	1556	160.0
1606517322.98	160000	6.075914	0.0	25587422	2592	160.0
1606517324.12	160000	5.936493	0.0	23982306	1006	160.0
1606517324.64	160000	6.417137	0.0	13347845	437	160.0
1606517325.19	160000	6.868743	0.0	14337991	466	160.0
1606517325.68	160000	7.37949	0.0	14584990	409	160.0
1606517326.1	160000	7.963137	0.0	13962401	334	160.0
1606517326.53	160000	8.531294	0.0	14393788	342	160.0
1606517326.95	160000	9.11708	0.0	14649457	332	160.0
1606517327.33	160000	9.739177	0.0	13409715	304	160.0
1606517327.71	160000	10.357292	0.0	13909605	304	160.0
1606517328.09	160000	10.980795	0.0	13301968	300	160.0
1606517328.62	160000	11.448433	0.0	19025846	418	160.0
1606517329.16	160000	11.906988	0.0	19295426	431	160.0
1606517329.67	160000	12.399417	0.0	18261873	402	160.0
1606517330.21	160000	12.858462	0.0	19847604	419	160.0
1606517330.73	160000	13.341927	0.0	18767181	403	160.0
1606517331.35	160000	13.725086	0.0	22420858	489	160.0
1606517331.83	160000	14.242663	0.0	19324333	357	160.0
1606517332.31	160000	14.764882	0.0	20392234	361	160.0
1606517332.5	160000	15.579744	0.0	7671072	135	160.0
1606517332.9	160000	16.180145	0.0	17781906	297	160.0
1606517333.19	160000	16.889104	0.0	12839336	214	160.0
1606517333.43	160000	17.645354	0.0	10779770	179	160.0
1606517333.76	160000	18.318795	0.0	14606687	246	160.0
1606517334.72	160000	18.356253	0.0	41866951	711	160.0
1606517335.5	160000	18.579041	0.0	37238410	560	160.0
1606517335.79	160000	19.288639	0.0	14347759	210	160.0
1606517336.03	160000	20.058096	0.0	11399187	166	160.0
1606517336.25	160000	20.834209	0.0	10358641	151	160.0
1606517336.54	160000	21.54467	0.0	14315696	209	160.0
1606517337.0	160000	22.085048	0.0	23283631	331	160.0
1606517337.76	160000	22.331893	0.0	37521367	534	160.0
1606517338.21	160000	22.889713	0.0	22241104	317	160.0
1606517338.53	160000	23.557676	0.0	15813346	224	160.0
1606517338.83	160000	24.258016	0.0	17116450	199	160.0
1606517339.16	160000	24.928283	0.0	18867054	219	160.0
1606517339.48	160000	25.616534	0.0	17393609	201	160.0
1606517339.91	160000	26.179313	0.0	24759401	300	160.0
1606517340.38	160000	26.715562	0.0	25782433	319	160.0
1606517340.89	160000	27.201317	0.0	25885372	354	160.0
1606517341.43	160000	27.661934	0.0	26242011	390	160.0
1606517341.89	160000	28.205372	0.0	23865378	305	160.0
1606517342.35	160000	28.74511	0.0	25470681	308	160.0
1606517342.85	160000	29.251104	0.0	27258768	319	160.0
1606517343.15	160000	29.945285	0.0	17853711	200	160.0
1606517343.4	160000	30.698456	0.0	14829893	165	160.0
1606517343.85	160000	31.253944	0.0	27779697	287	160.0
1606517344.27	160000	31.83074	0.0	27714923	269	160.0
1606517344.67	160000	32.433112	0.0	25946474	251	160.0
1606517345.04	160000	33.062613	0.0	19596259	257	160.0
1606517345.49	160000	33.614524	0.0	23774167	311	160.0
1606517345.9	160000	34.212936	0.0	19373656	279	160.0
1606517346.37	160000	34.742922	0.0	23977420	336	160.0
1606517346.82	160000	35.285547	0.0	24493733	313	160.0
1606517347.07	160000	36.040923	0.0	14528511	165	160.0
1606517347.36	160000	36.752812	0.0	16841176	192	160.0
1606517347.65	160000	37.465181	0.0	16743604	192	160.0
1606517347.95	160000	38.168089	0.0	17975224	194	160.0
1606517348.32	160000	38.798886	0.0	22329548	242	160.0
1606517348.58	160000	39.531588	0.0	16001583	173	160.0
1606517348.89	160000	40.2248	0.0	18238584	206	160.0
1606517349.26	160000	40.860865	0.0	21308824	240	160.0
1606517349.56	160000	41.559389	0.0	17749058	200	160.0
1606517349.8	160000	42.316795	0.0	14127787	155	160.0
1606517350.1	160000	43.023099	0.0	17525699	193	160.0
1606517350.34	160000	43.780419	0.0	14240042	156	160.0
1606517350.68	160000	44.441997	0.0	20324139	222	160.0
1606517351.06	160000	45.060444	0.0	21993033	261	160.0
1606517351.4	160000	45.726751	0.0	18863108	224	160.0
1606517351.7	160000	46.429533	0.0	15964734	203	160.0
1606517351.86	160000	47.275883	0.0	8284939	102	160.0
1606517352.03	160000	48.102109	0.0	9004706	108	160.0
1606517352.16	160000	48.970587	0.0	6955279	86	160.0
1606517352.35	160000	49.775262	0.0	10701639	132	160.0
1606517352.53	160000	50.601396	0.0	9459459	117	160.0
1606517352.6	160000	51.533902	0.0	3212828	40	160.0
1606517352.67	160000	52.463846	0.0	2509989	48	160.0
1606517352.73	160000	53.398386	0.0	2004927	38	160.0
1606517352.77	160000	54.3749	0.0	591360	10	160.0
1606517352.84	160000	55.731837	0.0	2394426	45	160.0
1606517353.16	40000	1.000999	0.059	337339	2	-9.439999999999998
1606517353.62	40000	1.956049	0.0	14648397	281	40.0
1606517354.56	60000	2.0139	0.0	20421673	773	40.0
1606517354.9	60000	2.673718	0.0	13063186	263	60.0
1606517355.13	60000	3.477193	0.0	8954217	168	60.0
1606517355.42	80000	4.225648	0.0	11497228	215	60.0
1606517355.57	80000	5.069324	0.0	6232523	117	80.0
1606517355.74	80000	5.95464	0.0	5425476	124	80.0
1606517356.63	80000	6.083873	0.0	29583867	651	80.0
1606517364.96	110000	1.311752	2.514	28884539	8169	-322.24
1606517366.84	110000	1.334603	0.908	26873304	1750	-35.28
1606517367.59	110000	1.593007	0.0	33588177	545	110.0
1606517368.11	110000	2.065968	0.0	25684661	368	110.0
1606517368.33	110000	2.849074	0.0	10838546	150	110.0
1606517368.78	160000	3.399727	0.0	22224402	309	110.0
1606517369.29	160000	3.887977	0.0	22578365	375	160.0
1606517369.48	160000	4.696862	0.0	8346702	139	160.0
1606517369.85	160000	5.334146	0.0	15775481	267	160.0
1606517370.07	160000	6.113124	0.0	9163235	166	160.0
1606517371.09	160000	6.094046	0.0	41307095	731	160.0
1606517371.72	160000	6.470345	0.0	28763893	444	160.0
1606517372.26	160000	6.92995	0.0	21266416	400	160.0
1606517372.84	160000	7.352663	0.0	23702229	445	160.0
1606517378.48	160000	2.706349	0.0	27580394	5479	160.0
1606517380.38	160000	1.807858	0.0	20329780	1762	160.0
1606517381.36	160000	1.831947	0.0	16109183	879	160.0
1606517384.52	160000	1.247975	1.571	58830800	2724	-91.36000000000001
1606517387.9	160000	1.334536	2.455	66935122	3038	-232.8
1606517388.49	160000	1.729941	0.0	15251076	496	160.0
1606517389.11	160000	2.114441	0.0	16574034	508	160.0
1606517389.56	160000	2.670165	0.0	13009028	367	160.0
1606517390.02	160000	3.209927	0.0	12791674	367	160.0
1606517390.42	160000	3.808327	0.0	11137898	333	160.0
1606517390.83	160000	4.395865	0.0	11485310	343	160.0
1606517391.24	160000	4.990577	0.0	12428518	324	160.0
1606517391.56	160000	5.667069	0.0	9963766	259	160.0
1606517391.96	160000	6.269357	0.0	12189364	323	160.0
1606517392.32	160000	6.909635	0.0	10142396	300	160.0
1606517392.69	160000	7.545767	0.0	10185488	301	160.0
1606517393.21	160000	8.025024	0.0	14061455	440	160.0
1606517393.98	160000	8.25693	0.0	20074099	642	160.0
1606517395.44	160000	7.793258	0.0	46115254	1205	160.0
1606517396.69	160000	7.544412	0.0	40906522	1011	160.0
1606517396.94	160000	8.297381	0.0	7891151	196	160.0
1606517397.52	160000	8.716361	0.0	21012466	459	160.0
1606517398.19	160000	9.05337	0.0	23519424	525	160.0
1606517398.73	160000	9.508579	0.0	18715420	436	160.0
1606517399.2	160000	10.045203	0.0	17000816	355	160.0
1606517399.57	160000	10.67465	0.0	14448126	282	160.0
1606517399.75	160000	11.489716	0.0	6958676	137	160.0
1606517399.98	160000	12.259616	0.0	9088791	174	160.0
1606517400.16	160000	13.081837	0.0	7211881	133	160.0
1606517400.24	160000	14.001659	0.0	3063586	57	160.0
1606517400.32	160000	14.927843	0.0	2782179	51	160.0
1606517400.56	160000	15.685692	0.0	9958410	184	160.0
1606517400.86	160000	16.392059	0.0	12158708	225	160.0
1606517401.17	160000	17.078917	0.0	12300216	241	160.0
1606517401.57	160000	17.685764	0.0	15815684	301	160.0
1606517401.9	160000	18.352648	0.0	13526256	257	160.0
1606517402.2	160000	19.056262	0.0	11995130	225	160.0
