1606507899.84	40000	1.000999	0.033	334476	21	-5.280000000000001
1606507901.11	160000	1.341458	0.252	14912671	1040	-0.3199999999999932
1606507903.13	160000	1.455991	1.097	24265636	1771	-15.52000000000001
1606507904.97	160000	1.433876	0.774	22711544	1657	36.16
1606507906.49	160000	1.314836	0.367	19639705	1333	101.28
1606507908.28	160000	1.312051	0.774	20946809	1616	36.16
1606507909.28	160000	1.33519	0.025	11895609	868	156.0
1606507909.8	160000	1.817103	0.0	7597636	402	160.0
1606507910.27	60000	2.348404	0.0	17832465	282	-40.0
1606507910.56	60000	3.06662	0.0	9877442	156	60.0
1606507910.99	80000	3.637657	0.0	15275967	270	60.0
1606507911.57	80000	4.056927	0.0	20600381	389	80.0
1606507912.26	110000	4.364181	0.0	25684661	460	80.0
1606507912.79	160000	4.8333	0.0	19559369	347	110.0
1606507916.77	160000	1.85838	0.0	22224402	3776	160.0
1606507918.62	160000	1.369961	0.359	22578365	1668	102.56
1606507919.4	160000	1.591002	0.0	8346702	649	160.0
1606507920.1	80000	1.888912	0.0	6731501	587	0.0
1606507920.27	20000	2.722294	0.0	820127	79	-40.0
1606507920.9	20000	3.089989	0.0	6357933	516	20.0
1606507921.21	20000	3.791937	0.0	4814284	196	20.0
1606507921.45	20000	4.548371	0.0	3419258	139	20.0
1606507921.7	20000	5.291782	0.0	3944328	160	20.0
1606507921.94	20000	6.055355	0.0	4284196	138	20.0
1606507922.32	60000	6.681546	0.0	8135330	255	20.0
1606507922.62	60000	7.375944	0.0	6391364	200	60.0
1606507923.51	60000	7.491	0.0	27018238	673	60.0
1606507925.61	160000	6.393016	0.0	66935122	1439	60.0
1606507926.05	160000	6.950566	0.0	15251076	289	160.0
1606507926.51	160000	7.488004	0.0	16574034	304	160.0
1606507926.89	160000	8.10784	0.0	13009028	243	160.0
1606507927.89	160000	8.113636	0.0	12791674	855	160.0
1606507932.57	160000	4.431292	0.0	11137898	4545	160.0
1606507933.94	160000	4.06161	0.0	11485310	1235	160.0
1606507934.15	20000	4.857191	0.0	1677618	111	-120.0
1606507934.33	20000	5.67733	0.0	1415096	94	20.0
1606507934.55	20000	6.46325	0.0	1894067	127	20.0
1606507934.71	20000	7.301553	0.0	1186604	79	20.0
1606507934.86	20000	8.146619	0.0	1068386	72	20.0
1606507935.08	20000	8.928069	0.0	1700843	123	20.0
1606507935.36	20000	9.653677	0.0	2536859	185	20.0
1606507935.82	20000	10.197617	0.0	4742872	343	20.0
1606507936.07	20000	10.947992	0.0	4955535	145	20.0
1606507936.19	20000	11.827536	0.0	1260540	36	20.0
1606507936.39	20000	12.625607	0.0	3605246	106	20.0
1606507936.56	20000	13.453702	0.0	2770338	81	20.0
1606507936.71	20000	14.313332	0.0	1855168	54	20.0
1606507936.84	20000	15.179274	0.0	1666915	48	20.0
1606507936.94	20000	16.07535	0.0	1555467	18	20.0
1606507937.04	20000	16.98142	0.0	1008919	12	20.0
1606507937.14	20000	17.883388	0.0	1227619	14	20.0
1606507937.24	20000	18.787858	0.0	1015853	12	20.0
1606507937.32	20000	19.70448	0.0	384076	4	20.0
1606507937.4	20000	20.623005	0.0	295687	4	20.0
1606507937.5	20000	21.524564	0.0	1328674	16	20.0
1606507937.61	20000	22.422673	0.0	1492829	18	20.0
1606507937.71	20000	23.314338	0.0	1484812	16	20.0
1606507937.82	20000	24.205996	0.0	1868314	23	20.0
1606507937.93	20000	25.10504	0.0	1253406	17	20.0
1606507938.23	160000	25.798279	0.0	11995130	171	20.0
1606507938.57	160000	26.465698	0.0	13394791	192	160.0
1606507938.91	160000	27.120403	0.0	14135828	202	160.0
1606507939.24	160000	27.795767	0.0	15366126	178	160.0
1606507939.55	160000	28.484883	0.0	14248439	157	160.0
1606507939.86	160000	29.176401	0.0	13843717	160	160.0
1606507940.18	160000	29.860099	0.0	14665119	171	160.0
1606507940.61	160000	30.433081	0.0	21079187	245	160.0
1606507941.12	160000	30.923937	0.0	25480074	286	160.0
1606507941.54	160000	31.500433	0.0	23021754	230	160.0
1606507942.05	160000	31.994133	0.0	27527834	276	160.0
1606507942.53	160000	32.515096	0.0	26155848	265	160.0
1606507942.89	160000	33.15128	0.0	17849379	182	160.0
1606507943.28	160000	33.763165	0.0	16546531	227	160.0
1606507943.69	160000	34.356779	0.0	17718949	244	160.0
1606507944.07	160000	34.981459	0.0	17337137	211	160.0
1606507944.43	160000	35.622282	0.0	20008245	184	160.0
1606507945.35	160000	35.700304	0.0	58430914	538	160.0
1606507945.66	160000	36.384853	0.0	16292703	154	160.0
1606507946.11	160000	36.939301	0.0	25587422	240	160.0
1606507946.53	160000	37.521122	0.0	23982306	221	160.0
1606507946.8	160000	38.256464	0.0	13347845	124	160.0
1606507947.07	160000	38.981481	0.0	14337991	129	160.0
1606507947.34	160000	39.709732	0.0	14584990	128	160.0
1606507947.61	160000	40.441197	0.0	13962401	116	160.0
1606507947.88	160000	41.172876	0.0	14393788	127	160.0
1606507948.16	160000	41.908184	0.0	14649457	123	160.0
1606507948.41	160000	42.651396	0.0	13409715	110	160.0
1606507948.66	160000	43.399198	0.0	13909605	112	160.0
1606507948.91	160000	44.152689	0.0	13301968	107	160.0
1606507949.26	160000	44.798326	0.0	19025846	172	160.0
1606507949.61	160000	45.449877	0.0	19295426	175	160.0
1606507949.95	160000	46.115483	0.0	18261873	165	160.0
1606507950.3	160000	46.760183	0.0	19847604	174	160.0
1606507950.65	160000	47.419713	0.0	18767181	166	160.0
1606507951.03	160000	48.031647	0.0	22420858	193	160.0
1606507951.37	160000	48.711009	0.0	19324333	142	160.0
1606507951.69	160000	49.37439	0.0	20392234	148	160.0
1606507951.86	160000	50.207404	0.0	7671072	56	160.0
1606507952.33	160000	50.749733	0.0	17781906	294	160.0
1606507952.74	160000	51.333848	0.0	12839336	267	160.0
1606507953.06	160000	52.010923	0.0	10779770	196	160.0
1606507953.33	160000	52.739111	0.0	14606687	131	160.0
1606507954.02	160000	53.058776	0.0	41866951	374	160.0
1606507954.62	160000	53.452529	0.0	37238410	327	160.0
1606507954.9	160000	54.176225	0.0	14347759	132	160.0
1606507955.36	160000	54.719937	0.0	11399187	326	160.0
1606507955.84	160000	55.233742	0.0	10358641	357	160.0
1606507956.28	160000	55.803038	0.0	14315696	287	160.0
1606507956.88	160000	56.205603	0.0	23283631	395	160.0
1606507959.92	160000	54.161479	0.0	37521367	2752	160.0
1606507961.94	160000	53.144473	0.0	22241104	1825	160.0
1606507963.47	160000	52.616504	0.0	15813346	1366	160.0
1606507965.03	160000	52.059903	0.0	17116450	1390	160.0
1606507966.62	160000	51.463045	0.0	18867054	1418	160.0
1606507968.14	160000	50.947263	0.0	17393609	1352	160.0
1606507970.23	160000	49.852793	0.0	24759401	1887	160.0
1606507972.7	160000	48.387448	0.0	25782433	2254	160.0
1606507975.1	160000	46.989977	0.0	25885372	2171	160.0
1606507977.43	160000	45.665984	0.0	26242011	2111	160.0
1606507979.38	160000	44.713947	0.0	23865378	1737	160.0
1606507981.55	160000	43.539099	0.0	25470681	1968	160.0
1606507983.77	160000	42.325512	0.0	27258768	1980	160.0
1606507985.2	160000	41.897373	0.0	17853711	1259	160.0
1606507986.72	160000	41.371186	0.0	14829893	1378	160.0
1606507988.98	160000	40.11277	0.0	27779697	2035	160.0
1606507991.12	160000	38.979061	0.0	27714923	1918	160.0
1606507993.22	160000	37.880386	0.0	25946474	1879	160.0
1606507994.8	160000	37.301393	0.0	19596259	1400	160.0
1606507996.99	160000	36.115707	0.0	23774167	1984	160.0
1606507998.64	160000	35.46033	0.0	19373656	1474	160.0
1606508000.72	160000	34.379848	0.0	23977420	1886	160.0
1606508002.1	160000	34.002895	0.0	24493733	1172	160.0
1606508002.8	160000	34.308049	0.0	14528511	546	160.0
1606508003.6	160000	34.504672	0.0	16841176	643	160.0
1606508004.49	160000	34.62171	0.0	16743604	715	160.0
1606508006.22	160000	33.887898	0.0	17975224	1554	160.0
1606508007.99	160000	33.115583	0.0	22329548	1578	160.0
1606508009.35	160000	32.758007	0.0	16001583	1185	160.0
1606508010.89	160000	32.218491	0.0	18238584	1366	160.0
1606508012.81	160000	31.306693	0.0	21308824	1717	160.0
1606508014.4	160000	30.70849	0.0	17749058	1433	160.0
1606508014.73	160000	31.384512	0.0	14127787	180	160.0
1606508015.12	160000	31.998043	0.0	17525699	224	160.0
1606508015.45	160000	32.668751	0.0	14240042	179	160.0
1606508015.87	160000	33.243989	0.0	20324139	242	160.0
1606508016.33	160000	33.79191	0.0	21993033	263	160.0
1606508016.73	160000	34.386128	0.0	18863108	225	160.0
1606508017.08	160000	35.035009	0.0	15964734	190	160.0
1606508017.3	160000	35.821267	0.0	8284939	98	160.0
1606508017.52	160000	36.59912	0.0	9004706	99	160.0
1606508017.72	160000	37.403907	0.0	6955279	75	160.0
1606508017.97	160000	38.155897	0.0	10701639	119	160.0
1606508018.2	160000	38.927567	0.0	9459459	104	160.0
1606508018.33	160000	39.799733	0.0	3212828	36	160.0
1606508018.5	160000	40.629028	0.0	2509989	79	160.0
1606508018.63	160000	41.500152	0.0	2004927	62	160.0
1606508018.7	160000	42.432724	0.0	591360	17	160.0
1606508018.82	160000	43.743612	0.0	2394426	75	160.0
1606508019.16	40000	1.000999	0.032	336477	12	-5.119999999999997
1606508020.03	20000	1.443015	0.0	11007815	688	0.0
1606508021.9	160000	1.299636	0.705	24265636	1595	-92.8
1606508023.14	160000	1.385824	0.311	22711544	1056	110.24000000000001
1606508025.29	160000	1.309151	1.042	19639705	1973	-6.719999999999999
1606508026.18	160000	1.489294	0.05	20946809	702	152.0
1606508026.84	160000	1.834067	0.0	11895609	510	160.0
1606508027.34	160000	2.33206	0.0	7597636	387	160.0
1606508030.83	80000	1.358194	1.514	29583867	3230	-242.24
1606508031.24	40000	1.944108	0.0	5971357	298	0.0
1606508032.85	80000	1.372604	0.033	15275967	1447	34.72
1606508033.7	60000	1.521821	0.0	15230785	692	40.0
1606508034.21	80000	2.009203	0.0	17710542	335	60.0
1606508034.47	80000	2.755918	0.0	7412644	140	80.0
1606508034.72	80000	3.505076	0.0	9055732	129	80.0
1606508035.06	110000	4.169582	0.0	13101938	187	80.0
1606508035.23	110000	4.993361	0.0	5268213	75	110.0
1606508035.51	110000	5.719452	0.0	9838179	140	110.0
1606508036.39	110000	5.83956	0.0	6126794	773	110.0
1606508037.95	110000	5.283952	0.0	26576979	1334	110.0
1606508038.52	110000	5.707914	0.0	19285617	396	110.0
1606508038.98	110000	6.254006	0.0	14817542	306	110.0
1606508039.66	160000	6.570425	0.0	23702229	482	110.0
1606508040.37	160000	6.868195	0.0	27580394	480	160.0
1606508040.92	160000	7.317443	0.0	20329780	362	160.0
1606508041.38	160000	7.856963	0.0	16109183	289	160.0
1606508044.32	160000	5.917811	0.0	58830800	2347	160.0
1606508049.94	160000	1.313281	0.037	66935122	5168	154.08
1606508050.44	160000	1.816868	0.0	15251076	338	160.0
