1606532034.35	40000	1.000999	0.037	334476	25	-5.920000000000002
1606532035.78	160000	1.346883	0.389	14912671	1217	-22.24000000000001
1606532037.86	160000	1.336202	1.036	24265636	1820	-5.759999999999991
1606532039.98	160000	1.428022	1.192	22711544	1929	-30.72
1606532041.5	160000	1.306159	0.374	19639705	1344	100.16
1606532043.26	160000	1.300389	0.732	20946809	1583	42.879999999999995
1606532044.25	160000	1.307847	0.0	11895609	849	160.0
1606532045.03	160000	1.530343	0.0	7597636	661	160.0
1606532047.84	60000	1.285985	1.564	17832465	2637	-290.24
1606532049.07	60000	1.351655	0.295	9877442	1110	12.799999999999997
1606532052.21	60000	1.398036	2.183	10988410	3012	-289.28
1606532053.06	40000	1.550457	0.0	10578989	707	20.0
1606532054.03	40000	1.579034	0.0	9449433	840	40.0
1606532054.58	60000	2.029846	0.0	5612759	439	40.0
1606532055.2	60000	2.408999	0.0	6789212	510	60.0
1606532056.35	60000	2.255977	0.0	7016601	1040	60.0
1606532056.68	60000	2.931031	0.0	1942216	237	60.0
1606532056.9	20000	3.709524	0.0	1113969	134	-20.0
1606532057.08	20000	4.529238	0.0	820127	98	20.0
1606532057.86	20000	4.749651	0.0	6357933	673	20.0
1606532058.45	20000	5.166325	0.0	4814284	484	20.0
1606532058.87	20000	5.745601	0.0	3419258	327	20.0
1606532059.34	20000	6.280332	0.0	3944328	369	20.0
1606532061.1	110000	5.514467	0.0	19316039	1580	20.0
1606532062.18	110000	5.442016	0.0	13919609	925	110.0
1606532062.61	60000	6.005285	0.0	6391364	323	10.0
1606532063.26	20000	6.365254	0.0	9946363	503	-20.0
1606532063.92	20000	6.702876	0.0	11684632	527	20.0
1606532064.83	160000	6.791184	0.0	15251076	756	20.0
1606532069.81	160000	2.816663	0.0	16574034	4797	160.0
1606532071.36	160000	2.259784	0.0	13009028	1407	160.0
1606532072.54	160000	2.080822	0.0	12791674	1038	160.0
1606532072.79	20000	2.835249	0.0	1529441	158	-120.0
1606532073.05	20000	3.581015	0.0	1568649	168	20.0
1606532073.31	20000	4.323238	0.0	1677618	173	20.0
1606532073.5	20000	5.13193	0.0	1415096	106	20.0
1606532073.73	20000	5.902639	0.0	1894067	144	20.0
1606532073.9	20000	6.729638	0.0	1186604	90	20.0
1606532074.07	20000	7.566428	0.0	1068386	80	20.0
1606532074.28	20000	8.352507	0.0	1700843	129	20.0
1606532074.57	20000	9.064771	0.0	2536859	199	20.0
1606532075.05	20000	9.589913	0.0	4742872	373	20.0
1606532075.52	20000	10.116551	0.0	4955535	370	20.0
1606532075.69	20000	10.944863	0.0	1260540	87	20.0
1606532076.25	40000	11.393503	0.0	6334422	440	20.0
1606532076.74	40000	11.900518	0.0	5516229	385	40.0
1606532077.11	40000	12.528656	0.0	3897146	272	40.0
1606532077.68	60000	12.964041	0.0	5629782	456	40.0
1606532079.03	160000	12.617168	0.0	14448126	1190	60.0
1606532079.68	160000	12.962881	0.0	6958676	542	160.0
1606532080.53	160000	13.111877	0.0	9088791	726	160.0
1606532081.23	160000	13.412535	0.0	7211881	590	160.0
1606532081.54	160000	14.104882	0.0	3063586	218	160.0
1606532081.82	160000	14.827488	0.0	2782179	188	160.0
1606532082.63	160000	15.016894	0.0	9958410	684	160.0
1606532083.67	160000	14.984385	0.0	12158708	898	160.0
1606532084.79	160000	14.856281	0.0	12300216	985	160.0
1606532085.68	160000	14.967707	0.0	15815684	728	160.0
1606532086.15	160000	15.506629	0.0	13526256	318	160.0
1606532086.57	160000	16.085353	0.0	11995130	287	160.0
1606532087.05	160000	16.601064	0.0	13394791	331	160.0
1606532087.54	160000	17.114611	0.0	14135828	341	160.0
1606532088.01	160000	17.644088	0.0	15366126	318	160.0
1606532088.47	160000	18.189645	0.0	14248439	300	160.0
1606532088.93	160000	18.728272	0.0	13843717	313	160.0
1606532089.41	160000	19.248972	0.0	14665119	331	160.0
1606532090.04	160000	19.620175	0.0	21079187	437	160.0
1606532090.8	160000	19.866842	0.0	25480074	538	160.0
1606532091.52	160000	20.138197	0.0	23021754	529	160.0
1606532092.26	160000	20.404176	0.0	27527834	514	160.0
1606532092.95	160000	20.713903	0.0	26155848	473	160.0
1606532093.45	160000	21.213537	0.0	17849379	322	160.0
1606532094.1	160000	21.563611	0.0	16546531	478	160.0
1606532094.82	160000	21.85093	0.0	17718949	531	160.0
1606532095.52	160000	22.145374	0.0	17337137	536	160.0
1606532097.04	160000	21.634048	0.0	20008245	1326	160.0
1606532101.32	160000	18.347773	0.0	58430914	3647	160.0
1606532102.68	160000	17.996024	0.0	16292703	1178	160.0
1606532104.74	160000	16.933944	0.0	25587422	1853	160.0
1606532105.72	160000	16.951634	0.0	23982306	780	160.0
1606532106.15	160000	17.527689	0.0	13347845	277	160.0
1606532106.59	160000	18.082561	0.0	14337991	298	160.0
1606532107.02	160000	18.656813	0.0	14584990	275	160.0
1606532107.43	160000	19.252201	0.0	13962401	261	160.0
1606532107.84	160000	19.841198	0.0	14393788	265	160.0
1606532108.27	160000	20.407162	0.0	14649457	286	160.0
1606532108.67	160000	21.010194	0.0	13409715	257	160.0
1606532109.06	160000	21.622806	0.0	13909605	240	160.0
1606532109.43	160000	22.25075	0.0	13301968	230	160.0
1606532109.97	160000	22.715194	0.0	19025846	352	160.0
1606532110.51	160000	23.173461	0.0	19295426	360	160.0
1606532111.04	160000	23.647574	0.0	18261873	345	160.0
1606532111.6	160000	24.084695	0.0	19847604	375	160.0
1606532112.11	160000	24.575317	0.0	18767181	333	160.0
1606532112.75	160000	24.93813	0.0	22420858	445	160.0
1606532114.44	160000	24.24586	0.0	19324333	1508	160.0
1606532116.12	160000	23.570994	0.0	20392234	1493	160.0
1606532116.84	160000	23.851445	0.0	7671072	604	160.0
1606532118.28	160000	23.410557	0.0	17781906	1272	160.0
1606532119.32	160000	23.374719	0.0	12839336	895	160.0
1606532120.23	160000	23.46664	0.0	10779770	778	160.0
1606532121.68	160000	23.01835	0.0	14606687	1299	160.0
1606532125.07	160000	20.622815	0.0	41866951	3072	160.0
1606532128.05	160000	18.646033	0.0	37238410	2685	160.0
1606532129.3	160000	18.402427	0.0	14347759	1094	160.0
1606532129.85	160000	18.847008	0.0	11399187	424	160.0
1606532130.15	160000	19.551961	0.0	10358641	162	160.0
1606532130.52	160000	20.179142	0.0	14315696	225	160.0
1606532131.04	160000	20.659129	0.0	23283631	300	160.0
1606532131.79	160000	20.912877	0.0	37521367	462	160.0
1606532132.21	160000	21.499577	0.0	22241104	217	160.0
1606532132.52	160000	22.180946	0.0	15813346	152	160.0
1606532132.87	160000	22.836546	0.0	17116450	178	160.0
1606532133.26	160000	23.446714	0.0	18867054	211	160.0
1606532133.63	160000	24.081913	0.0	17393609	196	160.0
1606532134.1	160000	24.609381	0.0	24759401	265	160.0
1606532134.59	160000	25.124511	0.0	25782433	276	160.0
1606532135.07	160000	25.641267	0.0	25885372	250	160.0
1606532135.54	160000	26.174454	0.0	26242011	249	160.0
1606532136.91	160000	25.806833	0.0	23865378	1149	160.0
1606532138.08	160000	25.637771	0.0	25470681	959	160.0
1606532138.67	160000	26.043606	0.0	27258768	361	160.0
1606532139.04	160000	26.67197	0.0	17853711	193	160.0
1606532139.35	160000	27.363025	0.0	14829893	160	160.0
1606532139.88	160000	27.841846	0.0	27779697	299	160.0
1606532140.42	160000	28.303547	0.0	27714923	320	160.0
1606532140.94	160000	28.777598	0.0	25946474	303	160.0
1606532141.34	160000	29.385303	0.0	19596259	210	160.0
1606532141.79	160000	29.931692	0.0	23774167	258	160.0
1606532142.43	160000	30.288929	0.0	19373656	466	160.0
1606532143.06	160000	30.659961	0.0	23977420	419	160.0
1606532143.57	160000	31.154608	0.0	24493733	304	160.0
1606532143.93	160000	31.801188	0.0	14528511	208	160.0
1606532144.4	160000	32.327092	0.0	16841176	301	160.0
1606532144.87	160000	32.862172	0.0	16743604	298	160.0
1606532145.32	160000	33.413243	0.0	17975224	276	160.0
1606532145.85	160000	33.876405	0.0	22329548	343	160.0
1606532146.33	160000	34.402255	0.0	16001583	312	160.0
1606532146.86	160000	34.875017	0.0	18238584	356	160.0
1606532148.68	160000	34.050435	0.0	21308824	1633	160.0
1606532150.16	160000	33.576747	0.0	17749058	1308	160.0
1606532151.58	160000	33.152427	0.0	14127787	1278	160.0
1606532153.03	160000	32.70315	0.0	17525699	1286	160.0
1606532154.45	160000	32.284116	0.0	14240042	1274	160.0
1606532155.38	160000	32.362117	0.0	20324139	742	160.0
1606532156.03	160000	32.706325	0.0	21993033	467	160.0
1606532156.46	160000	33.278995	0.0	18863108	247	160.0
1606532156.83	160000	33.908469	0.0	15964734	209	160.0
1606532157.29	160000	34.45232	0.0	8284939	338	160.0
1606532157.78	160000	34.962222	0.0	9004706	367	160.0
1606532159.51	160000	34.236455	0.0	6955279	1612	160.0
1606532162.88	160000	31.862688	0.0	10701639	3236	160.0
1606532163.7	160000	32.048116	0.0	9459459	687	160.0
1606532163.98	160000	32.770324	0.0	3212828	180	160.0
1606532164.17	160000	33.580978	0.0	2509989	104	160.0
1606532164.32	160000	34.431797	0.0	2004927	83	160.0
1606532164.39	160000	35.358139	0.0	591360	23	160.0
1606532164.54	160000	36.646531	0.0	2394426	99	160.0
1606532164.84	40000	1.000999	0.045	336477	13	-7.200000000000003
1606532165.66	20000	1.524561	0.0	11007815	627	0.0
1606532166.75	20000	1.450383	0.0	8849724	973	20.0
1606532167.28	20000	1.949382	0.0	3191121	417	20.0
1606532167.58	20000	2.649154	0.0	1661718	212	20.0
1606532167.83	20000	3.396759	0.0	1315024	170	20.0
1606532168.1	20000	4.136097	0.0	698359	180	20.0
1606532168.38	20000	4.857853	0.0	730082	198	20.0
1606532174.72	80000	1.324784	1.812	29583867	5985	-269.92
1606532177.16	20000	1.28043	1.404	2863079	2353	-264.64
1606532177.59	20000	1.853051	0.0	4167844	324	20.0
1606532178.12	20000	2.331153	0.0	5571764	417	20.0
1606532178.55	20000	2.895526	0.0	4925652	334	20.0
1606532178.78	20000	3.671303	0.0	2030157	137	20.0
1606532179.01	20000	4.435565	0.0	2240782	150	20.0
1606532179.25	20000	5.204984	0.0	2211169	144	20.0
1606532179.35	20000	6.102516	0.0	382046	24	20.0
1606532179.5	20000	6.948605	0.0	1113969	72	20.0
1606532179.64	20000	7.815394	0.0	820127	53	20.0
1606532180.09	20000	8.366007	0.0	6357933	344	20.0
1606532180.35	20000	9.112661	0.0	4814284	152	20.0
1606532180.55	20000	9.903279	0.0	3419258	108	20.0
1606532180.77	20000	10.683212	0.0	3944328	125	20.0
1606532181.01	20000	11.450961	0.0	4284196	135	20.0
1606532181.18	20000	12.274569	0.0	3022025	85	20.0
1606532181.34	20000	13.122668	0.0	2248581	63	20.0
1606532181.75	20000	13.71402	0.0	9946363	282	20.0
1606532182.22	20000	14.24557	0.0	11684632	325	20.0
1606532182.35	20000	15.111245	0.0	1849732	47	20.0
