1606447542.61	40000	1.000999	0.033	334476	22	-5.280000000000001
1606447544.06	160000	1.190431	0.255	14912671	1204	-0.7999999999999972
1606447544.98	20000	1.349719	0.057	8849724	786	-129.12
1606447545.35	20000	1.989435	0.0	3191121	262	20.0
1606447546.24	60000	2.117999	0.0	8954217	754	20.0
1606447547.61	110000	1.743976	0.0	17432386	1192	60.0
1606447548.38	110000	1.980868	0.0	9099663	633	110.0
1606447549.16	110000	2.204135	0.0	7044111	660	110.0
1606447550.67	60000	1.689572	0.0	17832465	1332	10.0
1606447551.5	60000	1.858815	0.0	9877442	699	60.0
1606447552.54	60000	1.821831	0.0	10988410	899	60.0
1606447553.91	60000	1.489172	0.039	15230785	1210	53.76
1606447555.01	60000	1.393842	0.0	13601559	945	60.0
1606447555.66	80000	1.745408	0.0	7412644	522	60.0
1606447556.41	80000	2.006318	0.0	9055732	615	80.0
1606447557.57	110000	1.834803	0.0	13101938	1010	80.0
1606447558.45	160000	1.960441	0.0	8346702	749	110.0
1606447559.27	110000	2.133283	0.0	9838179	696	60.0
1606447559.84	110000	2.576614	0.0	6126794	444	110.0
1606447561.99	110000	1.419268	0.0	26576979	1867	110.0
1606447564.44	110000	1.317835	1.347	19285617	2281	-105.52000000000001
1606447570.44	80000	1.41505	5.1	11453319	5863	-766.0
1606447571.27	40000	1.589965	0.0	7313446	697	0.0
1606447571.77	20000	2.099524	0.0	4284196	384	0.0
1606447572.1	20000	2.756945	0.0	3022025	239	20.0
1606447572.37	20000	3.487031	0.0	2248581	178	20.0
1606447573.24	20000	3.626074	0.0	9946363	734	20.0
1606447574.14	20000	3.724849	0.0	11684632	764	20.0
1606447574.35	20000	4.52077	0.0	1849732	113	20.0
1606447574.56	20000	5.305197	0.0	1942795	118	20.0
1606447574.74	20000	6.123785	0.0	1704756	92	20.0
1606447574.92	20000	6.943526	0.0	1697111	91	20.0
1606447575.09	20000	7.773573	0.0	1529441	82	20.0
1606447575.27	20000	8.601543	0.0	1568649	85	20.0
1606447575.45	20000	9.42219	0.0	1677618	90	20.0
1606447575.61	20000	10.258904	0.0	1415096	76	20.0
1606447575.82	20000	11.053095	0.0	1894067	115	20.0
1606447575.98	20000	11.894302	0.0	1186604	72	20.0
1606447576.13	20000	12.743092	0.0	1068386	65	20.0
1606447576.33	20000	13.550127	0.0	1700843	103	20.0
1606447576.57	20000	14.302274	0.0	2536859	155	20.0
1606447576.94	20000	14.932893	0.0	4742872	264	20.0
1606447580.96	160000	11.916417	0.0	40906522	3622	20.0
1606447581.75	160000	12.127741	0.0	7891151	664	160.0
1606447583.43	160000	11.453976	0.0	21012466	1490	160.0
1606447584.87	160000	11.010741	0.0	23519424	1235	160.0
1606447585.47	80000	11.414222	0.0	8720528	463	0.0
1606447586.03	80000	11.851039	0.0	7852064	444	80.0
1606447587.09	160000	11.794183	0.0	14448126	902	80.0
1606447587.7	160000	12.183628	0.0	6958676	491	160.0
1606447588.34	160000	12.548644	0.0	9088791	512	160.0
1606447588.83	160000	13.05688	0.0	7211881	377	160.0
1606447589.06	160000	13.826467	0.0	3063586	139	160.0
1606447589.28	160000	14.610779	0.0	2782179	125	160.0
1606447589.84	160000	15.047988	0.0	9958410	429	160.0
1606447590.44	160000	15.44873	0.0	12158708	465	160.0
1606447591.04	160000	15.85149	0.0	12300216	461	160.0
1606447591.79	160000	16.107886	0.0	15815684	577	160.0
1606447592.48	160000	16.417886	0.0	13526256	543	160.0
1606447593.34	160000	16.554829	0.0	11995130	729	160.0
1606447597.14	160000	13.760423	0.0	13394791	3641	160.0
1606447600.22	160000	11.677395	0.0	14135828	2939	160.0
1606447601.17	110000	11.729549	0.0	10221665	815	60.0
1606447602.04	110000	11.855085	0.0	8760683	748	110.0
1606447602.9	110000	11.996237	0.0	8711578	739	110.0
1606447603.67	110000	12.234083	0.0	9417807	640	110.0
1606447604.54	80000	12.3646	0.0	10395993	740	50.0
1606447605.6	80000	12.30569	0.0	12476436	916	80.0
1606447606.3	60000	12.60262	0.0	7880072	582	40.0
1606447607.26	60000	12.644989	0.0	10340109	829	60.0
1606447609.41	160000	11.499317	0.0	26155848	1924	60.0
1606447610.89	160000	11.013462	0.0	17849379	1316	160.0
1606447612.46	160000	10.446123	0.0	16546531	1402	160.0
1606447613.95	160000	9.961188	0.0	17718949	1316	160.0
1606447615.39	160000	9.525461	0.0	17337137	1259	160.0
1606447617.02	160000	8.892313	0.0	20008245	1452	160.0
1606447621.83	160000	5.082762	0.0	58430914	4276	160.0
1606447623.25	160000	4.660535	0.0	16292703	1238	160.0
1606447625.49	160000	3.420719	0.0	25587422	2036	160.0
1606447627.78	160000	2.135664	0.0	23982306	2089	160.0
1606447629.03	160000	1.885298	0.0	13347845	1101	160.0
1606447630.24	160000	1.679879	0.0	14337991	1057	160.0
1606447631.5	160000	1.454049	0.033	14584990	1111	154.72
1606447632.67	160000	1.358587	0.079	13962401	1037	147.36
1606447634.07	160000	1.438385	0.472	14393788	1241	84.48
1606447635.51	160000	1.411194	0.42	14649457	1307	92.8
1606447637.06	160000	1.312535	0.444	13409715	1402	88.96
1606447638.44	160000	1.268204	0.343	13909605	1245	105.12
1606447639.81	160000	1.370748	0.464	13301968	1227	85.76
1606447640.99	110000	1.335281	0.15	13175394	1046	36.0
1606447642.0	110000	1.486097	0.162	14191823	871	84.08
1606447642.83	110000	1.664776	0.0	12316520	682	110.0
1606447643.94	110000	1.556972	0.0	13245175	962	110.0
1606447644.43	110000	2.059945	0.0	12490444	353	110.0
1606447645.01	110000	2.486479	0.0	15265366	421	110.0
1606447645.45	110000	3.048479	0.0	13365138	291	110.0
1606447646.08	160000	3.418205	0.0	20392234	441	110.0
1606447646.32	160000	4.181735	0.0	7671072	118	160.0
1606447646.76	160000	4.736388	0.0	17781906	274	160.0
1606447647.11	160000	5.386102	0.0	12839336	197	160.0
1606447647.41	160000	6.094336	0.0	10779770	163	160.0
1606447647.78	160000	6.726802	0.0	14606687	221	160.0
1606447649.09	160000	6.414615	0.0	41866951	991	160.0
1606447650.8	160000	5.705886	0.0	37238410	1419	160.0
1606447652.55	160000	4.954854	0.0	14347759	1602	160.0
1606447654.5	160000	4.006803	0.0	11399187	1813	160.0
1606447655.5	160000	4.005958	0.0	10358641	857	160.0
1606447656.37	160000	4.142564	0.0	14315696	704	160.0
1606447659.06	160000	2.451735	0.0	23283631	2485	160.0
1606447662.49	40000	1.416137	1.4	11490169	3302	-304.0
1606447664.16	160000	1.316938	0.566	22241104	1478	-50.56
1606447664.4	20000	2.081032	0.0	2318501	125	-120.0
1606447664.63	20000	2.844898	0.0	2473561	133	20.0
1606447664.82	20000	3.660982	0.0	1730311	94	20.0
1606447664.99	20000	4.493962	0.0	1455812	79	20.0
1606447665.23	20000	5.24842	0.0	2869222	152	20.0
1606447665.5	20000	5.982189	0.0	3226650	170	20.0
1606447665.73	20000	6.748936	0.0	2705936	140	20.0
1606447665.99	20000	7.498143	0.0	2998622	155	20.0
1606447666.25	20000	8.235776	0.0	2928342	167	20.0
1606447666.61	20000	8.873374	0.0	3059979	263	20.0
1606447666.94	20000	9.543789	0.0	3367422	230	20.0
1606447667.16	20000	10.322806	0.0	1950694	132	20.0
1606447667.35	20000	11.133793	0.0	1541020	102	20.0
1606447667.64	20000	11.844924	0.0	2926720	195	20.0
1606447667.94	20000	12.550984	0.0	2991202	199	20.0
1606447668.23	20000	13.258404	0.0	3002106	198	20.0
1606447668.45	20000	14.038459	0.0	2015412	131	20.0
1606447668.74	20000	14.756401	0.0	2894863	189	20.0
1606447670.11	160000	14.388216	0.0	19373656	1182	20.0
1606447671.66	160000	13.835623	0.0	23977420	1346	160.0
1606447672.96	160000	13.534313	0.0	24493733	1093	160.0
1606447673.62	160000	13.873359	0.0	14528511	508	160.0
1606447674.33	160000	14.17009	0.0	16841176	538	160.0
1606447674.93	160000	14.5717	0.0	16743604	432	160.0
1606447675.53	160000	14.973503	0.0	17975224	423	160.0
1606447676.21	160000	15.291771	0.0	22329548	483	160.0
1606447676.75	160000	15.758153	0.0	16001583	370	160.0
1606447677.34	160000	16.164549	0.0	18238584	418	160.0
1606447677.94	160000	16.570188	0.0	21308824	400	160.0
1606447678.43	160000	17.077092	0.0	17749058	323	160.0
1606447678.82	160000	17.684884	0.0	14127787	242	160.0
1606447679.29	160000	18.213651	0.0	17525699	300	160.0
1606447679.64	160000	18.873611	0.0	14240042	191	160.0
1606447680.1	160000	19.410216	0.0	20324139	273	160.0
1606447680.56	160000	19.951677	0.0	21993033	272	160.0
1606447680.96	160000	20.551303	0.0	18863108	226	160.0
1606447681.32	160000	21.196343	0.0	15964734	191	160.0
1606447681.52	160000	21.992563	0.0	8284939	88	160.0
1606447681.74	160000	22.776552	0.0	9004706	96	160.0
1606447681.92	160000	23.59347	0.0	6955279	74	160.0
1606447682.17	160000	24.341971	0.0	10701639	114	160.0
1606447682.41	160000	25.105318	0.0	9459459	111	160.0
1606447682.55	160000	25.970579	0.0	3212828	38	160.0
1606447682.67	160000	26.853264	0.0	2509989	29	160.0
1606447682.76	160000	27.761623	0.0	2004927	24	160.0
1606447682.82	160000	28.704866	0.0	591360	7	160.0
1606447682.89	160000	30.064163	0.0	2394426	28	160.0
1606447683.18	40000	1.000999	0.017	336477	4	-2.719999999999999
1606447683.54	160000	1.931818	0.0	14912671	115	40.0
1606447684.02	160000	2.446193	0.0	24265636	187	160.0
1606447684.41	160000	3.065733	0.0	22711544	174	160.0
1606447684.76	160000	3.709566	0.0	19639705	166	160.0
1606447685.14	160000	4.389667	0.0	20946809	179	160.0
1606447685.39	160000	5.148547	0.0	11895609	99	160.0
1606447685.56	160000	5.975243	0.0	7597636	61	160.0
1606447686.56	160000	6.054994	0.0	56067905	457	160.0
1606447687.37	160000	6.299241	0.0	45444680	491	160.0
1606447688.18	160000	6.515276	0.0	54798068	436	160.0
1606447689.33	160000	6.364368	0.0	69464107	620	160.0
1606447690.19	160000	6.506767	0.0	50637608	527	160.0
1606447690.67	160000	7.029087	0.0	19559369	297	160.0
1606447691.23	160000	7.46502	0.0	22224402	374	160.0
1606447691.77	160000	7.927116	0.0	22578365	333	160.0
1606447692.02	160000	8.682917	0.0	8346702	123	160.0
1606447692.42	160000	9.285895	0.0	15775481	232	160.0
1606447692.68	160000	10.02698	0.0	9163235	131	160.0
1606447693.57	160000	10.136796	0.0	41307095	591	160.0
1606447694.39	160000	10.311516	0.0	28763893	574	160.0
1606447705.0	160000	1.473073	0.744	21266416	10430	40.959999999999994
1606447705.67	20000	1.805312	0.0	3944328	560	-120.0
1606447706.1	20000	2.369806	0.0	4284196	334	20.0
1606447706.45	20000	3.027205	0.0	3022025	239	20.0
1606447706.72	20000	3.755374	0.0	2248581	179	20.0
1606447707.96	20000	3.514776	0.0	9946363	1109	20.0
1606447709.55	20000	2.928518	0.0	11684632	1447	20.0
