1606497561.39	40000	1.000999	0.016	334476	4	-2.5600000000000023
1606497561.78	40000	1.906235	0.0	14648397	227	40.0
1606497562.27	60000	2.525892	0.0	20421673	317	40.0
1606497563.81	60000	2.01197	0.0	13063186	1458	60.0
1606497564.52	60000	2.36358	0.0	8954217	658	60.0
1606497565.42	80000	2.492968	0.0	11497228	818	60.0
1606497565.78	80000	3.132206	0.0	6232523	321	80.0
1606497566.1	80000	3.830273	0.0	5425476	278	80.0
1606497567.11	80000	3.82476	0.0	29583867	764	80.0
1606497569.16	110000	2.768897	0.0	28884539	1887	80.0
1606497571.29	110000	1.647207	0.0	26873304	1961	110.0
1606497573.98	110000	1.319221	1.365	33588177	2517	-108.4
1606497576.17	110000	1.43542	1.311	25684661	2067	-99.75999999999999
1606497577.09	110000	1.52293	0.0	10838546	841	110.0
1606497578.97	160000	1.498022	0.853	22224402	1761	-26.47999999999999
1606497581.46	160000	1.351715	1.34	22578365	2371	-54.400000000000006
1606497583.58	160000	1.442413	1.219	8346702	2075	-35.03999999999999
1606497584.91	160000	1.411835	0.299	15775481	1248	112.16
1606497585.57	160000	1.752038	0.0	9163235	602	160.0
1606497587.77	160000	1.462905	0.907	41307095	1943	14.879999999999995
1606497589.2	160000	1.370921	0.334	28763893	1281	106.56
1606497590.33	160000	1.456389	0.212	21266416	1013	126.08
1606497591.48	160000	1.367737	0.056	23702229	1006	151.04
1606497592.85	160000	1.428929	0.434	27580394	1235	90.56
1606497593.8	160000	1.477783	0.0	20329780	822	160.0
1606497594.49	160000	1.792799	0.0	16109183	588	160.0
1606497603.96	160000	1.414793	8.095	58830800	9064	-1135.2
1606497609.59	160000	1.26146	4.477	66935122	5311	-556.32
1606497610.91	160000	1.489232	0.549	15251076	1247	72.16
1606497612.37	160000	1.282498	0.25	16574034	1369	120.0
1606497613.6	160000	1.290834	0.234	13009028	1161	122.56
1606497614.54	160000	1.37759	0.03	12791674	859	155.2
1606497615.41	160000	1.50806	0.0	11137898	803	160.0
1606497616.63	160000	1.304994	0.014	11485310	1149	157.76
1606497617.66	160000	1.294031	0.019	12428518	962	156.96
1606497618.51	160000	1.449064	0.0	9963766	785	160.0
1606497619.79	160000	1.343834	0.172	12189364	1216	132.48
1606497620.66	160000	1.498352	0.024	10142396	807	156.16
1606497621.54	160000	1.619221	0.0	10185488	818	160.0
1606497622.73	160000	1.423471	0.0	14061455	1113	160.0
1606497624.35	160000	1.293424	0.486	20074099	1514	82.24
1606497627.79	160000	1.28054	2.422	46115254	3206	-227.51999999999998
1606497630.78	160000	1.453707	2.168	40906522	2786	-186.88
1606497631.39	160000	1.849293	0.0	7891151	554	160.0
1606497633.01	160000	1.373911	0.147	21012466	1519	136.48
1606497634.74	160000	1.272266	0.626	23519424	1611	59.84
1606497636.22	160000	1.379856	0.585	18715420	1382	66.4
1606497637.77	160000	1.485562	0.66	17000816	1459	54.400000000000006
1606497638.83	160000	1.433646	0.0	14448126	966	160.0
1606497639.34	160000	1.917526	0.0	6958676	468	160.0
1606497640.13	160000	2.135394	0.0	9088791	726	160.0
1606497640.85	160000	2.41322	0.0	7211881	676	160.0
1606497641.17	160000	3.098055	0.0	3063586	289	160.0
1606497641.46	160000	3.808718	0.0	2782179	263	160.0
1606497642.36	160000	3.902138	0.0	9958410	850	160.0
1606497643.38	160000	3.885979	0.0	12158708	950	160.0
1606497644.34	160000	3.925047	0.0	12300216	890	160.0
1606497645.51	160000	3.760392	0.0	15815684	1074	160.0
1606497646.69	160000	3.576152	0.0	13526256	1109	160.0
1606497647.72	160000	3.550759	0.0	11995130	955	160.0
1606497648.79	160000	3.485774	0.0	13394791	990	160.0
1606497650.04	160000	3.233014	0.0	14135828	1171	160.0
1606497651.36	160000	2.91429	0.0	15366126	1234	160.0
1606497652.52	160000	2.754311	0.0	14248439	1081	160.0
1606497653.66	160000	2.615444	0.0	13843717	1062	160.0
1606497655.11	160000	2.172428	0.0	14665119	1354	160.0
1606497656.79	160000	1.493845	0.0	21079187	1560	160.0
1606497658.8	160000	1.415606	0.934	25480074	1888	10.560000000000002
1606497660.92	160000	1.351011	1.055	23021754	2001	-8.800000000000011
1606497663.11	160000	1.407181	1.246	27527834	2059	-39.360000000000014
1606497665.5	160000	1.404345	1.383	26155848	2249	-61.28
1606497667.02	160000	1.26823	0.385	17849379	1427	98.4
1606497668.46	160000	1.424939	0.597	16546531	1356	64.48
1606497669.9	160000	1.240452	0.249	17718949	1336	120.16
1606497671.25	160000	1.274	0.387	17337137	1265	98.08
1606497672.98	160000	1.382723	0.835	20008245	1626	26.400000000000006
1606497677.56	160000	1.435201	3.636	58430914	4311	-421.76
1606497678.82	160000	1.385184	0.203	16292703	1168	127.52000000000001
1606497682.66	160000	1.339092	2.799	25587422	3713	-287.84
1606497684.26	160000	1.388785	0.651	23982306	1484	55.84
1606497684.89	160000	1.761827	0.0	13347845	547	160.0
1606497686.2	160000	1.456782	0.0	14337991	1225	160.0
1606497686.86	160000	1.800482	0.0	14584990	573	160.0
1606497687.23	160000	2.425504	0.0	13962401	295	160.0
1606497687.57	160000	3.084192	0.0	14393788	258	160.0
1606497687.92	160000	3.737311	0.0	14649457	263	160.0
1606497688.28	160000	4.375998	0.0	13409715	281	160.0
1606497688.66	160000	5.000372	0.0	13909605	298	160.0
1606497689.03	160000	5.633827	0.0	13301968	290	160.0
1606497693.09	160000	2.571746	0.0	19025846	3943	160.0
1606497694.78	160000	1.886668	0.0	19295426	1575	160.0
1606497695.36	160000	2.301939	0.0	18261873	475	160.0
1606497695.82	160000	2.847321	0.0	19847604	331	160.0
1606497696.25	160000	3.420153	0.0	18767181	318	160.0
1606497696.77	160000	3.901923	0.0	22420858	391	160.0
1606497697.21	160000	4.461853	0.0	19324333	325	160.0
1606497697.64	160000	5.030714	0.0	20392234	314	160.0
1606497697.81	160000	5.861508	0.0	7671072	120	160.0
1606497698.18	160000	6.492898	0.0	17781906	266	160.0
1606497698.44	160000	7.237798	0.0	12839336	178	160.0
1606497698.65	160000	8.024615	0.0	10779770	149	160.0
1606497698.94	160000	8.740338	0.0	14606687	202	160.0
1606497699.69	160000	8.984102	0.0	41866951	501	160.0
1606497700.42	160000	9.25719	0.0	37238410	500	160.0
1606497700.76	160000	9.915969	0.0	14347759	260	160.0
1606497701.04	160000	10.641602	0.0	11399187	207	160.0
1606497701.27	160000	11.411653	0.0	10358641	168	160.0
1606497701.58	160000	12.100114	0.0	14315696	232	160.0
1606497702.09	160000	12.592917	0.0	23283631	376	160.0
1606497702.85	160000	12.831797	0.0	37521367	544	160.0
1606497703.31	160000	13.379501	0.0	22241104	329	160.0
1606497703.64	160000	14.050348	0.0	15813346	230	160.0
1606497703.99	160000	14.696902	0.0	17116450	249	160.0
1606497704.34	160000	15.348138	0.0	18867054	240	160.0
1606497704.65	160000	16.036658	0.0	17393609	213	160.0
1606497705.1	160000	16.593161	0.0	24759401	303	160.0
1606497705.56	160000	17.128462	0.0	25782433	321	160.0
1606497706.05	160000	17.645496	0.0	25885372	323	160.0
1606497706.62	160000	18.074761	0.0	26242011	423	160.0
1606497707.16	160000	18.53584	0.0	23865378	390	160.0
1606497707.76	160000	18.942346	0.0	25470681	449	160.0
1606497708.34	160000	19.354069	0.0	27258768	407	160.0
1606497708.65	160000	20.051524	0.0	17853711	196	160.0
1606497708.9	160000	20.799019	0.0	14829893	161	160.0
1606497709.43	160000	21.271856	0.0	27779697	367	160.0
1606497710.01	160000	21.688196	0.0	27714923	437	160.0
1606497710.59	160000	22.109606	0.0	25946474	430	160.0
1606497711.03	160000	22.669967	0.0	19596259	328	160.0
1606497711.5	160000	23.200136	0.0	23774167	335	160.0
1606497711.88	160000	23.82132	0.0	19373656	265	160.0
1606497716.78	160000	19.927516	0.0	23977420	4759	160.0
1606497718.71	160000	18.993762	0.0	24493733	1798	160.0
1606497719.46	160000	19.24337	0.0	14528511	667	160.0
1606497720.25	160000	19.453756	0.0	16841176	691	160.0
1606497720.85	160000	19.860876	0.0	16743604	495	160.0
1606497721.48	160000	20.232796	0.0	17975224	522	160.0
1606497722.24	160000	20.47109	0.0	22329548	633	160.0
1606497722.76	160000	20.955558	0.0	16001583	421	160.0
1606497723.33	160000	21.385836	0.0	18238584	457	160.0
1606497723.86	160000	21.851445	0.0	21308824	401	160.0
1606497724.3	160000	22.418955	0.0	17749058	330	160.0
1606497724.61	160000	23.106872	0.0	14127787	232	160.0
1606497725.0	160000	23.714733	0.0	17525699	277	160.0
1606497725.32	160000	24.393725	0.0	14240042	240	160.0
1606497725.82	160000	24.895085	0.0	20324139	375	160.0
1606497726.34	160000	25.375457	0.0	21993033	392	160.0
1606497726.7	160000	26.016814	0.0	18863108	244	160.0
1606497727.01	160000	26.710292	0.0	15964734	212	160.0
1606497727.17	160000	27.550122	0.0	8284939	106	160.0
1606497727.36	160000	28.359937	0.0	9004706	134	160.0
1606497727.52	160000	29.207902	0.0	6955279	105	160.0
1606497727.74	160000	29.982265	0.0	10701639	163	160.0
1606497727.95	160000	30.780458	0.0	9459459	144	160.0
1606497728.02	160000	31.703189	0.0	3212828	49	160.0
1606497728.09	160000	32.641611	0.0	2509989	38	160.0
1606497728.14	160000	33.590807	0.0	2004927	31	160.0
1606497728.16	160000	34.567892	0.0	591360	9	160.0
1606497728.22	160000	35.940528	0.0	2394426	39	160.0
1606497728.46	40000	1.000999	0.04	337339	6	-6.399999999999999
1606497728.93	40000	1.908759	0.0	14648397	302	40.0
1606497729.5	60000	2.329708	0.0	20421673	395	40.0
1606497729.81	60000	3.026167	0.0	13063186	228	60.0
1606497730.02	60000	3.81637	0.0	8954217	156	60.0
1606497730.56	80000	4.34343	0.0	11497228	472	60.0
1606497732.45	80000	3.529736	0.0	6232523	1838	80.0
1606497732.98	80000	4.018007	0.0	5425476	486	80.0
1606497737.59	80000	1.207619	0.803	29583867	4381	-48.47999999999999
1606497739.1	110000	1.38022	0.677	28884539	1350	-28.319999999999993
1606497740.15	110000	1.331622	0.0	26873304	895	110.0
1606497741.52	110000	1.309046	0.342	33588177	1195	55.28
1606497742.43	110000	1.441646	0.047	25684661	766	102.48
1606497742.81	110000	2.066458	0.0	10838546	309	110.0
1606497743.54	160000	2.33687	0.0	22224402	592	110.0
1606497744.21	160000	2.666872	0.0	22578365	538	160.0
1606497744.47	160000	3.407357	0.0	8346702	208	160.0
1606497744.99	160000	3.887814	0.0	15775481	415	160.0
1606497745.29	160000	4.588802	0.0	9163235	243	160.0
1606497746.47	160000	4.414624	0.0	41307095	887	160.0
1606497748.94	160000	2.939968	0.0	28763893	2309	160.0
1606497750.56	160000	2.32268	0.0	21266416	1477	160.0
1606497751.28	160000	2.597052	0.0	23702229	586	160.0
1606497752.1	160000	2.781281	0.0	27580394	660	160.0
1606497752.67	160000	3.214104	0.0	20329780	437	160.0
1606497753.08	160000	3.80817	0.0	16109183	312	160.0
1606497754.71	160000	3.171273	0.0	58830800	1175	160.0
1606497756.16	160000	2.728245	0.0	66935122	1063	160.0
1606497756.51	160000	3.381573	0.0	15251076	257	160.0
1606497756.94	160000	3.95316	0.0	16574034	323	160.0
1606497757.28	160000	4.613976	0.0	13009028	253	160.0
1606497757.59	160000	5.301875	0.0	12791674	233	160.0
1606497757.85	160000	6.039529	0.0	11137898	195	160.0
1606497758.13	160000	6.762489	0.0	11485310	201	160.0
1606497758.43	160000	7.460563	0.0	12428518	223	160.0
1606497758.66	160000	8.23355	0.0	9963766	166	160.0
1606497758.94	160000	8.954259	0.0	12189364	202	160.0
1606497759.17	160000	9.721928	0.0	10142396	168	160.0
1606497759.41	160000	10.49067	0.0	10185488	170	160.0
1606497759.73	160000	11.166595	0.0	14061455	242	160.0
1606497760.2	160000	11.702223	0.0	20074099	349	160.0
1606497761.17	160000	11.732672	0.0	46115254	716	160.0
1606497761.99	160000	11.909993	0.0	40906522	585	160.0
1606497762.15	160000	12.750035	0.0	7891151	109	160.0
1606497762.57	160000	13.333597	0.0	21012466	298	160.0
1606497763.07	160000	13.834549	0.0	23519424	369	160.0
1606497763.47	160000	14.432543	0.0	18715420	293	160.0
1606497763.83	160000	15.080816	0.0	17000816	252	160.0
1606497764.13	160000	15.778904	0.0	14448126	215	160.0
1606497764.28	160000	16.629075	0.0	6958676	102	160.0
1606497764.47	160000	17.436959	0.0	9088791	135	160.0
1606497764.63	160000	18.278902	0.0	7211881	113	160.0
1606497764.71	160000	19.205678	0.0	3063586	48	160.0
1606497764.77	160000	20.137924	0.0	2782179	44	160.0
1606497764.99	160000	20.920483	0.0	9958410	158	160.0
1606497765.26	160000	21.658916	0.0	12158708	193	160.0
1606497765.53	160000	22.390185	0.0	12300216	196	160.0
1606497765.88	160000	23.034175	0.0	15815684	263	160.0
1606497766.19	160000	23.732189	0.0	13526256	226	160.0
1606497766.46	160000	24.459278	0.0	11995130	200	160.0
