1606525689.21	40000	1.000999	0.025	334476	14	-4.0
1606525689.88	20000	1.694949	0.0	11007815	477	0.0
1606525690.67	20000	1.898631	0.0	8849724	662	20.0
1606525691.02	20000	2.556306	0.0	3191121	242	20.0
1606525691.23	20000	3.369969	0.0	1661718	118	20.0
1606525691.41	20000	4.184349	0.0	1315024	94	20.0
1606525691.55	20000	5.048567	0.0	698359	49	20.0
1606525691.69	20000	5.935396	0.0	730082	51	20.0
1606525692.06	20000	6.567788	0.0	4047415	263	20.0
1606525692.29	20000	7.336587	0.0	2863079	133	20.0
1606525693.87	110000	6.757229	0.0	26873304	1252	20.0
1606525699.29	160000	2.337523	0.0	69464107	4703	110.0
1606525705.54	160000	1.492066	4.403	50637608	5927	-544.48
1606525705.79	20000	2.240854	0.0	2030157	146	-120.0
1606525706.05	20000	2.976145	0.0	2240782	162	20.0
1606525706.31	20000	3.717737	0.0	2211169	162	20.0
1606525706.43	20000	4.603313	0.0	382046	27	20.0
1606525706.6	20000	5.431621	0.0	1113969	81	20.0
1606525706.75	20000	6.281894	0.0	820127	59	20.0
1606525707.3	20000	6.739346	0.0	6357933	428	20.0
1606525707.7	20000	7.336018	0.0	4814284	292	20.0
1606525708.01	20000	8.026297	0.0	3419258	208	20.0
1606525708.33	20000	8.703062	0.0	3944328	218	20.0
1606525710.12	160000	7.915263	0.0	27580394	1561	20.0
1606525712.3	160000	6.738366	0.0	20329780	1989	160.0
1606525714.72	160000	5.318998	0.0	16109183	2249	160.0
1606525721.42	160000	1.322148	1.703	58830800	6321	-112.48000000000002
1606525722.64	20000	1.348933	0.25	11684632	1077	-160.0
1606525723.27	60000	1.721175	0.0	5395812	506	20.0
1606525724.7	110000	1.359496	0.065	10921784	1298	49.599999999999994
1606525727.06	110000	1.425921	1.423	8768798	2234	-117.68
1606525731.85	160000	1.333673	3.702	12791674	4649	-482.32000000000005
1606525733.38	80000	1.303093	0.499	5578363	1415	-79.84
1606525733.61	20000	2.078611	0.0	1568649	128	-40.0
1606525733.84	20000	2.847749	0.0	1677618	137	20.0
1606525734.05	20000	3.640498	0.0	1415096	116	20.0
1606525734.3	20000	4.388635	0.0	1894067	156	20.0
1606525734.5	20000	5.19505	0.0	1186604	102	20.0
1606525734.68	20000	6.011895	0.0	1068386	93	20.0
1606525734.92	20000	6.769812	0.0	1700843	148	20.0
1606525735.24	20000	7.450636	0.0	2536859	222	20.0
1606525735.73	20000	7.96596	0.0	4742872	377	20.0
1606525736.24	20000	8.462808	0.0	4955535	394	20.0
1606525736.44	20000	9.261439	0.0	1260540	103	20.0
1606525736.84	20000	9.8613	0.0	3605246	297	20.0
1606525737.16	20000	10.533764	0.0	2770338	228	20.0
1606525737.4	20000	11.300614	0.0	1855168	139	20.0
1606525737.61	20000	12.085984	0.0	1666915	124	20.0
1606525738.1	60000	12.598071	0.0	5045231	379	20.0
1606525738.72	160000	12.98548	0.0	6958676	496	60.0
1606525739.51	160000	13.204056	0.0	9088791	654	160.0
1606525740.17	160000	13.539834	0.0	7211881	540	160.0
1606525740.54	160000	14.166993	0.0	3063586	277	160.0
1606525740.89	160000	14.812711	0.0	2782179	260	160.0
1606525741.85	160000	14.861917	0.0	9958410	824	160.0
1606525742.96	160000	14.753948	0.0	12158708	968	160.0
1606525744.15	160000	14.565394	0.0	12300216	1043	160.0
1606525745.42	160000	14.295474	0.0	15815684	1107	160.0
1606525746.56	160000	14.150795	0.0	13526256	997	160.0
1606525747.55	160000	14.158259	0.0	11995130	852	160.0
1606525748.77	160000	13.940892	0.0	13394791	1072	160.0
1606525749.93	160000	13.784445	0.0	14135828	999	160.0
1606525751.16	160000	13.559701	0.0	15366126	1067	160.0
1606525752.49	160000	13.226195	0.0	14248439	1185	160.0
1606525753.53	160000	13.190566	0.0	13843717	889	160.0
1606525754.41	160000	13.309269	0.0	14665119	725	160.0
1606525755.07	160000	13.64863	0.0	21079187	472	160.0
1606525755.67	160000	14.057212	0.0	25480074	379	160.0
1606525756.12	160000	14.605358	0.0	23021754	244	160.0
1606525756.62	160000	15.104783	0.0	27527834	280	160.0
1606525757.11	160000	15.615317	0.0	26155848	256	160.0
1606525757.47	160000	16.260993	0.0	17849379	180	160.0
1606525757.81	160000	16.919943	0.0	16546531	171	160.0
1606525758.18	160000	17.551548	0.0	17718949	190	160.0
1606525758.53	160000	18.201853	0.0	17337137	182	160.0
1606525758.92	160000	18.80566	0.0	20008245	213	160.0
1606525759.93	160000	18.796711	0.0	58430914	617	160.0
1606525760.28	160000	19.451121	0.0	16292703	171	160.0
1606525760.77	160000	19.964224	0.0	25587422	273	160.0
1606525761.23	160000	20.50466	0.0	23982306	253	160.0
1606525761.52	160000	21.212109	0.0	13347845	142	160.0
1606525761.82	160000	21.911642	0.0	14337991	149	160.0
1606525762.13	160000	22.606234	0.0	14584990	153	160.0
1606525762.43	160000	23.311963	0.0	13962401	146	160.0
1606525762.76	160000	23.985623	0.0	14393788	176	160.0
1606525763.09	160000	24.64956	0.0	14649457	179	160.0
1606525763.4	160000	25.339604	0.0	13409715	164	160.0
1606525763.71	160000	26.032632	0.0	13909605	156	160.0
1606525764.0	160000	26.738463	0.0	13301968	150	160.0
1606525764.41	160000	27.337777	0.0	19025846	215	160.0
1606525764.8	160000	27.945869	0.0	19295426	208	160.0
1606525765.17	160000	28.574608	0.0	18261873	192	160.0
1606525765.57	160000	29.174268	0.0	19847604	209	160.0
1606525765.94	160000	29.803246	0.0	18767181	188	160.0
1606525766.37	160000	30.378526	0.0	22420858	230	160.0
1606525766.77	160000	30.978158	0.0	19324333	217	160.0
1606525767.18	160000	31.570385	0.0	20392234	222	160.0
1606525767.38	160000	32.371232	0.0	7671072	83	160.0
1606525767.78	160000	32.975581	0.0	17781906	226	160.0
1606525768.08	160000	33.669823	0.0	12839336	163	160.0
1606525768.36	160000	34.397638	0.0	10779770	137	160.0
1606525768.7	160000	35.060267	0.0	14606687	186	160.0
1606525769.54	160000	35.21262	0.0	41866951	534	160.0
1606525770.28	160000	35.482182	0.0	37238410	440	160.0
1606525770.6	160000	36.162645	0.0	14347759	166	160.0
1606525770.87	160000	36.884713	0.0	11399187	141	160.0
1606525771.13	160000	37.632362	0.0	10358641	113	160.0
1606525771.44	160000	38.318794	0.0	14315696	162	160.0
1606525771.92	160000	38.845277	0.0	23283631	271	160.0
1606525772.64	160000	39.118578	0.0	37521367	437	160.0
1606525774.2	160000	38.567857	0.0	22241104	1352	160.0
1606525776.24	160000	37.522253	0.0	15813346	1878	160.0
1606525777.83	160000	36.932404	0.0	17116450	1415	160.0
1606525779.59	160000	36.176464	0.0	18867054	1580	160.0
1606525782.68	160000	34.084995	0.0	17393609	2920	160.0
1606525786.56	160000	31.205593	0.0	24759401	3664	160.0
1606525788.36	160000	30.411742	0.0	25782433	1580	160.0
1606525789.39	160000	30.376448	0.0	25885372	804	160.0
1606525790.34	160000	30.434744	0.0	26242011	722	160.0
1606525791.13	160000	30.643228	0.0	23865378	575	160.0
1606525791.91	160000	30.867412	0.0	25470681	564	160.0
1606525792.7	160000	31.071583	0.0	27258768	556	160.0
1606525793.23	160000	31.543645	0.0	17853711	355	160.0
1606525793.69	160000	32.086262	0.0	14829893	298	160.0
1606525794.6	160000	32.178092	0.0	27779697	671	160.0
1606525795.52	160000	32.257686	0.0	27714923	698	160.0
1606525796.36	160000	32.416613	0.0	25946474	609	160.0
1606525797.08	160000	32.701984	0.0	19596259	527	160.0
1606525798.01	160000	32.771155	0.0	23774167	726	160.0
1606525798.85	160000	32.932808	0.0	19373656	659	160.0
1606525799.8	160000	32.98267	0.0	23977420	748	160.0
1606525800.74	160000	33.042127	0.0	24493733	734	160.0
1606525801.32	160000	33.46711	0.0	14528511	423	160.0
1606525801.96	160000	33.829174	0.0	16841176	472	160.0
1606525802.58	160000	34.207664	0.0	16743604	452	160.0
1606525803.21	160000	34.580784	0.0	17975224	456	160.0
1606525803.98	160000	34.814196	0.0	22329548	564	160.0
1606525804.54	160000	35.249177	0.0	16001583	400	160.0
1606525805.21	160000	35.584537	0.0	18238584	490	160.0
1606525805.99	160000	35.80596	0.0	21308824	572	160.0
1606525806.6	160000	36.190123	0.0	17749058	446	160.0
1606525807.15	160000	36.645885	0.0	14127787	392	160.0
1606525807.8	160000	36.996525	0.0	17525699	471	160.0
1606525808.34	160000	37.461031	0.0	14240042	384	160.0
1606525809.09	160000	37.709773	0.0	20324139	567	160.0
1606525809.9	160000	37.898278	0.0	21993033	619	160.0
1606525810.6	160000	38.201019	0.0	18863108	512	160.0
1606525811.21	160000	38.593215	0.0	15964734	431	160.0
1606525811.56	160000	39.24433	0.0	8284939	223	160.0
1606525811.94	160000	39.866649	0.0	9004706	249	160.0
1606525812.24	160000	40.559531	0.0	6955279	191	160.0
1606525812.67	160000	41.132831	0.0	10701639	296	160.0
1606525813.08	160000	41.721383	0.0	9459459	281	160.0
1606525813.28	160000	42.527859	0.0	3212828	95	160.0
1606525813.44	160000	43.364629	0.0	2509989	75	160.0
1606525813.57	160000	44.235151	0.0	2004927	59	160.0
1606525813.64	160000	45.165084	0.0	591360	17	160.0
1606525813.76	160000	46.481881	0.0	2394426	66	160.0
1606525814.11	40000	1.000999	0.035	336477	8	-5.600000000000001
1606525814.74	160000	1.701613	0.0	14912671	406	40.0
1606525815.64	160000	1.803863	0.0	24265636	605	160.0
1606525816.39	160000	2.123152	0.0	22711544	544	160.0
1606525817.14	160000	2.412697	0.0	19639705	571	160.0
1606525818.36	160000	2.276449	0.0	20946809	1010	160.0
1606525819.37	160000	2.294359	0.0	11895609	863	160.0
1606525820.02	160000	2.640502	0.0	7597636	530	160.0
1606525822.77	160000	1.255407	0.302	56067905	2227	111.68
1606525824.2	160000	1.300812	0.468	45444680	1138	85.12
1606525824.63	60000	1.86457	0.0	10988410	276	-40.0
1606525825.51	80000	1.993006	0.0	20600381	674	60.0
1606525826.62	80000	1.878882	0.0	17710542	935	80.0
1606525827.76	160000	1.744183	0.0	19559369	932	80.0
1606525832.74	160000	1.281693	3.519	22224402	4794	-403.03999999999996
1606525834.83	160000	1.301491	1.113	22578365	1900	-18.080000000000013
1606525835.1	110000	2.036229	0.0	5268213	146	60.0
1606525835.51	110000	2.626795	0.0	9838179	274	110.0
1606525835.63	20000	3.509489	0.0	820127	22	-70.0
1606525835.93	20000	4.212663	0.0	6357933	180	20.0
1606525836.18	20000	4.956347	0.0	4814284	145	20.0
1606525836.39	20000	5.750419	0.0	3419258	102	20.0
1606525836.62	20000	6.524649	0.0	3944328	119	20.0
1606525836.85	20000	7.289087	0.0	4284196	130	20.0
1606525837.05	20000	8.093913	0.0	3022025	96	20.0
1606525837.22	20000	8.92655	0.0	2248581	72	20.0
1606525838.83	110000	8.311325	0.0	44076779	1288	20.0
1606525841.12	160000	7.029963	0.0	66935122	1765	110.0
