1606498045.28	40000	1.000999	0.018	334476	7	-2.8800000000000026
1606498045.86	160000	1.80015	0.0	14912671	339	40.0
1606498047.67	160000	1.282363	0.25	24265636	1557	120.0
1606498049.46	160000	1.435709	0.913	22711544	1596	13.919999999999987
1606498051.03	160000	1.305188	0.412	19639705	1396	94.08
1606498052.92	160000	1.291272	0.861	20946809	1716	22.24000000000001
1606498053.94	160000	1.412617	0.139	11895609	890	137.76
1606498054.71	160000	1.650705	0.0	7597636	643	160.0
1606498056.28	60000	1.304149	0.227	17832465	1403	-76.32
1606498057.15	60000	1.463704	0.025	9877442	737	56.0
1606498058.27	60000	1.344143	0.0	10988410	988	60.0
1606498060.11	60000	1.308945	0.81	15230785	1701	-69.6
1606498062.81	60000	1.37049	1.759	13601559	2559	-221.44
1606498063.79	110000	1.418422	0.024	10838546	820	56.16
1606498064.69	110000	1.517016	0.0	12783186	764	110.0
1606498065.47	110000	1.735562	0.0	13101938	640	110.0
1606498065.8	110000	2.407671	0.0	5268213	223	110.0
1606498066.4	110000	2.808237	0.0	9838179	474	110.0
1606498066.85	110000	3.361712	0.0	6126794	339	110.0
1606498067.5	40000	3.714803	0.0	11199212	508	-30.0
1606498067.78	20000	4.432133	0.0	4814284	179	0.0
1606498068.0	20000	5.211287	0.0	3419258	128	20.0
1606498068.25	20000	5.967493	0.0	3944328	149	20.0
1606498068.56	20000	6.653068	0.0	4284196	216	20.0
1606498068.81	20000	7.408381	0.0	3022025	152	20.0
1606498069.01	20000	8.206425	0.0	2248581	113	20.0
1606498069.58	20000	8.641702	0.0	9946363	439	20.0
1606498073.11	160000	6.111486	0.0	66935122	2855	20.0
1606498078.82	160000	1.398049	0.0	15251076	5547	160.0
1606498080.34	160000	1.419744	0.532	16574034	1360	74.88
1606498080.56	20000	2.198474	0.0	1704756	131	-120.0
1606498080.77	20000	2.982585	0.0	1697111	131	20.0
1606498080.98	20000	3.780307	0.0	1529441	117	20.0
1606498081.2	20000	4.561437	0.0	1568649	126	20.0
1606498081.41	20000	5.35356	0.0	1677618	122	20.0
1606498081.59	20000	6.168637	0.0	1415096	101	20.0
1606498081.81	20000	6.948043	0.0	1894067	134	20.0
1606498081.98	20000	7.781462	0.0	1186604	84	20.0
1606498082.14	20000	8.622647	0.0	1068386	76	20.0
1606498082.35	20000	9.412399	0.0	1700843	126	20.0
1606498082.66	20000	10.109801	0.0	2536859	204	20.0
1606498083.14	20000	10.627922	0.0	4742872	384	20.0
1606498083.63	20000	11.140462	0.0	4955535	386	20.0
1606498083.81	20000	11.960899	0.0	1260540	96	20.0
1606498084.18	20000	12.589815	0.0	3605246	278	20.0
1606498084.47	20000	13.296398	0.0	2770338	203	20.0
1606498084.69	20000	14.078343	0.0	1855168	134	20.0
1606498085.39	80000	14.381928	0.0	7852064	576	20.0
1606498086.81	160000	13.965507	0.0	14448126	1269	80.0
1606498087.45	160000	14.328988	0.0	6958676	528	160.0
1606498088.28	160000	14.496505	0.0	9088791	709	160.0
1606498088.94	160000	14.836205	0.0	7211881	552	160.0
1606498089.27	160000	15.51312	0.0	3063586	234	160.0
1606498089.63	160000	16.151431	0.0	2782179	273	160.0
1606498090.65	160000	16.129435	0.0	9958410	900	160.0
1606498091.75	160000	16.031444	0.0	12158708	959	160.0
1606498092.86	160000	15.920888	0.0	12300216	975	160.0
1606498094.14	160000	15.647897	0.0	15815684	1116	160.0
1606498095.58	160000	15.201828	0.0	13526256	1303	160.0
1606498096.65	160000	15.137673	0.0	11995130	931	160.0
1606498097.97	160000	14.811601	0.0	13394791	1185	160.0
1606498099.33	160000	14.458987	0.0	14135828	1210	160.0
1606498100.71	160000	14.077474	0.0	15366126	1233	160.0
1606498101.93	160000	13.864112	0.0	14248439	1068	160.0
1606498103.17	160000	13.623442	0.0	13843717	1084	160.0
1606498104.39	160000	13.403743	0.0	14665119	1072	160.0
1606498106.0	160000	12.79515	0.0	21079187	1425	160.0
1606498107.98	160000	11.815602	0.0	25480074	1750	160.0
1606498109.73	160000	11.067984	0.0	23021754	1554	160.0
1606498111.94	160000	9.853621	0.0	27527834	1978	160.0
1606498113.97	160000	8.822949	0.0	26155848	1823	160.0
1606498115.45	160000	8.345052	0.0	17849379	1298	160.0
1606498117.02	160000	7.784242	0.0	16546531	1398	160.0
1606498118.38	160000	7.42052	0.0	17718949	1191	160.0
1606498120.15	160000	6.650222	0.0	17337137	1603	160.0
1606498122.0	160000	5.805541	0.0	20008245	1658	160.0
1606498125.54	110000	3.270626	0.0	44222240	3223	60.0
1606498126.61	110000	3.205019	0.0	11574285	920	110.0
1606498128.14	110000	2.66965	0.0	17560011	1355	110.0
1606498130.28	160000	1.533773	0.0	23982306	1931	110.0
1606498131.42	160000	1.38978	0.0	13347845	997	160.0
1606498132.67	160000	1.257169	0.115	14337991	1108	141.6
1606498134.13	160000	1.361264	0.563	14584990	1321	69.92
1606498135.29	160000	1.437384	0.237	13962401	1030	122.08
1606498136.53	160000	1.425078	0.229	14393788	1097	123.36
1606498137.7	160000	1.405546	0.149	14649457	1030	136.16
1606498138.93	160000	1.306217	0.13	13409715	1099	139.2
1606498140.21	160000	1.436955	0.411	13909605	1148	94.24
1606498140.98	110000	1.666618	0.0	8764764	640	60.0
1606498142.19	110000	1.463095	0.0	13175394	1060	110.0
1606498143.71	110000	1.350995	0.412	14191823	1388	44.08
1606498144.67	110000	1.390902	0.0	12316520	823	110.0
1606498145.93	110000	1.266243	0.125	13245175	1113	90.0
1606498147.06	110000	1.381652	0.251	12490444	1000	69.84
1606498148.44	110000	1.394421	0.384	15265366	1222	48.56
1606498149.55	110000	1.312372	0.033	13365138	975	104.72
1606498150.67	110000	1.313573	0.121	13994870	987	90.64
1606498151.48	160000	1.507146	0.0	7671072	688	110.0
1606498153.0	160000	1.437184	0.447	17781906	1366	88.48
1606498154.13	160000	1.385468	0.075	12839336	992	148.0
1606498155.09	160000	1.453255	0.027	10779770	818	155.68
1606498156.21	160000	1.489304	0.155	14606687	982	135.2
1606498157.63	60000	1.395347	0.329	17736300	1262	-92.64
1606498160.29	60000	1.475628	1.74	14917504	2522	-218.39999999999998
1606498161.94	160000	1.466597	0.637	14347759	1506	-41.92
1606498162.8	160000	1.609608	0.0	11399187	724	160.0
1606498163.35	160000	2.058669	0.0	10358641	424	160.0
1606498163.9	110000	2.511786	0.0	9409059	417	60.0
1606498164.34	20000	3.068771	0.0	3055257	348	-70.0
1606498164.91	20000	3.50359	0.0	5355572	463	20.0
1606498165.13	20000	4.282028	0.0	3278424	128	20.0
1606498165.4	40000	5.008285	0.0	4368401	170	20.0
1606498165.88	80000	5.535807	0.0	8972855	347	40.0
1606498166.15	80000	6.26768	0.0	8446369	152	80.0
1606498166.39	80000	7.021312	0.0	7511410	135	80.0
1606498166.86	110000	7.552915	0.0	16960361	305	80.0
1606498167.41	110000	8.00583	0.0	17875878	385	110.0
1606498170.71	160000	5.705068	0.0	25885372	3073	110.0
1606498173.46	160000	3.960897	0.0	26242011	2519	160.0
1606498174.08	80000	4.345542	0.0	12007698	467	0.0
1606498174.43	80000	4.989741	0.0	12501375	207	80.0
1606498174.59	20000	5.83645	0.0	3367422	56	-40.0
1606498174.7	20000	6.717996	0.0	1950694	32	20.0
1606498174.82	20000	7.608187	0.0	1541020	25	20.0
1606498174.96	20000	8.465894	0.0	2926720	51	20.0
1606498175.1	20000	9.323123	0.0	2991202	52	20.0
1606498175.25	20000	10.178546	0.0	3002106	52	20.0
1606498175.37	20000	11.055483	0.0	2015412	35	20.0
1606498175.52	20000	11.913637	0.0	2894863	50	20.0
1606498175.64	20000	12.785709	0.0	2185316	38	20.0
1606498175.8	20000	13.633021	0.0	3370605	55	20.0
1606498175.95	20000	14.484589	0.0	3492243	54	20.0
1606498176.05	20000	15.38078	0.0	1307592	20	20.0
1606498176.17	20000	16.267925	0.0	1881404	29	20.0
1606498176.28	20000	17.15342	0.0	1806471	28	20.0
1606498176.74	160000	17.700111	0.0	17975224	277	20.0
1606498177.26	160000	18.180279	0.0	22329548	315	160.0
1606498177.64	160000	18.793919	0.0	16001583	220	160.0
1606498178.06	160000	19.38161	0.0	18238584	237	160.0
1606498178.5	160000	19.937191	0.0	21308824	252	160.0
1606498178.88	160000	20.561949	0.0	17749058	209	160.0
1606498179.28	160000	21.160654	0.0	14127787	257	160.0
1606498179.76	160000	21.678515	0.0	17525699	319	160.0
1606498180.15	160000	22.298502	0.0	14240042	236	160.0
1606498180.65	160000	22.792051	0.0	20324139	329	160.0
1606498181.18	160000	23.266259	0.0	21993033	335	160.0
1606498181.64	160000	23.809835	0.0	18863108	273	160.0
1606498182.03	160000	24.415927	0.0	15964734	231	160.0
1606498182.27	160000	25.180317	0.0	8284939	120	160.0
1606498182.52	160000	25.931528	0.0	9004706	131	160.0
1606498182.73	160000	26.720931	0.0	6955279	101	160.0
1606498183.01	160000	27.444333	0.0	10701639	147	160.0
1606498183.25	160000	28.20694	0.0	9459459	116	160.0
1606498183.39	160000	29.069678	0.0	3212828	39	160.0
1606498183.51	160000	29.946072	0.0	2509989	30	160.0
1606498183.6	160000	30.856143	0.0	2004927	24	160.0
1606498183.66	160000	31.79936	0.0	591360	7	160.0
1606498183.73	160000	33.15768	0.0	2394426	29	160.0
1606498184.1	40000	1.000999	0.015	336477	4	-2.3999999999999986
1606498184.52	160000	1.86188	0.0	14912671	185	40.0
1606498185.1	160000	2.275505	0.0	24265636	300	160.0
1606498185.68	160000	2.70251	0.0	22711544	370	160.0
1606498186.19	160000	3.311317	0.0	19639705	326	160.0
1606498186.74	160000	3.793209	0.0	20946809	357	160.0
1606498187.05	160000	4.481066	0.0	11895609	174	160.0
1606498187.25	160000	5.308812	0.0	7597636	84	160.0
1606498188.41	160000	5.236881	0.0	56067905	617	160.0
1606498189.45	160000	5.222543	0.0	45444680	732	160.0
1606498190.65	160000	5.026436	0.0	54798068	828	160.0
1606498197.23	160000	1.261883	1.819	69464107	6103	-131.04000000000002
1606498197.58	20000	1.905699	0.0	4925652	242	-120.0
1606498197.77	20000	2.721532	0.0	2030157	99	20.0
1606498197.96	20000	3.525645	0.0	2240782	110	20.0
1606498198.14	20000	4.34884	0.0	2211169	91	20.0
1606498198.23	20000	5.256027	0.0	382046	15	20.0
1606498198.36	20000	6.153582	0.0	1113969	45	20.0
1606498198.86	160000	6.651873	0.0	9163235	379	20.0
1606498200.38	160000	6.133687	0.0	41307095	1235	160.0
1606498201.41	160000	6.112631	0.0	28763893	797	160.0
1606498202.15	160000	6.375057	0.0	21266416	555	160.0
1606498202.81	160000	6.708908	0.0	23702229	446	160.0
1606498203.5	160000	7.018395	0.0	27580394	472	160.0
1606498204.04	160000	7.485117	0.0	20329780	335	160.0
1606498204.48	160000	8.040276	0.0	16109183	288	160.0
1606498205.79	160000	7.734265	0.0	58830800	892	160.0
1606498207.19	160000	7.33298	0.0	66935122	984	160.0
