1606495614.22	40000	1.000999	0.029	334476	18	-4.640000000000001
1606495615.27	40000	1.476941	0.154	14648397	926	15.36
1606495617.28	60000	1.31705	0.814	20421673	1846	-90.24000000000001
1606495618.47	60000	1.414703	0.267	13063186	1121	17.28
1606495619.15	60000	1.749693	0.0	8954217	631	60.0
1606495619.64	80000	2.263165	0.0	11497228	414	60.0
1606495619.91	80000	3.012659	0.0	6232523	224	80.0
1606495620.18	80000	3.750436	0.0	5425476	226	80.0
1606495624.39	80000	1.318348	0.786	29583867	3995	-45.760000000000005
1606495626.7	110000	1.3553	1.342	28884539	2152	-134.72
1606495628.83	110000	1.427172	1.203	26873304	1997	-82.47999999999999
1606495631.49	110000	1.40138	1.63	33588177	2490	-150.8
1606495632.98	110000	1.282131	0.375	25684661	1367	50.0
1606495635.61	110000	1.407557	1.758	10838546	2572	-171.27999999999997
1606495637.54	160000	1.415923	0.931	22224402	1809	-38.96000000000001
1606495638.37	160000	1.579885	0.0	22578365	703	160.0
1606495638.59	160000	2.36688	0.0	8346702	161	160.0
1606495638.99	160000	2.965243	0.0	15775481	307	160.0
1606495639.22	160000	3.736111	0.0	9163235	175	160.0
1606495640.19	160000	3.763751	0.0	41307095	692	160.0
1606495640.8	160000	4.159481	0.0	28763893	440	160.0
1606495641.27	160000	4.695509	0.0	21266416	331	160.0
1606495641.74	160000	5.219176	0.0	23702229	340	160.0
1606495642.3	160000	5.671338	0.0	27580394	395	160.0
1606495643.13	160000	5.830472	0.0	20329780	701	160.0
1606495658.64	160000	1.355906	10.034	16109183	15424	-1445.44
1606495660.57	160000	1.126066	0.703	58830800	1504	47.519999999999996
1606495662.67	160000	1.34416	1.313	66935122	1770	-50.08000000000001
1606495663.84	160000	1.407755	0.235	15251076	1093	122.4
1606495665.33	160000	1.393739	0.472	16574034	1401	84.48
1606495665.92	160000	1.805651	0.0	13009028	511	160.0
1606495666.43	160000	2.289536	0.0	12791674	444	160.0
1606495666.73	160000	2.996265	0.0	11137898	225	160.0
1606495667.03	160000	3.696693	0.0	11485310	232	160.0
1606495667.35	160000	4.373097	0.0	12428518	252	160.0
1606495667.61	160000	5.118549	0.0	9963766	194	160.0
1606495667.92	160000	5.804027	0.0	12189364	235	160.0
1606495668.18	160000	6.546608	0.0	10142396	197	160.0
1606495668.43	160000	7.297833	0.0	10185488	188	160.0
1606495668.75	160000	7.979644	0.0	14061455	235	160.0
1606495669.2	160000	8.530482	0.0	20074099	336	160.0
1606495670.24	160000	8.490273	0.0	46115254	782	160.0
1606495671.22	160000	8.515801	0.0	40906522	736	160.0
1606495671.41	160000	9.326924	0.0	7891151	140	160.0
1606495671.88	160000	9.859112	0.0	21012466	347	160.0
1606495672.41	160000	10.33056	0.0	23519424	393	160.0
1606495672.81	160000	10.924558	0.0	18715420	297	160.0
1606495673.18	160000	11.555394	0.0	17000816	269	160.0
1606495673.5	160000	12.242537	0.0	14448126	230	160.0
1606495673.67	160000	13.074083	0.0	6958676	112	160.0
1606495673.87	160000	13.870724	0.0	9088791	146	160.0
1606495674.03	160000	14.709502	0.0	7211881	116	160.0
1606495674.11	160000	15.635702	0.0	3063586	49	160.0
1606495674.18	160000	16.567307	0.0	2782179	44	160.0
1606495674.4	160000	17.348731	0.0	9958410	158	160.0
1606495674.66	160000	18.085304	0.0	12158708	192	160.0
1606495674.93	160000	18.819132	0.0	12300216	194	160.0
1606495675.27	160000	19.477008	0.0	15815684	249	160.0
1606495675.57	160000	20.18262	0.0	13526256	209	160.0
1606495675.82	160000	20.931745	0.0	11995130	184	160.0
1606495676.1	160000	21.651178	0.0	13394791	205	160.0
1606495676.4	160000	22.355086	0.0	14135828	216	160.0
1606495676.69	160000	23.065816	0.0	15366126	204	160.0
1606495676.96	160000	23.796931	0.0	14248439	181	160.0
1606495677.22	160000	24.53762	0.0	13843717	184	160.0
1606495677.51	160000	25.24978	0.0	14665119	191	160.0
1606495677.89	160000	25.865844	0.0	21079187	262	160.0
1606495678.35	160000	26.404333	0.0	25480074	317	160.0
1606495678.78	160000	26.982098	0.0	23021754	287	160.0
1606495679.28	160000	27.484951	0.0	27527834	344	160.0
1606495679.74	160000	28.027701	0.0	26155848	302	160.0
1606495680.04	160000	28.721	0.0	17849379	204	160.0
1606495680.32	160000	29.440096	0.0	16546531	185	160.0
1606495680.62	160000	30.14584	0.0	17718949	184	160.0
1606495680.9	160000	30.867036	0.0	17337137	178	160.0
1606495681.22	160000	31.551902	0.0	20008245	200	160.0
1606495682.09	160000	31.677526	0.0	58430914	554	160.0
1606495682.34	160000	32.428608	0.0	16292703	143	160.0
1606495682.8	160000	32.974691	0.0	25587422	315	160.0
1606495683.25	160000	33.523596	0.0	23982306	318	160.0
1606495683.5	160000	34.277757	0.0	13347845	171	160.0
1606495683.72	160000	35.056665	0.0	14337991	138	160.0
1606495683.94	160000	35.83361	0.0	14584990	142	160.0
1606495684.16	160000	36.615882	0.0	13962401	136	160.0
1606495684.38	160000	37.395424	0.0	14393788	140	160.0
1606495684.62	160000	38.158845	0.0	14649457	150	160.0
1606495684.84	160000	38.943414	0.0	13409715	139	160.0
1606495685.06	160000	39.722282	0.0	13909605	144	160.0
1606495685.27	160000	40.514054	0.0	13301968	138	160.0
1606495685.58	160000	41.199655	0.0	19025846	201	160.0
1606495685.91	160000	41.871689	0.0	19295426	217	160.0
1606495686.22	160000	42.561493	0.0	18261873	206	160.0
1606495686.57	160000	43.210271	0.0	19847604	233	160.0
1606495686.97	160000	43.820769	0.0	18767181	282	160.0
1606495687.43	160000	44.357279	0.0	22420858	339	160.0
1606495687.91	160000	44.891339	0.0	19324333	351	160.0
1606495688.39	160000	45.396492	0.0	20392234	370	160.0
1606495691.01	160000	43.783386	0.0	7671072	2563	160.0
1606495692.97	160000	42.819884	0.0	17781906	1862	160.0
1606495694.14	160000	42.655789	0.0	12839336	1087	160.0
1606495694.69	160000	43.099671	0.0	10779770	494	160.0
1606495695.11	160000	43.68054	0.0	14606687	338	160.0
1606495696.63	160000	43.162766	0.0	41866951	1277	160.0
1606495698.13	160000	42.669052	0.0	37238410	1275	160.0
1606495698.89	160000	42.905501	0.0	14347759	682	160.0
1606495699.39	160000	43.407344	0.0	11399187	432	160.0
1606495699.8	160000	44.002379	0.0	10358641	341	160.0
1606495700.32	160000	44.477258	0.0	14315696	445	160.0
1606495701.74	160000	44.066594	0.0	23283631	1281	160.0
1606495704.11	160000	42.694521	0.0	37521367	2155	160.0
1606495706.64	160000	41.159859	0.0	22241104	2406	160.0
1606495708.23	160000	40.574126	0.0	15813346	1486	160.0
1606495709.62	160000	40.18036	0.0	17116450	1291	160.0
1606495710.23	160000	40.576097	0.0	18867054	494	160.0
1606495710.77	160000	41.036133	0.0	17393609	437	160.0
1606495711.46	160000	41.350666	0.0	24759401	548	160.0
1606495712.1	160000	41.705161	0.0	25782433	502	160.0
1606495712.77	160000	42.044796	0.0	25885372	488	160.0
1606495713.48	160000	42.333366	0.0	26242011	567	160.0
1606495714.18	160000	42.629131	0.0	23865378	556	160.0
1606495714.91	160000	42.900992	0.0	25470681	583	160.0
1606495715.67	160000	43.144147	0.0	27258768	591	160.0
1606495716.14	160000	43.677537	0.0	17853711	363	160.0
1606495716.52	160000	44.290957	0.0	14829893	303	160.0
1606495717.28	160000	44.540193	0.0	27779697	594	160.0
1606495718.01	160000	44.812475	0.0	27714923	577	160.0
1606495718.68	160000	45.138025	0.0	25946474	519	160.0
1606495719.18	160000	45.644727	0.0	19596259	382	160.0
1606495719.76	160000	46.056824	0.0	23774167	457	160.0
1606495720.22	160000	46.600238	0.0	19373656	345	160.0
1606495720.79	160000	47.035515	0.0	23977420	426	160.0
1606495721.37	160000	47.459029	0.0	24493733	434	160.0
1606495721.71	160000	48.116187	0.0	14528511	258	160.0
1606495722.12	160000	48.714041	0.0	16841176	301	160.0
1606495722.52	160000	49.306905	0.0	16743604	299	160.0
1606495722.92	160000	49.911115	0.0	17975224	294	160.0
1606495723.39	160000	50.436643	0.0	22329548	347	160.0
1606495723.76	160000	51.074228	0.0	16001583	259	160.0
1606495724.14	160000	51.689896	0.0	18238584	279	160.0
1606495724.59	160000	52.245582	0.0	21308824	319	160.0
1606495724.96	160000	52.875421	0.0	17749058	271	160.0
1606495725.25	160000	53.581913	0.0	14127787	217	160.0
1606495725.62	160000	54.217073	0.0	17525699	269	160.0
1606495725.91	160000	54.925775	0.0	14240042	201	160.0
1606495726.31	160000	55.524398	0.0	20324139	286	160.0
1606495726.76	160000	56.079528	0.0	21993033	309	160.0
1606495727.12	160000	56.718678	0.0	18863108	243	160.0
1606495727.44	160000	57.401917	0.0	15964734	220	160.0
1606495727.6	160000	58.244717	0.0	8284939	106	160.0
1606495727.77	160000	59.074309	0.0	9004706	114	160.0
1606495727.91	160000	59.932561	0.0	6955279	87	160.0
1606495729.11	160000	59.738294	0.0	10701639	133	160.0
1606495730.32	160000	59.739299	0.0	9459459	144	160.0
1606495730.89	160000	59.990294	0.0	3212828	47	160.0
1606495731.95	160000	59.991213	0.0	2509989	36	160.0
1606495733.07	160000	59.992209	0.0	2004927	90	160.0
1606495734.13	160000	59.743196	0.0	591360	45	160.0
1606495735.84	160000	59.678067	0.0	2394426	181	160.0
1606495736.04	40000	1.000999	0.026	337339	5	-4.159999999999997
1606495736.45	40000	1.977453	0.0	14648397	239	40.0
1606495736.97	60000	2.459118	0.0	20421673	351	40.0
1606495737.29	60000	3.133556	0.0	13063186	246	60.0
1606495737.52	60000	3.907218	0.0	8954217	168	60.0
1606495737.81	80000	4.618595	0.0	11497228	217	60.0
1606495737.98	80000	5.510193	0.0	6232523	121	80.0
1606495738.12	80000	6.43233	0.0	5425476	103	80.0
1606495738.94	80000	6.638965	0.0	29583867	575	80.0
1606495739.54	110000	7.065246	0.0	28884539	423	80.0
1606495740.11	110000	7.532639	0.0	26873304	420	110.0
1606495740.86	110000	7.79856	0.0	33588177	559	110.0
1606495741.76	110000	7.902326	0.0	25684661	752	110.0
1606495742.76	110000	7.899897	0.0	10838546	930	110.0
1606495744.08	160000	7.58675	0.0	22224402	1179	110.0
1606495744.75	160000	7.919524	0.0	22578365	529	160.0
1606495744.99	160000	8.679785	0.0	8346702	185	160.0
1606495745.43	160000	9.234029	0.0	15775481	348	160.0
1606495745.7	160000	9.970215	0.0	9163235	198	160.0
1606495746.88	160000	9.792675	0.0	41307095	896	160.0
1606495747.61	160000	10.063073	0.0	28763893	563	160.0
1606495748.15	160000	10.522399	0.0	21266416	406	160.0
1606495748.73	160000	10.94304	0.0	23702229	445	160.0
1606495749.41	160000	11.263387	0.0	27580394	528	160.0
1606495749.93	160000	11.741053	0.0	20329780	389	160.0
1606495750.35	160000	12.321652	0.0	16109183	325	160.0
1606495752.84	160000	10.83883	0.0	58830800	2011	160.0
1606495756.68	160000	8.003515	0.0	66935122	3467	160.0
1606495757.95	160000	7.725756	0.0	15251076	1185	160.0
1606495758.72	160000	7.962975	0.0	16574034	666	160.0
1606495759.2	160000	8.475272	0.0	13009028	414	160.0
1606495759.65	160000	9.031239	0.0	12791674	371	160.0
1606495760.01	160000	9.670302	0.0	11137898	294	160.0
1606495760.33	160000	10.353694	0.0	11485310	250	160.0
1606495760.67	160000	11.015773	0.0	12428518	266	160.0
1606495760.95	160000	11.737213	0.0	9963766	220	160.0
1606495761.38	160000	12.300777	0.0	12189364	366	160.0
1606495761.75	160000	12.936113	0.0	10142396	305	160.0
1606495762.09	160000	13.59966	0.0	10185488	271	160.0
1606495762.52	160000	14.171304	0.0	14061455	348	160.0
1606495763.28	160000	14.411248	0.0	20074099	641	160.0
1606495766.01	160000	12.683981	0.0	46115254	2473	160.0
1606495768.7	160000	10.995246	0.0	40906522	2452	160.0
1606495769.27	160000	11.422854	0.0	7891151	523	160.0
1606495771.06	160000	10.63431	0.0	21012466	1669	160.0
1606495773.22	160000	9.476237	0.0	23519424	2026	160.0
1606495775.46	160000	8.231324	0.0	18715420	2137	160.0
1606495776.73	160000	7.970059	0.0	17000816	1159	160.0
1606495777.94	160000	7.757724	0.0	14448126	1126	160.0
1606495778.19	160000	8.511812	0.0	6958676	198	160.0
1606495778.48	160000	9.21739	0.0	9088791	236	160.0
1606495778.72	160000	9.981513	0.0	7211881	188	160.0
1606495778.83	160000	10.873976	0.0	3063586	79	160.0
1606495778.93	160000	11.775825	0.0	2782179	73	160.0
1606495779.26	160000	12.445118	0.0	9958410	270	160.0
1606495779.66	160000	13.042628	0.0	12158708	332	160.0
1606495781.07	160000	12.632605	0.0	12300216	1337	160.0
1606495781.92	160000	12.791701	0.0	15815684	746	160.0
1606495782.79	160000	12.922692	0.0	13526256	794	160.0
1606495783.68	160000	13.030337	0.0	11995130	823	160.0
1606495784.23	160000	13.482943	0.0	13394791	471	160.0
1606495784.55	160000	14.161855	0.0	14135828	239	160.0
