1606445541.07	40000	1.000999	0.177	334476	164	-28.32
1606445546.9	160000	1.234573	4.684	14912671	5595	-709.44
1606445550.51	20000	1.344662	2.69	8849724	3486	-550.4
1606445551.51	20000	1.376239	0.0	3191121	898	20.0
1606445552.65	20000	1.260024	0.023	1661718	1052	16.32
1606445553.84	20000	1.283258	0.216	1315024	1107	-14.560000000000002
1606445554.13	40000	1.998274	0.0	1987360	187	20.0
1606445554.28	20000	2.844697	0.0	730082	68	0.0
1606445554.77	20000	3.363242	0.0	4047415	384	20.0
1606445555.07	20000	4.060006	0.0	2863079	211	20.0
1606445555.48	20000	4.64646	0.0	4167844	306	20.0
1606445556.0	20000	5.131197	0.0	5571764	411	20.0
1606445556.47	20000	5.664266	0.0	4925652	363	20.0
1606445556.86	40000	6.276023	0.0	3829326	286	20.0
1606445557.31	40000	6.824467	0.0	4447520	349	40.0
1606445557.77	40000	7.366224	0.0	4548277	358	40.0
1606445558.46	80000	7.675152	0.0	3201928	592	40.0
1606445558.75	20000	8.385112	0.0	1113969	203	-40.0
1606445558.95	20000	9.189162	0.0	820127	113	20.0
1606445559.94	20000	9.194862	0.0	6357933	883	20.0
1606445560.66	20000	9.47601	0.0	4814284	617	20.0
1606445561.17	20000	9.970479	0.0	3419258	410	20.0
1606445565.46	160000	6.680051	0.0	23702229	4024	20.0
1606445566.7	80000	6.443133	0.0	14862949	1079	0.0
1606445567.69	80000	6.451292	0.0	10513690	860	80.0
1606445568.34	60000	6.804483	0.0	6391364	527	40.0
1606445569.47	20000	6.683472	0.0	9946363	984	-20.0
1606445570.88	20000	6.268525	0.0	11684632	1273	20.0
1606445571.16	20000	6.993245	0.0	1849732	187	20.0
1606445571.65	40000	7.50353	0.0	3854472	392	20.0
1606445572.41	80000	7.742362	0.0	6381056	648	40.0
1606445573.77	160000	7.381925	0.0	12791674	1209	80.0
1606445575.75	160000	6.40631	0.0	11137898	1842	160.0
1606445577.25	160000	5.902842	0.0	11485310	1371	160.0
1606445578.63	160000	5.525753	0.0	12428518	1234	160.0
1606445580.49	160000	4.666398	0.0	9963766	1733	160.0
1606445582.55	160000	3.603749	0.0	12189364	1921	160.0
1606445583.51	160000	3.652011	0.0	10142396	824	160.0
1606445584.49	160000	3.665272	0.0	10185488	854	160.0
1606445585.8	160000	3.361479	0.0	14061455	1159	160.0
1606445587.64	160000	2.515618	0.0	20074099	1663	160.0
1606445588.13	20000	3.033403	0.0	4742872	372	-120.0
1606445588.69	20000	3.481614	0.0	4955535	445	20.0
1606445589.06	60000	4.106807	0.0	3174755	265	20.0
1606445590.73	160000	3.436218	0.0	21012466	1475	60.0
1606445592.55	160000	2.613212	0.0	23519424	1623	160.0
1606445594.05	160000	2.120801	0.0	18715420	1314	160.0
1606445595.39	160000	1.781324	0.0	17000816	1167	160.0
1606445596.53	160000	1.641886	0.0	14448126	984	160.0
1606445597.25	160000	1.916518	0.0	6958676	612	160.0
1606445598.16	160000	2.011604	0.0	9088791	778	160.0
1606445598.84	160000	2.327492	0.0	7211881	573	160.0
1606445599.17	160000	3.006487	0.0	3063586	230	160.0
1606445599.46	160000	3.716151	0.0	2782179	201	160.0
1606445600.38	160000	3.800267	0.0	9958410	788	160.0
1606445601.62	160000	3.559543	0.0	12158708	1099	160.0
1606445602.72	160000	3.45853	0.0	12300216	962	160.0
1606445604.0	160000	3.18012	0.0	15815684	1123	160.0
1606445605.23	160000	2.952501	0.0	13526256	1087	160.0
1606445606.37	160000	2.814261	0.0	11995130	1005	160.0
1606445607.52	160000	2.659297	0.0	13394791	1013	160.0
1606445608.85	160000	2.331417	0.0	14135828	1186	160.0
1606445610.16	160000	2.019873	0.0	15366126	1157	160.0
1606445611.49	160000	1.696556	0.0	14248439	1172	160.0
1606445612.87	160000	1.318818	0.0	13843717	1231	160.0
1606445614.28	160000	1.308668	0.401	14665119	1269	95.84
1606445615.34	80000	1.460853	0.208	10395993	926	-33.28
1606445616.34	80000	1.461563	0.0	12476436	857	80.0
1606445617.33	80000	1.470477	0.0	10883852	860	80.0
1606445618.63	80000	1.414967	0.25	13889966	1166	40.0
1606445619.72	80000	1.423589	0.091	12943936	947	65.44
1606445620.72	110000	1.424139	0.0	11843178	859	80.0
1606445621.64	110000	1.499392	0.0	10916331	793	110.0
1606445622.77	110000	1.378223	0.0	12021075	981	110.0
1606445623.81	110000	1.335514	0.0	11809774	906	110.0
1606445624.67	80000	1.480257	0.0	10111273	722	50.0
1606445625.52	20000	1.623068	0.0	9620218	726	-40.0
1606445626.18	60000	1.969629	0.0	6659174	540	20.0
1606445627.45	80000	1.700804	0.0	12877164	1124	60.0
1606445629.76	160000	1.263099	0.877	23982306	2118	-60.31999999999999
1606445631.58	160000	1.402153	0.952	13347845	1677	7.680000000000007
1606445632.84	160000	1.354846	0.216	14337991	1127	125.44
1606445633.88	160000	1.316217	0.0	14584990	892	160.0
1606445635.08	160000	1.322566	0.2	13962401	1057	128.0
1606445636.82	160000	1.273052	0.695	14393788	1610	48.8
1606445638.7	110000	1.46863	1.076	10023423	1760	-112.16
1606445643.47	110000	1.296386	3.592	8908280	4641	-464.72
1606445643.96	60000	1.804803	0.0	4637025	383	10.0
1606445644.44	60000	2.328116	0.0	4630741	372	60.0
1606445645.11	60000	2.659178	0.0	7197388	556	60.0
1606445646.14	60000	2.632859	0.0	8482578	904	60.0
1606445646.45	20000	3.315213	0.0	1895098	228	-20.0
1606445646.79	20000	3.981173	0.0	1939135	247	20.0
1606445647.11	20000	4.658816	0.0	1842874	235	20.0
1606445647.53	20000	5.240255	0.0	2235830	328	20.0
1606445647.98	20000	5.79183	0.0	2202171	358	20.0
1606445648.45	20000	6.325403	0.0	2242042	377	20.0
1606445648.73	20000	7.042436	0.0	1081763	198	20.0
1606445649.27	20000	7.506313	0.0	2409013	444	20.0
1606445651.33	160000	6.44603	0.0	12839336	1920	20.0
1606445652.6	160000	6.180881	0.0	10779770	1134	160.0
1606445653.66	110000	6.1159	0.0	9761239	939	60.0
1606445655.33	80000	5.451594	0.0	22955881	1466	50.0
1606445656.87	80000	4.915718	0.0	19576633	1353	80.0
1606445657.86	160000	4.925208	0.0	14347759	838	80.0
1606445658.67	160000	5.115287	0.0	11399187	680	160.0
1606445659.79	160000	4.995183	0.0	10358641	992	160.0
1606445662.91	160000	2.871397	0.0	14315696	2971	160.0
1606445664.94	160000	1.842054	0.0	23283631	1829	160.0
1606445666.59	60000	1.410229	0.215	16684805	1493	-74.4
1606445666.92	20000	2.083382	0.0	3278424	227	-20.0
1606445667.17	20000	2.833206	0.0	2318501	160	20.0
1606445667.43	20000	3.570987	0.0	2473561	171	20.0
1606445667.64	20000	4.366756	0.0	1730311	116	20.0
1606445667.82	20000	5.182253	0.0	1455812	98	20.0
1606445668.11	20000	5.895624	0.0	2869222	193	20.0
1606445669.65	110000	5.363639	0.0	17875878	1357	20.0
1606445677.75	160000	1.3412	3.077	25885372	7892	-382.32
1606445678.03	20000	2.055835	0.0	2998622	189	-120.0
1606445678.31	20000	2.77695	0.0	2928342	185	20.0
1606445678.54	20000	3.549546	0.0	3059979	133	20.0
1606445678.7	20000	4.391397	0.0	3367422	61	20.0
1606445678.83	20000	5.266151	0.0	1950694	35	20.0
1606445678.94	20000	6.151265	0.0	1541020	28	20.0
1606445679.1	20000	7.005733	0.0	2926720	53	20.0
1606445679.25	20000	7.849969	0.0	2991202	51	20.0
1606445679.4	20000	8.70109	0.0	3002106	54	20.0
1606445679.52	20000	9.577283	0.0	2015412	35	20.0
1606445679.65	20000	10.449789	0.0	2894863	36	20.0
1606445679.76	20000	11.334072	0.0	2185316	26	20.0
1606445679.9	20000	12.196066	0.0	3370605	42	20.0
1606445680.04	20000	13.057315	0.0	3492243	41	20.0
1606445680.15	20000	13.95631	0.0	1307592	15	20.0
1606445680.26	20000	14.84451	0.0	1881404	23	20.0
1606445680.37	20000	15.735681	0.0	1806471	22	20.0
1606445680.48	20000	16.623467	0.0	1945842	24	20.0
1606445680.6	20000	17.502796	0.0	2538877	30	20.0
1606445680.72	20000	18.386507	0.0	2298557	27	20.0
1606445680.89	40000	19.216836	0.0	5339294	61	20.0
1606445681.08	40000	20.034222	0.0	6235334	71	40.0
1606445681.23	40000	20.880621	0.0	4653534	54	40.0
1606445681.36	40000	21.748257	0.0	3314391	37	40.0
1606445681.51	40000	22.605688	0.0	4039495	46	40.0
1606445681.7	60000	23.418575	0.0	4926138	77	40.0
1606445681.99	80000	24.127722	0.0	9962942	156	60.0
1606445682.37	110000	24.74148	0.0	15054391	236	80.0
1606445682.7	110000	25.418236	0.0	12467336	186	110.0
1606445683.1	160000	26.020032	0.0	15964734	237	110.0
1606445683.34	160000	26.781729	0.0	8284939	121	160.0
1606445683.59	160000	27.526926	0.0	9004706	137	160.0
1606445683.85	160000	28.26696	0.0	6955279	148	160.0
1606445684.21	160000	28.910089	0.0	10701639	227	160.0
1606445684.54	160000	29.586536	0.0	9459459	200	160.0
1606445684.75	160000	30.369967	0.0	3212828	125	160.0
1606445684.94	160000	31.188364	0.0	2509989	97	160.0
1606445685.08	160000	32.045019	0.0	2004927	79	160.0
1606445685.15	160000	32.972652	0.0	591360	22	160.0
1606445685.3	160000	34.265698	0.0	2394426	93	160.0
1606445685.63	40000	1.000999	0.025	336477	13	-4.0
1606445686.46	160000	1.447165	0.0	14912671	620	40.0
1606445689.68	160000	1.424177	2.162	24265636	2956	-185.92000000000002
1606445697.12	160000	1.41421	6.472	22711544	7251	-875.52
1606445698.67	40000	1.306505	0.377	4726840	1438	-140.32
1606445699.02	40000	1.963083	0.0	3421740	250	40.0
1606445699.25	40000	2.727029	0.0	1987360	144	40.0
1606445699.51	40000	3.474118	0.0	2185110	158	40.0
1606445699.94	20000	4.051347	0.0	4047415	315	0.0
1606445700.26	20000	4.728867	0.0	2863079	224	20.0
1606445700.68	20000	5.304585	0.0	4167844	322	20.0
1606445701.16	20000	5.824477	0.0	5571764	373	20.0
1606445701.6	20000	6.390448	0.0	4925652	329	20.0
1606445702.01	20000	6.98383	0.0	2030157	317	20.0
1606445702.45	20000	7.544054	0.0	2240782	351	20.0
1606445704.69	60000	6.300231	0.0	7016601	2123	20.0
1606445707.83	80000	4.161639	0.0	3201928	3032	60.0
1606445708.41	80000	4.586084	0.0	6731501	464	80.0
1606445708.84	80000	5.150633	0.0	4543558	333	80.0
1606445709.47	20000	5.526282	0.0	6357933	510	-40.0
1606445710.03	20000	5.967823	0.0	4814284	456	20.0
1606445710.48	20000	6.520462	0.0	3419258	352	20.0
1606445710.94	20000	7.058402	0.0	3944328	362	20.0
1606445711.41	20000	7.584466	0.0	4284196	372	20.0
1606445711.77	20000	8.233343	0.0	3022025	256	20.0
1606445712.04	20000	8.961159	0.0	2248581	181	20.0
1606445713.01	20000	8.991559	0.0	9946363	843	20.0
