1606451058.38	40000	1.000999	0.042	334476	24	-6.719999999999999
1606451059.64	40000	1.343721	0.251	14648397	1117	-0.1599999999999966
1606451061.39	60000	1.324446	0.705	20421673	1602	-72.8
1606451062.5	60000	1.422071	0.187	13063186	1032	30.08
1606451063.23	60000	1.721182	0.0	8954217	668	60.0
1606451064.45	80000	1.510674	0.0	11497228	1155	60.0
1606451065.02	80000	1.950971	0.0	6232523	520	80.0
1606451065.5	80000	2.471095	0.0	5425476	443	80.0
1606451068.13	80000	1.256892	0.416	29583867	2408	13.439999999999998
1606451070.73	110000	1.482958	1.824	28884539	2447	-211.83999999999997
1606451072.99	110000	1.284954	1.062	26873304	2121	-59.91999999999999
1606451075.72	110000	1.370139	1.816	33588177	2568	-180.56
1606451077.03	110000	1.436986	0.378	25684661	1185	49.52
1606451077.77	110000	1.696806	0.0	10838546	671	110.0
1606451079.72	160000	1.316537	0.572	22224402	1833	18.480000000000004
1606451082.09	160000	1.360184	1.413	22578365	2251	-66.08000000000001
1606451083.02	160000	1.436252	0.0	8346702	872	160.0
1606451084.05	160000	1.409061	0.0	15775481	934	160.0
1606451084.59	160000	1.870848	0.0	9163235	481	160.0
1606451087.1	160000	1.306368	0.95	41307095	2252	8.0
1606451092.06	160000	1.260353	3.909	28763893	4808	-465.44000000000005
1606451093.89	160000	1.420519	0.991	21266416	1717	1.4399999999999977
1606451096.04	160000	1.412626	1.141	23702229	2038	-22.560000000000002
1606451098.27	160000	1.305238	1.118	27580394	2090	-18.879999999999995
1606451099.98	160000	1.424478	0.826	20329780	1594	27.840000000000003
1606451101.26	160000	1.496757	0.354	16109183	1200	103.36
1606451105.88	160000	1.346885	3.471	58830800	4206	-395.36
1606451111.26	160000	1.329534	4.356	66935122	5055	-536.96
1606451112.48	160000	1.43657	0.328	15251076	1148	107.52000000000001
1606451113.95	160000	1.265548	0.301	16574034	1385	111.84
1606451115.01	160000	1.318417	0.109	13009028	990	142.56
1606451116.02	160000	1.419313	0.114	12791674	950	141.76
1606451116.97	160000	1.475927	0.0	11137898	877	160.0
1606451117.95	160000	1.498864	0.0	11485310	911	160.0
1606451118.92	160000	1.525244	0.0	12428518	901	160.0
1606451119.71	160000	1.731487	0.0	9963766	735	160.0
1606451120.65	160000	1.793713	0.0	12189364	869	160.0
1606451121.74	160000	1.705918	0.0	10142396	1028	160.0
1606451122.71	160000	1.743108	0.0	10185488	903	160.0
1606451123.77	160000	1.684239	0.0	14061455	979	160.0
1606451125.46	160000	1.300848	0.307	20074099	1589	110.88
1606451129.22	160000	1.359677	2.82	46115254	3536	-291.2
1606451132.41	160000	1.430885	2.257	40906522	2979	-201.12
1606451133.12	160000	1.720706	0.0	7891151	660	160.0
1606451134.98	160000	1.440189	0.584	21012466	1760	66.56
1606451136.9	160000	1.276123	0.747	23519424	1793	40.480000000000004
1606451138.38	160000	1.274221	0.483	18715420	1390	82.72
1606451139.64	160000	1.261594	0.246	17000816	1166	120.64
1606451140.81	160000	1.25903	0.158	14448126	1079	134.72
1606451141.4	160000	1.661656	0.0	6958676	553	160.0
1606451142.18	160000	1.886841	0.0	9088791	722	160.0
1606451142.82	160000	2.250962	0.0	7211881	593	160.0
1606451143.14	160000	2.925222	0.0	3063586	300	160.0
1606451143.44	160000	3.627296	0.0	2782179	272	160.0
1606451144.26	160000	3.806822	0.0	9958410	759	160.0
1606451145.21	160000	3.865508	0.0	12158708	870	160.0
1606451146.14	160000	3.929329	0.0	12300216	865	160.0
1606451147.32	160000	3.749288	0.0	15815684	1087	160.0
1606451148.34	160000	3.733242	0.0	13526256	944	160.0
1606451149.23	160000	3.84759	0.0	11995130	816	160.0
1606451150.38	160000	3.698681	0.0	13394791	1069	160.0
1606451151.61	160000	3.471341	0.0	14135828	1152	160.0
1606451152.94	160000	3.138735	0.0	15366126	1248	160.0
1606451154.2	160000	2.881111	0.0	14248439	1177	160.0
1606451155.28	160000	2.797283	0.0	13843717	1010	160.0
1606451156.41	160000	2.675603	0.0	14665119	1037	160.0
1606451157.79	160000	2.290575	0.0	21079187	1266	160.0
1606451159.22	160000	1.86355	0.0	25480074	1287	160.0
1606451160.3	160000	1.788647	0.0	23021754	941	160.0
1606451161.34	160000	1.744321	0.0	27527834	890	160.0
1606451162.3	160000	1.785131	0.0	26155848	795	160.0
1606451162.98	160000	2.107964	0.0	17849379	574	160.0
1606451163.64	160000	2.445621	0.0	16546531	563	160.0
1606451164.26	160000	2.828453	0.0	17718949	508	160.0
1606451164.84	160000	3.255856	0.0	17337137	464	160.0
1606451165.36	160000	3.730826	0.0	20008245	411	160.0
1606451166.76	160000	3.334656	0.0	58430914	1071	160.0
1606451167.12	160000	3.973978	0.0	16292703	256	160.0
1606451167.66	160000	4.43824	0.0	25587422	394	160.0
1606451168.11	160000	4.983171	0.0	23982306	321	160.0
1606451168.35	160000	5.748292	0.0	13347845	157	160.0
1606451168.6	160000	6.502335	0.0	14337991	167	160.0
1606451168.85	160000	7.245886	0.0	14584990	171	160.0
1606451169.08	160000	8.016225	0.0	13962401	149	160.0
1606451169.32	160000	8.785633	0.0	14393788	149	160.0
1606451169.55	160000	9.550092	0.0	14649457	151	160.0
1606451169.77	160000	10.334377	0.0	13409715	139	160.0
1606451169.98	160000	11.120315	0.0	13909605	138	160.0
1606451170.19	160000	11.913596	0.0	13301968	132	160.0
1606451170.49	160000	12.617721	0.0	19025846	182	160.0
1606451170.79	160000	13.316849	0.0	19295426	185	160.0
1606451171.08	160000	14.026574	0.0	18261873	185	160.0
1606451171.4	160000	14.708714	0.0	19847604	206	160.0
1606451171.7	160000	15.406364	0.0	18767181	195	160.0
1606451172.12	160000	15.991033	0.0	22420858	289	160.0
1606451172.57	160000	16.544099	0.0	19324333	333	160.0
1606451173.03	160000	17.087134	0.0	20392234	343	160.0
1606451173.18	160000	17.928788	0.0	7671072	112	160.0
1606451173.55	160000	18.569609	0.0	17781906	259	160.0
1606451173.82	160000	19.308374	0.0	12839336	188	160.0
1606451174.02	160000	20.097815	0.0	10779770	141	160.0
1606451174.28	160000	20.839786	0.0	14606687	180	160.0
1606451175.04	160000	21.075763	0.0	41866951	516	160.0
1606451176.34	160000	20.779473	0.0	37238410	1072	160.0
1606451176.86	160000	21.259328	0.0	14347759	438	160.0
1606451177.14	160000	21.978356	0.0	11399187	215	160.0
1606451177.41	160000	22.712226	0.0	10358641	202	160.0
1606451177.75	160000	23.372067	0.0	14315696	260	160.0
1606451178.3	160000	23.823913	0.0	23283631	418	160.0
1606451179.21	160000	23.914142	0.0	37521367	691	160.0
1606451179.84	160000	24.291245	0.0	22241104	497	160.0
1606451187.39	160000	17.734315	0.0	15813346	7455	160.0
1606451189.15	160000	16.981809	0.0	17116450	1650	160.0
1606451190.72	160000	16.411762	0.0	18867054	1461	160.0
1606451192.13	160000	16.004941	0.0	17393609	1305	160.0
1606451194.36	160000	14.773157	0.0	24759401	2092	160.0
1606451196.5	160000	13.632275	0.0	25782433	1994	160.0
1606451198.64	160000	12.495947	0.0	25885372	1974	160.0
1606451201.04	160000	11.092619	0.0	26242011	2259	160.0
1606451204.04	160000	9.093447	0.0	23865378	2846	160.0
1606451206.36	160000	7.776631	0.0	25470681	2171	160.0
1606451210.13	160000	5.004818	0.0	27258768	3597	160.0
1606451214.72	160000	1.449611	0.034	17853711	4477	154.56
1606451215.97	160000	1.262826	0.045	14829893	1154	152.8
1606451222.65	160000	1.308929	5.732	27779697	6537	-757.12
1606451224.79	160000	1.291766	1.113	27714923	1994	-18.080000000000013
1606451226.25	160000	1.405832	0.582	25946474	1341	66.88
1606451227.0	160000	1.665797	0.0	19596259	625	160.0
1606451227.91	160000	1.747243	0.0	23774167	782	160.0
1606451228.73	160000	1.934332	0.0	19373656	689	160.0
1606451229.77	160000	1.89074	0.0	23977420	902	160.0
1606451231.16	160000	1.502787	0.0	24493733	1250	160.0
1606451232.11	160000	1.55111	0.0	14528511	868	160.0
1606451234.0	160000	1.461591	0.792	16841176	1794	33.28
1606451235.77	160000	1.288247	0.597	16743604	1684	64.48
1606451236.49	160000	1.569047	0.0	17975224	614	160.0
1606451237.12	160000	1.940165	0.0	22329548	499	160.0
1606451237.98	160000	2.08029	0.0	16001583	765	160.0
1606451242.68	160000	1.389475	3.005	18238584	4605	-320.8
1606451244.26	160000	1.395081	0.582	21308824	1467	66.88
1606451245.72	160000	1.478426	0.544	17749058	1369	72.96
1606451246.94	160000	1.258434	0.0	14127787	1147	160.0
1606451248.49	160000	1.274269	0.563	17525699	1458	69.92
1606451249.69	160000	1.323904	0.25	14240042	1128	120.0
1606451251.24	160000	1.340251	0.565	20324139	1447	69.6
1606451252.98	160000	1.405907	0.81	21993033	1637	30.400000000000006
1606451254.68	160000	1.467321	0.761	18863108	1600	38.239999999999995
1606451256.05	160000	1.479378	0.376	15964734	1280	99.84
1606451256.75	160000	1.779103	0.0	8284939	647	160.0
1606451257.53	160000	1.999555	0.0	9004706	725	160.0
1606451258.1	160000	2.438373	0.0	6955279	519	160.0
1606451258.85	160000	2.679363	0.0	10701639	683	160.0
1606451259.46	160000	3.067542	0.0	9459459	553	160.0
1606451259.69	160000	3.842366	0.0	3212828	200	160.0
1606451259.87	160000	4.662846	0.0	2509989	155	160.0
1606451260.02	160000	5.518094	0.0	2004927	125	160.0
1606451260.07	160000	6.468869	0.0	591360	36	160.0
1606451260.24	160000	7.731684	0.0	2394426	148	160.0
1606451260.5	40000	1.000999	0.052	334476	18	-8.32
1606451261.59	40000	1.363573	0.14	14648397	964	17.6
1606451262.77	60000	1.443573	0.226	20421673	1017	3.8400000000000034
1606451263.31	60000	1.934258	0.0	13063186	443	60.0
1606451263.66	60000	2.58261	0.0	8954217	296	60.0
1606451264.13	80000	3.134422	0.0	11497228	376	60.0
1606451264.38	80000	3.914909	0.0	6232523	204	80.0
1606451264.68	80000	4.617356	0.0	5425476	262	80.0
1606451267.07	80000	3.247132	0.0	29583867	2144	80.0
1606451269.39	110000	1.9259	0.0	28884539	2146	80.0
1606451272.37	110000	1.324915	1.381	26873304	2846	-110.96000000000001
1606451273.85	110000	1.455266	0.603	33588177	1306	13.519999999999996
1606451274.78	110000	1.523069	0.0	25684661	776	110.0
1606451275.22	110000	2.08096	0.0	10838546	375	110.0
1606451276.18	160000	2.126903	0.0	22224402	819	110.0
1606451277.9	160000	1.400802	0.0	22578365	1596	160.0
1606451278.62	160000	1.689505	0.0	8346702	659	160.0
1606451279.96	160000	1.346519	0.0	15775481	1249	160.0
1606451280.69	160000	1.620631	0.0	9163235	670	160.0
1606451283.96	160000	1.315856	1.972	41307095	3025	-155.51999999999998
1606451286.22	160000	1.288406	1.226	28763893	2111	-36.16
1606451287.94	160000	1.267271	0.703	21266416	1601	47.519999999999996
