1606481734.51	40000	1.000999	0.015	334476	4	-2.3999999999999986
1606481734.85	40000	1.964349	0.0	14648397	175	40.0
1606481735.26	60000	2.662684	0.0	20421673	245	40.0
1606481736.22	60000	2.705677	0.0	13063186	877	60.0
1606481736.96	60000	2.991573	0.0	8954217	691	60.0
1606481737.74	80000	3.283511	0.0	11497228	698	60.0
1606481738.1	80000	3.949062	0.0	6232523	317	80.0
1606481738.41	80000	4.642459	0.0	5425476	271	80.0
1606481740.07	80000	3.993225	0.0	29583867	1418	80.0
1606481742.69	110000	2.381566	0.0	28884539	2436	80.0
1606481744.64	110000	1.493181	0.06	26873304	1796	100.4
1606481745.58	110000	1.554548	0.0	33588177	747	110.0
1606481746.54	110000	1.593734	0.0	25684661	813	110.0
1606481747.36	110000	1.77688	0.0	10838546	748	110.0
1606481750.5	160000	1.391076	1.756	22224402	3019	-170.95999999999998
1606481752.75	160000	1.398052	1.258	22578365	2139	-41.28
1606481755.74	160000	1.407894	1.995	8346702	2941	-159.2
1606481757.22	160000	1.404674	0.476	15775481	1398	83.84
1606481758.0	160000	1.622793	0.0	9163235	725	160.0
1606481759.76	160000	1.383355	0.52	41307095	1507	76.8
1606481760.65	160000	1.494108	0.0	28763893	724	160.0
1606481761.08	160000	2.064154	0.0	21266416	290	160.0
1606481761.54	160000	2.605549	0.0	23702229	323	160.0
1606481761.99	160000	3.161628	0.0	27580394	286	160.0
1606481762.32	160000	3.826571	0.0	20329780	201	160.0
1606481762.58	160000	4.573497	0.0	16109183	160	160.0
1606481763.66	160000	4.496274	0.0	58830800	616	160.0
1606481768.81	160000	1.321343	0.983	66935122	4837	2.719999999999999
1606481769.77	160000	1.369588	0.0	15251076	854	160.0
1606481770.33	160000	1.811479	0.0	16574034	459	160.0
1606481770.68	160000	2.456325	0.0	13009028	283	160.0
1606481770.97	160000	3.164438	0.0	12791674	202	160.0
1606481771.22	160000	3.918776	0.0	11137898	177	160.0
1606481771.47	160000	4.670423	0.0	11485310	182	160.0
1606481771.75	160000	5.39635	0.0	12428518	203	160.0
1606481771.97	160000	6.174781	0.0	9963766	164	160.0
1606481772.24	160000	6.906479	0.0	12189364	201	160.0
1606481772.46	160000	7.683293	0.0	10142396	167	160.0
1606481772.69	160000	8.459993	0.0	10185488	167	160.0
1606481773.0	160000	9.15175	0.0	14061455	230	160.0
1606481773.43	160000	9.716177	0.0	20074099	327	160.0
1606481774.34	160000	9.809108	0.0	46115254	651	160.0
1606481775.29	160000	9.862516	0.0	40906522	715	160.0
1606481775.49	160000	10.657993	0.0	7891151	152	160.0
1606481776.93	160000	10.228797	0.0	21012466	1307	160.0
1606481777.8	160000	10.351469	0.0	23519424	741	160.0
1606481778.16	160000	10.998532	0.0	18715420	246	160.0
1606481778.48	160000	11.67977	0.0	17000816	224	160.0
1606481778.74	160000	12.419764	0.0	14448126	177	160.0
1606481778.86	160000	13.293652	0.0	6958676	81	160.0
1606481779.03	160000	14.129653	0.0	9088791	105	160.0
1606481779.16	160000	14.997726	0.0	7211881	83	160.0
1606481779.22	160000	15.936733	0.0	3063586	35	160.0
1606481779.28	160000	16.880104	0.0	2782179	32	160.0
1606481779.46	160000	17.707075	0.0	9958410	116	160.0
1606481779.71	160000	18.452744	0.0	12158708	186	160.0
1606481780.1	160000	19.068631	0.0	12300216	308	160.0
1606481780.58	160000	19.590034	0.0	15815684	389	160.0
1606481781.44	160000	19.725203	0.0	13526256	791	160.0
1606481783.59	160000	18.582329	0.0	11995130	2072	160.0
1606481786.16	160000	17.005884	0.0	13394791	2500	160.0
1606481787.83	160000	16.34149	0.0	14135828	1583	160.0
1606481788.92	160000	16.249907	0.0	15366126	1007	160.0
1606481789.71	160000	16.458961	0.0	14248439	712	160.0
1606481793.81	160000	13.371121	0.0	13843717	4009	160.0
1606481795.11	160000	13.063199	0.0	14665119	1212	160.0
1606481796.92	160000	12.262928	0.0	21079187	1684	160.0
1606481799.12	160000	11.059203	0.0	25480074	2050	160.0
1606481800.55	160000	10.629974	0.0	23021754	1290	160.0
1606481801.95	160000	10.223651	0.0	27527834	1248	160.0
1606481803.15	160000	10.026097	0.0	26155848	1046	160.0
1606481803.91	160000	10.273303	0.0	17849379	654	160.0
1606481804.44	160000	10.738003	0.0	16546531	440	160.0
1606481804.98	160000	11.203675	0.0	17718949	424	160.0
1606481805.43	160000	11.748779	0.0	17337137	357	160.0
1606481805.93	160000	12.250657	0.0	20008245	383	160.0
1606481807.17	160000	12.01702	0.0	58430914	916	160.0
1606481807.49	160000	12.697008	0.0	16292703	218	160.0
1606481807.96	160000	13.221799	0.0	25587422	336	160.0
1606481808.37	160000	13.823412	0.0	23982306	266	160.0
1606481808.6	160000	14.585488	0.0	13347845	148	160.0
1606481808.84	160000	15.349755	0.0	14337991	155	160.0
1606481809.07	160000	16.121137	0.0	14584990	142	160.0
1606481809.28	160000	16.906847	0.0	13962401	136	160.0
1606481809.51	160000	17.684906	0.0	14393788	141	160.0
1606481809.73	160000	18.461342	0.0	14649457	143	160.0
1606481809.94	160000	19.258706	0.0	13409715	124	160.0
1606481810.14	160000	20.057435	0.0	13909605	124	160.0
1606481810.33	160000	20.864388	0.0	13301968	118	160.0
1606481810.63	160000	21.568056	0.0	19025846	184	160.0
1606481810.9	160000	22.294939	0.0	19295426	163	160.0
1606481811.15	160000	23.046336	0.0	18261873	142	160.0
1606481811.43	160000	23.773135	0.0	19847604	152	160.0
1606481811.69	160000	24.513085	0.0	18767181	148	160.0
1606481811.98	160000	25.220965	0.0	22420858	167	160.0
1606481812.24	160000	25.958437	0.0	19324333	147	160.0
1606481812.51	160000	26.692074	0.0	20392234	151	160.0
1606481812.62	160000	27.587605	0.0	7671072	56	160.0
1606481812.85	160000	28.358281	0.0	17781906	130	160.0
1606481813.02	160000	29.184029	0.0	12839336	99	160.0
1606481813.17	160000	30.038957	0.0	10779770	81	160.0
1606481813.36	160000	30.846462	0.0	14606687	113	160.0
1606481813.93	160000	31.275669	0.0	41866951	329	160.0
1606481814.58	160000	31.630984	0.0	37238410	423	160.0
1606481814.83	160000	32.386922	0.0	14347759	163	160.0
1606481816.0	160000	32.215957	0.0	11399187	1102	160.0
1606481817.03	160000	32.185359	0.0	10358641	964	160.0
1606481818.37	160000	31.845145	0.0	14315696	1256	160.0
1606481820.0	160000	31.212548	0.0	23283631	1500	160.0
1606481820.68	160000	31.538526	0.0	37521367	450	160.0
1606481821.94	160000	31.282062	0.0	22241104	1126	160.0
1606481823.41	160000	30.814251	0.0	15813346	1374	160.0
1606481825.05	160000	30.174794	0.0	17116450	1541	160.0
1606481826.51	160000	29.715841	0.0	18867054	1349	160.0
1606481827.94	160000	29.287646	0.0	17393609	1327	160.0
1606481829.79	160000	28.435744	0.0	24759401	1713	160.0
1606481832.19	160000	27.039525	0.0	25782433	2257	160.0
1606481834.43	160000	25.800255	0.0	25885372	2082	160.0
1606481836.48	160000	24.750164	0.0	26242011	1902	160.0
1606481838.44	160000	23.789111	0.0	23865378	1813	160.0
1606481840.57	160000	22.65757	0.0	25470681	1988	160.0
1606481843.0	160000	21.228168	0.0	27258768	2262	160.0
1606481844.44	160000	20.79565	0.0	17853711	1326	160.0
1606481845.79	160000	20.43645	0.0	14829893	1276	160.0
1606481848.37	160000	18.859803	0.0	27779697	2407	160.0
1606481850.56	160000	17.675704	0.0	27714923	2039	160.0
1606481852.92	160000	16.314741	0.0	25946474	2211	160.0
1606481854.51	160000	15.727544	0.0	19596259	1469	160.0
1606481856.44	160000	14.796577	0.0	23774167	1794	160.0
1606481857.98	160000	14.259104	0.0	19373656	1422	160.0
1606481859.88	160000	13.35702	0.0	23977420	1763	160.0
1606481862.08	160000	12.155925	0.0	24493733	2063	160.0
1606481863.16	160000	12.084653	0.0	14528511	981	160.0
1606481864.57	160000	11.66836	0.0	16841176	1318	160.0
1606481865.92	160000	11.318191	0.0	16743604	1252	160.0
1606481867.46	160000	10.783834	0.0	17975224	1425	160.0
1606481869.21	160000	10.033098	0.0	22329548	1622	160.0
1606481870.71	160000	9.531367	0.0	16001583	1402	160.0
1606481872.5	160000	8.750792	0.0	18238584	1671	160.0
1606481874.06	160000	8.192169	0.0	21308824	1430	160.0
1606481875.48	160000	7.767085	0.0	17749058	1320	160.0
1606481876.73	160000	7.522625	0.0	14127787	1163	160.0
1606481878.16	160000	7.088021	0.0	17525699	1332	160.0
1606481879.29	160000	6.960367	0.0	14240042	1047	160.0
1606481881.26	160000	5.996777	0.0	20324139	1844	160.0
1606481890.83	160000	1.260283	3.842	21993033	9467	-454.72
1606481892.39	160000	1.346163	0.643	18863108	1456	57.120000000000005
1606481893.0	160000	1.741359	0.0	15964734	509	160.0
1606481893.3	160000	2.436256	0.0	8284939	249	160.0
1606481893.51	160000	3.227177	0.0	9004706	153	160.0
1606481893.68	160000	4.061418	0.0	6955279	118	160.0
1606481893.93	160000	4.815138	0.0	10701639	182	160.0
1606481894.15	160000	5.595186	0.0	9459459	161	160.0
1606481894.23	160000	6.511877	0.0	3212828	54	160.0
1606481894.3	160000	7.44309	0.0	2509989	31	160.0
1606481894.35	160000	8.396199	0.0	2004927	25	160.0
1606481894.37	160000	9.373551	0.0	591360	7	160.0
1606481894.42	160000	10.756385	0.0	2394426	31	160.0
1606481894.68	40000	1.000999	0.039	337339	2	-6.240000000000002
1606481895.04	40000	1.983363	0.0	14648397	187	40.0
1606481895.59	60000	2.421428	0.0	20421673	382	40.0
1606481896.15	60000	2.863871	0.0	13063186	474	60.0
1606481896.96	60000	3.127144	0.0	8954217	750	60.0
1606481897.6	80000	3.51954	0.0	11497228	563	60.0
1606481897.84	80000	4.304313	0.0	6232523	197	80.0
1606481898.04	80000	5.097556	0.0	5425476	171	80.0
1606481898.7	80000	5.466966	0.0	29583867	419	80.0
1606481899.13	110000	6.041267	0.0	28884539	259	80.0
1606481899.54	110000	6.645219	0.0	26873304	257	110.0
1606481900.09	110000	7.096868	0.0	33588177	359	110.0
1606481900.51	110000	7.682906	0.0	25684661	265	110.0
1606481900.68	110000	8.512397	0.0	10838546	107	110.0
1606481901.04	160000	9.151741	0.0	22224402	222	110.0
1606481901.4	160000	9.797217	0.0	22578365	223	160.0
1606481901.6	160000	10.591902	0.0	8346702	155	160.0
1606481902.0	160000	11.198905	0.0	15775481	292	160.0
1606481902.22	160000	11.974804	0.0	9163235	169	160.0
1606481903.48	160000	11.720792	0.0	41307095	969	160.0
1606481904.61	160000	11.596873	0.0	28763893	962	160.0
1606481910.04	160000	7.155733	0.0	21266416	5297	160.0
1606481913.23	160000	4.970156	0.0	23702229	3049	160.0
1606481914.18	160000	5.021935	0.0	27580394	784	160.0
1606481915.48	160000	4.724023	0.0	20329780	1166	160.0
1606481916.52	160000	4.683376	0.0	16109183	945	160.0
1606481917.54	160000	4.667328	0.0	58830800	558	160.0
1606481918.62	160000	4.588085	0.0	66935122	711	160.0
1606481918.82	160000	5.385662	0.0	15251076	113	160.0
1606481919.05	160000	6.162674	0.0	16574034	124	160.0
1606481919.22	160000	6.984987	0.0	13009028	99	160.0
1606481919.39	160000	7.815521	0.0	12791674	95	160.0
1606481919.53	160000	8.682158	0.0	11137898	65	160.0
1606481919.67	160000	9.541181	0.0	11485310	68	160.0
1606481919.82	160000	10.39514	0.0	12428518	73	160.0
1606481919.94	160000	11.273097	0.0	9963766	59	160.0
1606481920.09	160000	12.13016	0.0	12189364	72	160.0
1606481920.21	160000	13.01091	0.0	10142396	60	160.0
1606481920.32	160000	13.89421	0.0	10185488	60	160.0
1606481920.49	160000	14.728184	0.0	14061455	84	160.0
1606481920.74	160000	15.482442	0.0	20074099	128	160.0
1606481921.31	160000	15.908969	0.0	46115254	295	160.0
1606481921.86	160000	16.362376	0.0	40906522	297	160.0
1606481921.97	160000	17.250625	0.0	7891151	60	160.0
1606481922.26	160000	17.965467	0.0	21012466	161	160.0
1606481922.58	160000	18.642031	0.0	23519424	186	160.0
1606481922.86	160000	19.36286	0.0	18715420	167	160.0
1606481923.12	160000	20.110072	0.0	17000816	152	160.0
1606481923.34	160000	20.891747	0.0	14448126	129	160.0
1606481923.45	160000	21.781653	0.0	6958676	62	160.0
1606481923.56	160000	22.665597	0.0	9088791	57	160.0
1606481923.66	160000	23.573742	0.0	7211881	45	160.0
1606481923.7	160000	24.52944	0.0	3063586	18	160.0
1606481923.74	160000	25.487753	0.0	2782179	17	160.0
1606481923.87	160000	26.367312	0.0	9958410	62	160.0
1606481924.01	160000	27.222613	0.0	12158708	75	160.0
1606481924.17	160000	28.068088	0.0	12300216	73	160.0
1606481924.36	160000	28.877789	0.0	15815684	98	160.0
1606481924.53	160000	29.711321	0.0	13526256	92	160.0
1606481924.7	160000	30.541573	0.0	11995130	101	160.0
1606481924.88	160000	31.355303	0.0	13394791	112	160.0
