1606493602.68	40000	1.000999	0.056	334476	30	-8.96
1606493604.12	40000	1.324045	0.382	14648397	1314	-21.119999999999997
1606493605.73	60000	1.333409	0.584	20421673	1449	-53.44
1606493606.21	60000	1.869379	0.0	13063186	403	60.0
1606493606.53	60000	2.54811	0.0	8954217	267	60.0
1606493606.83	80000	3.269173	0.0	11497228	226	60.0
1606493607.0	80000	4.107347	0.0	6232523	122	80.0
1606493607.15	80000	4.976318	0.0	5425476	105	80.0
1606493608.8	80000	4.347383	0.0	29583867	1406	80.0
1606493611.21	110000	2.939355	0.0	28884539	2235	80.0
1606493613.53	110000	1.618601	0.0	26873304	2164	110.0
1606493617.2	110000	1.310703	2.358	33588177	3495	-267.28
1606493619.26	110000	1.419872	1.168	25684661	1932	-76.88
1606493620.2	110000	1.477392	0.0	10838546	872	110.0
1606493622.38	160000	1.339584	1.042	22224402	2060	-56.72
1606493626.14	160000	1.382903	2.796	22578365	3642	-287.36
1606493627.63	160000	1.429305	0.538	8346702	1448	73.92
1606493628.91	160000	1.469376	0.319	15775481	1196	108.96000000000001
1606493629.77	160000	1.605073	0.0	9163235	808	160.0
1606493632.93	160000	1.290402	1.838	41307095	2909	-134.07999999999998
1606493633.54	160000	1.67573	0.0	28763893	444	160.0
1606493634.01	160000	2.207493	0.0	21266416	334	160.0
1606493634.52	160000	2.69836	0.0	23702229	377	160.0
1606493637.29	160000	1.382398	0.454	27580394	2636	87.36
1606493638.95	160000	1.337648	0.607	20329780	1536	62.879999999999995
1606493640.26	160000	1.445911	0.421	16109183	1223	92.64
1606493645.14	160000	1.152149	3.577	58830800	4450	-412.32000000000005
1606493649.35	160000	1.445215	3.512	66935122	3894	-401.91999999999996
1606493649.67	160000	2.129557	0.0	15251076	213	160.0
1606493650.01	160000	2.789095	0.0	16574034	235	160.0
1606493650.27	160000	3.525477	0.0	13009028	186	160.0
1606493650.53	160000	4.266282	0.0	12791674	181	160.0
1606493650.76	160000	5.041727	0.0	11137898	158	160.0
1606493651.0	160000	5.799737	0.0	11485310	176	160.0
1606493651.27	160000	6.535032	0.0	12428518	191	160.0
1606493651.48	160000	7.323158	0.0	9963766	154	160.0
1606493651.74	160000	8.065709	0.0	12189364	188	160.0
1606493651.93	160000	8.878917	0.0	10142396	127	160.0
1606493652.11	160000	9.700316	0.0	10185488	116	160.0
1606493652.36	160000	10.448843	0.0	14061455	158	160.0
1606493652.7	160000	11.105711	0.0	20074099	229	160.0
1606493653.51	160000	11.295002	0.0	46115254	544	160.0
1606493655.11	160000	10.700774	0.0	40906522	1348	160.0
1606493655.27	160000	11.544292	0.0	7891151	100	160.0
1606493655.65	160000	12.158709	0.0	21012466	266	160.0
1606493658.25	160000	10.562075	0.0	23519424	2464	160.0
1606493660.19	160000	9.621334	0.0	18715420	1837	160.0
1606493660.94	160000	9.874746	0.0	17000816	644	160.0
1606493661.26	160000	10.553326	0.0	14448126	236	160.0
1606493661.42	160000	11.394598	0.0	6958676	113	160.0
1606493661.63	160000	12.190044	0.0	9088791	148	160.0
1606493661.79	160000	13.025909	0.0	7211881	118	160.0
1606493661.88	160000	13.941705	0.0	3063586	57	160.0
1606493662.09	160000	14.729079	0.0	2782179	187	160.0
1606493662.83	160000	14.997246	0.0	9958410	671	160.0
1606493663.71	160000	15.114259	0.0	12158708	805	160.0
1606493664.28	160000	15.545657	0.0	12300216	495	160.0
1606493664.92	160000	15.902623	0.0	15815684	548	160.0
1606493665.23	160000	16.598039	0.0	13526256	226	160.0
1606493665.5	160000	17.330301	0.0	11995130	200	160.0
1606493665.8	160000	18.032242	0.0	13394791	223	160.0
1606493666.13	160000	18.701936	0.0	14135828	249	160.0
1606493666.48	160000	19.354031	0.0	15366126	264	160.0
1606493666.81	160000	20.02899	0.0	14248439	244	160.0
1606493667.17	160000	20.663423	0.0	13843717	278	160.0
1606493667.56	160000	21.269991	0.0	14665119	309	160.0
1606493668.13	160000	21.702762	0.0	21079187	449	160.0
1606493668.82	160000	22.015871	0.0	25480074	538	160.0
1606493670.53	160000	21.303378	0.0	23021754	1573	160.0
1606493673.32	160000	19.516221	0.0	27527834	2637	160.0
1606493675.68	160000	18.155746	0.0	26155848	2206	160.0
1606493677.08	160000	17.760222	0.0	17849379	1291	160.0
1606493677.42	160000	18.420722	0.0	16546531	237	160.0
1606493677.78	160000	19.061622	0.0	17718949	253	160.0
1606493678.12	160000	19.721693	0.0	17337137	235	160.0
1606493678.48	160000	20.365333	0.0	20008245	244	160.0
1606493680.33	160000	19.519401	0.0	58430914	1531	160.0
1606493680.61	160000	20.23134	0.0	16292703	185	160.0
1606493681.05	160000	20.797712	0.0	25587422	291	160.0
1606493681.46	160000	21.384454	0.0	23982306	274	160.0
1606493681.7	160000	22.152353	0.0	13347845	153	160.0
1606493681.95	160000	22.908533	0.0	14337991	164	160.0
1606493682.18	160000	23.677213	0.0	14584990	142	160.0
1606493682.39	160000	24.460188	0.0	13962401	136	160.0
1606493682.62	160000	25.237437	0.0	14393788	141	160.0
1606493682.84	160000	26.008743	0.0	14649457	143	160.0
1606493683.07	160000	26.784765	0.0	13409715	144	160.0
1606493683.28	160000	27.574703	0.0	13909605	132	160.0
1606493683.48	160000	28.375337	0.0	13301968	126	160.0
1606493683.79	160000	29.076923	0.0	19025846	180	160.0
1606493684.08	160000	29.77466	0.0	19295426	183	160.0
1606493684.4	160000	30.459676	0.0	18261873	209	160.0
1606493684.75	160000	31.11408	0.0	19847604	227	160.0
1606493685.08	160000	31.782674	0.0	18767181	213	160.0
1606493685.45	160000	32.416584	0.0	22420858	237	160.0
1606493685.77	160000	33.097486	0.0	19324333	205	160.0
1606493686.1	160000	33.766427	0.0	20392234	215	160.0
1606493686.22	160000	34.646397	0.0	7671072	69	160.0
1606493686.48	160000	35.386197	0.0	17781906	159	160.0
1606493686.67	160000	36.194497	0.0	12839336	115	160.0
1606493686.83	160000	37.034417	0.0	10779770	96	160.0
1606493687.05	160000	37.818894	0.0	14606687	129	160.0
1606493689.41	160000	36.464686	0.0	41866951	2099	160.0
1606493689.96	160000	36.914318	0.0	37238410	334	160.0
1606493690.17	160000	37.700391	0.0	14347759	131	160.0
1606493690.35	160000	38.528465	0.0	11399187	107	160.0
1606493690.51	160000	39.367226	0.0	10358641	97	160.0
1606493690.72	160000	40.155287	0.0	14315696	134	160.0
1606493691.08	160000	40.802067	0.0	23283631	218	160.0
1606493691.58	160000	41.295031	0.0	37521367	282	160.0
1606493691.88	160000	41.999727	0.0	22241104	160	160.0
1606493692.09	160000	42.789873	0.0	15813346	112	160.0
1606493692.32	160000	43.560664	0.0	17116450	126	160.0
1606493692.58	160000	44.304973	0.0	18867054	145	160.0
1606493692.81	160000	45.073403	0.0	17393609	129	160.0
1606493693.14	160000	45.744601	0.0	24759401	182	160.0
1606493693.64	160000	46.245515	0.0	25782433	354	160.0
1606493694.15	160000	46.732101	0.0	25885372	355	160.0
1606493695.7	160000	46.186555	0.0	26242011	1406	160.0
1606493696.35	160000	46.541258	0.0	23865378	497	160.0
1606493696.75	160000	47.135799	0.0	25470681	259	160.0
1606493697.19	160000	47.695862	0.0	27258768	278	160.0
1606493697.46	160000	48.433965	0.0	17853711	164	160.0
1606493697.67	160000	49.218741	0.0	14829893	136	160.0
1606493698.08	160000	49.816895	0.0	27779697	252	160.0
1606493698.48	160000	50.413828	0.0	27714923	258	160.0
1606493698.88	160000	51.019008	0.0	25946474	238	160.0
1606493699.19	160000	51.709676	0.0	19596259	180	160.0
1606493699.58	160000	52.315102	0.0	23774167	257	160.0
1606493699.91	160000	52.987588	0.0	19373656	211	160.0
1606493700.32	160000	53.579108	0.0	23977420	274	160.0
1606493700.77	160000	54.13542	0.0	24493733	307	160.0
1606493701.03	160000	54.871783	0.0	14528511	179	160.0
1606493701.33	160000	55.572526	0.0	16841176	205	160.0
1606493701.63	160000	56.269407	0.0	16743604	202	160.0
1606493701.96	160000	56.944507	0.0	17975224	219	160.0
1606493702.38	160000	57.521629	0.0	22329548	301	160.0
1606493702.71	160000	58.193834	0.0	16001583	233	160.0
1606493703.09	160000	58.820624	0.0	18238584	272	160.0
1606493703.83	160000	59.076596	0.0	21308824	615	160.0
1606493704.36	160000	59.546877	0.0	17749058	424	160.0
1606493705.21	160000	59.821183	0.0	14127787	271	160.0
1606493706.94	160000	58.970851	0.0	17525699	1623	160.0
1606493707.99	160000	58.918739	0.0	14240042	975	160.0
1606493709.43	160000	58.478768	0.0	20324139	1332	160.0
1606493711.12	160000	57.79553	0.0	21993033	1564	160.0
1606493712.32	160000	57.601126	0.0	18863108	1082	160.0
1606493712.57	160000	58.346783	0.0	15964734	158	160.0
1606493712.71	160000	59.209614	0.0	8284939	82	160.0
1606493713.35	160000	59.579169	0.0	9004706	89	160.0
1606493714.48	160000	59.580257	0.0	6955279	69	160.0
1606493715.26	160000	59.831187	0.0	10701639	219	160.0
1606493716.54	160000	59.582168	0.0	9459459	218	160.0
1606493717.37	160000	59.58317	0.0	3212828	303	160.0
1606493718.14	160000	59.834224	0.0	2509989	236	160.0
1606493719.24	160000	59.835255	0.0	2004927	76	160.0
1606493720.28	160000	59.836234	0.0	591360	19	160.0
1606493721.85	160000	59.520952	0.0	2394426	53	160.0
1606493722.13	40000	1.000999	0.06	337339	26	-9.600000000000001
1606493723.27	40000	1.422888	0.2	14648397	1008	8.0
1606493724.96	60000	1.442849	0.68	20421673	1539	-68.8
1606493726.01	60000	1.415049	0.078	13063186	975	47.519999999999996
1606493726.7	60000	1.770764	0.0	8954217	634	60.0
1606493727.58	80000	1.911386	0.0	11497228	802	60.0
1606493728.06	80000	2.433551	0.0	6232523	437	80.0
1606493728.66	80000	2.832285	0.0	5425476	565	80.0
1606493731.05	80000	1.448745	0.0	29583867	2142	80.0
1606493731.78	110000	1.715937	0.0	28884539	563	80.0
1606493732.34	110000	2.155938	0.0	26873304	401	110.0
1606493733.18	110000	2.314886	0.0	33588177	650	110.0
1606493735.71	110000	1.288405	0.503	25684661	2399	29.519999999999996
1606493736.61	110000	1.39214	0.0	10838546	832	110.0
1606493738.67	160000	1.324604	0.991	22224402	1941	-48.56
1606493739.3	160000	1.689346	0.0	22578365	497	160.0
1606493739.49	160000	2.504324	0.0	8346702	131	160.0
1606493739.85	160000	3.150312	0.0	15775481	245	160.0
1606493740.05	160000	3.949359	0.0	9163235	144	160.0
1606493740.96	160000	4.035866	0.0	41307095	636	160.0
1606493741.55	160000	4.44602	0.0	28763893	429	160.0
1606493741.98	160000	5.020126	0.0	21266416	288	160.0
1606493742.45	160000	5.553409	0.0	23702229	321	160.0
1606493742.96	160000	6.039988	0.0	27580394	363	160.0
1606493743.36	160000	6.645281	0.0	20329780	265	160.0
1606493743.65	160000	7.354454	0.0	16109183	195	160.0
1606493745.0	160000	7.009886	0.0	58830800	876	160.0
1606493748.11	160000	4.891755	0.0	66935122	2751	160.0
1606493748.38	160000	5.626274	0.0	15251076	177	160.0
1606493748.68	160000	6.332451	0.0	16574034	194	160.0
1606493748.91	160000	7.102451	0.0	13009028	152	160.0
1606493749.13	160000	7.880213	0.0	12791674	149	160.0
1606493749.33	160000	8.685441	0.0	11137898	130	160.0
1606493749.53	160000	9.482278	0.0	11485310	126	160.0
1606493749.74	160000	10.272593	0.0	12428518	139	160.0
1606493749.92	160000	11.094831	0.0	9963766	111	160.0
1606493750.13	160000	11.8895	0.0	12189364	137	160.0
1606493750.31	160000	12.709697	0.0	10142396	112	160.0
1606493750.48	160000	13.535132	0.0	10185488	113	160.0
1606493750.72	160000	14.30072	0.0	14061455	156	160.0
1606493751.06	160000	14.960818	0.0	20074099	223	160.0
1606493751.84	160000	15.17539	0.0	46115254	520	160.0
1606493752.58	160000	15.445727	0.0	40906522	477	160.0
1606493752.72	160000	16.302221	0.0	7891151	83	160.0
1606493753.06	160000	16.96247	0.0	21012466	221	160.0
1606493753.44	160000	17.583217	0.0	23519424	248	160.0
1606493754.58	160000	17.442069	0.0	18715420	1027	160.0
1606493754.84	160000	18.181922	0.0	17000816	158	160.0
1606493755.06	160000	18.964948	0.0	14448126	135	160.0
1606493755.17	160000	19.855755	0.0	6958676	65	160.0
1606493755.32	160000	20.714345	0.0	9088791	84	160.0
1606493755.44	160000	21.591649	0.0	7211881	65	160.0
1606493755.5	160000	22.534875	0.0	3063586	31	160.0
1606493755.55	160000	23.484609	0.0	2782179	29	160.0
1606493755.72	160000	24.311638	0.0	9958410	114	160.0
1606493755.92	160000	25.117531	0.0	12158708	124	160.0
1606493756.12	160000	25.918843	0.0	12300216	125	160.0
1606493756.38	160000	26.665129	0.0	15815684	161	160.0
1606493756.7	160000	27.337082	0.0	13526256	242	160.0
1606493757.02	160000	28.020404	0.0	11995130	248	160.0
1606493757.37	160000	28.668199	0.0	13394791	276	160.0
