1606453578.19	40000	1.000999	0.044	334476	31	-7.039999999999999
1606453579.61	160000	1.199846	0.251	14912671	1196	-0.1599999999999966
1606453581.84	160000	1.353631	1.361	24265636	1985	-57.75999999999999
1606453582.19	20000	2.004459	0.0	3191121	247	-120.0
1606453582.41	20000	2.786299	0.0	1661718	129	20.0
1606453582.61	20000	3.593148	0.0	1315024	101	20.0
1606453582.74	20000	4.458072	0.0	698359	53	20.0
1606453582.88	20000	5.342782	0.0	730082	55	20.0
1606453583.28	20000	5.947492	0.0	4047415	298	20.0
1606453583.59	20000	6.638275	0.0	2863079	207	20.0
1606453584.3	40000	6.930843	0.0	7669174	584	20.0
1606453585.7	60000	6.533515	0.0	15230785	1240	40.0
1606453590.37	160000	2.865633	0.0	50637608	4145	60.0
1606453594.51	160000	1.402706	1.68	19559369	3969	-108.80000000000001
1606453595.63	110000	1.312744	0.029	12783186	976	55.36
1606453596.28	110000	1.663589	0.0	13101938	506	110.0
1606453596.39	20000	2.555804	0.0	382046	8	-70.0
1606453596.5	20000	3.447598	0.0	1113969	24	20.0
1606453596.6	20000	4.347149	0.0	820127	17	20.0
1606453596.85	20000	5.098195	0.0	6357933	138	20.0
1606453597.06	20000	5.894015	0.0	4814284	100	20.0
1606453597.2	20000	6.743544	0.0	3419258	48	20.0
1606453597.36	20000	7.589829	0.0	3944328	56	20.0
1606453597.52	20000	8.430449	0.0	4284196	60	20.0
1606453597.66	20000	9.29238	0.0	3022025	43	20.0
1606453597.78	20000	10.171003	0.0	2248581	31	20.0
1606453598.05	20000	10.903733	0.0	9946363	139	20.0
1606453598.36	20000	11.595049	0.0	11684632	173	20.0
1606453598.47	20000	12.479587	0.0	1849732	26	20.0
1606453598.59	20000	13.362701	0.0	1942795	27	20.0
1606453598.71	20000	14.249816	0.0	1704756	25	20.0
1606453598.82	20000	15.138138	0.0	1697111	24	20.0
1606453598.93	20000	16.030303	0.0	1529441	23	20.0
1606453599.04	20000	16.920598	0.0	1568649	22	20.0
1606453599.15	20000	17.80903	0.0	1677618	23	20.0
1606453599.42	160000	18.54061	0.0	9963766	138	20.0
1606453599.73	160000	19.238302	0.0	12189364	169	160.0
1606453599.99	160000	19.970662	0.0	10142396	141	160.0
1606453600.27	160000	20.692539	0.0	10185488	151	160.0
1606453600.63	160000	21.340983	0.0	14061455	209	160.0
1606453601.11	160000	21.859249	0.0	20074099	298	160.0
1606453602.06	160000	21.913513	0.0	46115254	626	160.0
1606453602.85	160000	22.123255	0.0	40906522	497	160.0
1606453603.05	160000	22.917354	0.0	7891151	86	160.0
1606453603.47	160000	23.501393	0.0	21012466	228	160.0
1606453603.92	160000	24.05186	0.0	23519424	255	160.0
1606453604.38	160000	24.596447	0.0	18715420	270	160.0
1606453604.81	160000	25.161492	0.0	17000816	270	160.0
1606453606.63	160000	24.345681	0.0	14448126	1670	160.0
1606453610.23	160000	21.742062	0.0	6958676	3482	160.0
1606453611.57	160000	21.409509	0.0	9088791	1210	160.0
1606453612.24	160000	21.734784	0.0	7211881	564	160.0
1606453612.36	20000	22.614001	0.0	384076	36	-120.0
1606453612.47	20000	23.507566	0.0	295687	27	20.0
1606453612.68	20000	24.294927	0.0	1328674	128	20.0
1606453612.92	20000	25.06472	0.0	1492829	145	20.0
1606453613.14	20000	25.841876	0.0	1484812	137	20.0
1606453613.37	20000	26.614078	0.0	1868314	140	20.0
1606453613.55	20000	27.435902	0.0	1253406	94	20.0
1606453613.7	20000	28.287516	0.0	887933	66	20.0
1606453613.87	20000	29.111592	0.0	1153403	86	20.0
1606453614.05	20000	29.932853	0.0	1249023	94	20.0
1606453614.24	20000	30.744634	0.0	1423973	103	20.0
1606453614.41	20000	31.583762	0.0	1060162	76	20.0
1606453614.57	20000	32.421161	0.0	1080597	78	20.0
1606453614.74	20000	33.252831	0.0	1156442	83	20.0
1606453614.99	20000	34.001638	0.0	2222640	162	20.0
1606453615.28	20000	34.713781	0.0	2587311	195	20.0
1606453616.47	110000	34.520394	0.0	15365006	1035	20.0
1606453617.67	110000	34.329873	0.0	19021488	1013	110.0
1606453620.11	160000	32.891039	0.0	26155848	2209	110.0
1606453621.71	160000	32.290333	0.0	17849379	1429	160.0
1606453624.03	160000	30.970964	0.0	16546531	2152	160.0
1606453628.87	160000	27.124853	0.0	17718949	4669	160.0
1606453631.41	160000	25.592539	0.0	17337137	2364	160.0
1606453633.08	160000	24.923297	0.0	20008245	1476	160.0
1606453635.56	60000	23.441374	0.0	26329427	2267	-40.0
1606453636.11	110000	23.895254	0.0	11574285	405	60.0
1606453637.4	160000	23.60181	0.0	25587422	1081	110.0
1606453638.98	160000	23.025347	0.0	23982306	1366	160.0
1606453640.03	160000	22.971353	0.0	13347845	913	160.0
1606453641.2	160000	22.810159	0.0	14337991	1018	160.0
1606453642.37	160000	22.637081	0.0	14584990	1027	160.0
1606453643.77	160000	22.243437	0.0	13962401	1249	160.0
1606453644.92	160000	22.088986	0.0	14393788	1012	160.0
1606453646.24	160000	21.774184	0.0	14649457	1165	160.0
1606453647.28	160000	21.736108	0.0	13409715	896	160.0
1606453648.39	160000	21.62126	0.0	13909605	970	160.0
1606453648.67	160000	22.347955	0.0	13301968	130	160.0
1606453649.03	160000	22.988698	0.0	19025846	185	160.0
1606453649.39	160000	23.63054	0.0	19295426	187	160.0
1606453649.75	160000	24.264115	0.0	18261873	197	160.0
1606453650.16	160000	24.85345	0.0	19847604	229	160.0
1606453650.52	160000	25.497232	0.0	18767181	184	160.0
1606453650.92	160000	26.09729	0.0	22420858	190	160.0
1606453651.27	160000	26.752366	0.0	19324333	166	160.0
1606453651.64	160000	27.381102	0.0	20392234	169	160.0
1606453651.82	160000	28.199182	0.0	7671072	63	160.0
1606453652.14	160000	28.887687	0.0	17781906	147	160.0
1606453652.38	160000	29.641651	0.0	12839336	105	160.0
1606453652.62	160000	30.404119	0.0	10779770	96	160.0
1606453652.9	160000	31.128659	0.0	14606687	131	160.0
1606453653.57	160000	31.454479	0.0	41866951	376	160.0
1606453654.17	160000	31.854174	0.0	37238410	342	160.0
1606453654.45	160000	32.576059	0.0	14347759	131	160.0
1606453654.69	160000	33.340797	0.0	11399187	104	160.0
1606453654.92	160000	34.117129	0.0	10358641	96	160.0
1606453655.19	160000	34.840344	0.0	14315696	132	160.0
1606453657.09	160000	33.944255	0.0	23283631	1690	160.0
1606453659.65	160000	32.382417	0.0	37521367	2295	160.0
1606453660.04	160000	32.997403	0.0	22241104	184	160.0
1606453660.33	160000	33.709583	0.0	15813346	131	160.0
1606453660.68	160000	34.358656	0.0	17116450	173	160.0
1606453661.04	160000	34.997203	0.0	18867054	191	160.0
1606453661.38	160000	35.655606	0.0	17393609	175	160.0
1606453661.88	160000	36.16267	0.0	24759401	284	160.0
1606453662.39	160000	36.64811	0.0	25782433	296	160.0
1606453662.82	160000	37.22434	0.0	25885372	208	160.0
1606453663.24	160000	37.805514	0.0	26242011	211	160.0
1606453663.68	160000	38.363402	0.0	23865378	241	160.0
1606453664.21	160000	38.839118	0.0	25470681	313	160.0
1606453664.79	160000	39.259855	0.0	27258768	360	160.0
1606453665.21	160000	39.848418	0.0	17853711	247	160.0
1606453666.25	160000	39.800619	0.0	14829893	886	160.0
1606453667.97	160000	39.084475	0.0	27779697	1498	160.0
1606453668.7	160000	39.355943	0.0	27714923	498	160.0
1606453669.2	160000	39.850382	0.0	25946474	296	160.0
1606453670.33	160000	39.722327	0.0	19596259	949	160.0
1606453672.7	160000	38.358884	0.0	23774167	2160	160.0
1606453674.28	160000	37.771738	0.0	19373656	1408	160.0
1606453676.29	160000	36.765648	0.0	23977420	1803	160.0
1606453677.85	160000	36.209119	0.0	24493733	1346	160.0
1606453678.29	160000	36.766671	0.0	14528511	296	160.0
1606453678.8	160000	37.254885	0.0	16841176	341	160.0
1606453679.3	160000	37.755887	0.0	16743604	337	160.0
1606453679.86	160000	38.19934	0.0	17975224	390	160.0
1606453680.58	160000	38.485929	0.0	22329548	505	160.0
1606453681.12	160000	38.942421	0.0	16001583	384	160.0
1606453681.75	160000	39.310376	0.0	18238584	462	160.0
1606453682.56	160000	39.505	0.0	21308824	623	160.0
1606453683.87	160000	39.200447	0.0	17749058	1126	160.0
1606453685.83	160000	38.240028	0.0	14127787	1813	160.0
1606453686.86	160000	38.210299	0.0	17525699	861	160.0
1606453687.71	160000	38.354714	0.0	14240042	708	160.0
1606453688.84	160000	38.231002	0.0	20324139	938	160.0
1606453689.4	160000	38.669288	0.0	21993033	370	160.0
1606453689.88	160000	39.187868	0.0	18863108	308	160.0
1606453690.32	160000	39.755878	0.0	15964734	262	160.0
1606453690.58	160000	40.494575	0.0	8284939	144	160.0
1606453691.22	160000	40.854663	0.0	9004706	517	160.0
1606453691.9	160000	41.179201	0.0	6955279	564	160.0
1606453693.28	160000	40.79231	0.0	10701639	1256	160.0
1606453694.66	160000	40.416503	0.0	9459459	1242	160.0
1606453695.24	160000	40.835671	0.0	3212828	486	160.0
1606453695.73	160000	41.350209	0.0	2509989	399	160.0
1606453696.18	160000	41.905737	0.0	2004927	378	160.0
1606453696.34	160000	42.744441	0.0	591360	111	160.0
1606453696.86	160000	43.655743	0.0	2394426	476	160.0
1606453697.23	40000	1.000999	0.091	336477	65	-14.560000000000002
1606453698.63	20000	1.39535	0.494	11007815	1234	-79.04
1606453699.52	20000	1.529243	0.0	8849724	753	20.0
1606453699.84	20000	2.211619	0.0	3191121	221	20.0
1606453700.59	60000	2.484463	0.0	8954217	612	20.0
1606453701.25	60000	2.830952	0.0	7325507	526	60.0
1606453701.64	60000	3.441752	0.0	4014386	289	60.0
1606453702.21	60000	3.879207	0.0	3830488	476	60.0
1606453703.7	40000	3.398126	0.0	9295618	1351	20.0
1606453704.26	40000	3.836825	0.0	5971357	449	40.0
1606453705.09	80000	4.00575	0.0	15275967	637	40.0
1606453705.93	80000	4.165128	0.0	20600381	619	80.0
1606453707.19	110000	3.905866	0.0	25684661	1006	80.0
1606453707.84	110000	4.261814	0.0	10838546	505	110.0
1606453709.63	160000	3.472723	0.0	22224402	1582	110.0
1606453711.51	110000	2.586231	0.0	13101938	1739	60.0
1606453713.0	160000	2.096599	0.0	8346702	1366	110.0
1606453716.29	160000	1.325575	1.516	15775481	3134	-82.56
1606453717.22	160000	1.403063	0.0	9163235	797	160.0
1606453718.16	40000	1.462933	0.0	11199212	804	-80.0
1606453718.62	20000	1.996985	0.0	4814284	359	0.0
1606453719.15	20000	2.469713	0.0	3419258	430	20.0
1606453719.79	20000	2.835949	0.0	3944328	535	20.0
1606453720.42	20000	3.202609	0.0	4284196	533	20.0
1606453720.91	20000	3.716848	0.0	3022025	388	20.0
1606453721.31	20000	4.315058	0.0	2248581	311	20.0
1606453722.53	20000	4.093928	0.0	9946363	1093	20.0
1606453725.25	40000	2.377567	0.0	20723782	2527	20.0
1606453726.19	110000	2.454548	0.0	10019282	785	40.0
