1606500046.74	40000	1.000999	0.038	334476	25	-6.079999999999998
1606500047.78	20000	1.471296	0.158	11007815	888	-25.28
1606500048.65	20000	1.600717	0.0	8849724	748	20.0
1606500049.06	20000	2.221575	0.0	3191121	309	20.0
1606500049.32	20000	2.98109	0.0	1661718	160	20.0
1606500049.53	20000	3.77731	0.0	1315024	126	20.0
1606500049.68	20000	4.629706	0.0	698359	64	20.0
1606500049.83	20000	5.479062	0.0	730082	66	20.0
1606500050.79	40000	5.518365	0.0	9295618	828	20.0
1606500052.27	80000	5.043719	0.0	15816325	1276	40.0
1606500053.51	80000	4.808909	0.0	15275967	1077	80.0
1606500055.37	80000	3.943576	0.0	20600381	1648	80.0
1606500056.19	80000	4.127198	0.0	17710542	638	80.0
1606500056.9	160000	4.417224	0.0	19559369	519	80.0
1606500057.59	160000	4.724348	0.0	22224402	486	160.0
1606500058.52	160000	4.803333	0.0	22578365	723	160.0
1606500059.27	160000	5.044836	0.0	8346702	628	160.0
1606500061.91	160000	3.413011	0.0	15775481	2463	160.0
1606500062.86	160000	3.463	0.0	9163235	823	160.0
1606500066.46	160000	1.055287	0.187	41307095	3185	130.07999999999998
1606500067.44	60000	1.4531	0.381	11785554	840	-100.96000000000001
1606500067.78	20000	2.113536	0.0	3419258	238	-20.0
1606500068.16	20000	2.73134	0.0	3944328	281	20.0
1606500068.57	20000	3.325877	0.0	4284196	305	20.0
1606500068.88	20000	4.014351	0.0	3022025	217	20.0
1606500069.31	40000	4.598581	0.0	4316804	313	20.0
1606500070.22	40000	4.679488	0.0	18604040	730	40.0
1606500071.61	80000	4.294881	0.0	37801487	1101	40.0
1606500072.18	160000	4.727072	0.0	15251076	413	80.0
1606500072.81	160000	5.090082	0.0	16574034	468	160.0
1606500073.74	160000	5.16738	0.0	13009028	782	160.0
1606500074.93	160000	4.976222	0.0	12791674	1049	160.0
1606500075.83	160000	5.074103	0.0	11137898	766	160.0
1606500076.89	160000	5.017322	0.0	11485310	922	160.0
1606500078.05	160000	4.859285	0.0	12428518	1015	160.0
1606500079.06	160000	4.855324	0.0	9963766	874	160.0
1606500080.19	160000	4.720685	0.0	12189364	997	160.0
1606500081.97	160000	3.936989	0.0	10142396	1655	160.0
1606500083.45	160000	3.471439	0.0	10185488	1337	160.0
1606500086.7	160000	1.352773	0.143	14061455	3118	137.12
1606500087.93	80000	1.497211	0.368	10250816	1098	-58.88
1606500088.55	20000	1.878427	0.0	4742872	513	-40.0
1606500089.17	20000	2.257787	0.0	4955535	515	20.0
1606500089.7	80000	2.726905	0.0	4146191	427	20.0
1606500090.65	80000	2.77531	0.0	11601071	818	80.0
1606500090.96	20000	3.465285	0.0	2770338	213	-40.0
1606500091.2	20000	4.227982	0.0	1855168	148	20.0
1606500091.43	20000	5.007612	0.0	1666915	133	20.0
1606500091.64	20000	5.792643	0.0	1555467	122	20.0
1606500091.86	40000	6.575705	0.0	1728577	129	20.0
1606500092.6	160000	6.834724	0.0	9088791	617	40.0
1606500093.21	160000	7.220758	0.0	7211881	500	160.0
1606500093.52	160000	7.914981	0.0	3063586	214	160.0
1606500093.81	160000	8.628637	0.0	2782179	194	160.0
1606500094.72	160000	8.721261	0.0	9958410	785	160.0
1606500096.62	160000	7.815324	0.0	12158708	1763	160.0
1606500098.72	160000	6.718758	0.0	12300216	1961	160.0
1606500100.3	160000	6.144195	0.0	15815684	1412	160.0
1606500101.53	160000	5.914596	0.0	13526256	1086	160.0
1606500102.14	110000	6.307225	0.0	7475950	488	60.0
1606500102.69	110000	6.752626	0.0	8601429	424	110.0
1606500103.17	110000	7.279588	0.0	9576793	346	110.0
1606500103.63	110000	7.816587	0.0	10221665	335	110.0
1606500104.04	110000	8.408514	0.0	8760683	287	110.0
1606500104.45	110000	9.000342	0.0	8711578	287	110.0
1606500104.9	110000	9.555757	0.0	9417807	316	110.0
1606500105.48	110000	9.968831	0.0	14377779	436	110.0
1606500106.16	110000	10.292508	0.0	17340552	508	110.0
1606500107.01	160000	10.451804	0.0	23021754	641	110.0
1606500107.92	160000	10.532282	0.0	27527834	675	160.0
1606500108.7	160000	10.75052	0.0	26155848	548	160.0
1606500109.21	160000	11.245215	0.0	17849379	330	160.0
1606500109.67	160000	11.788222	0.0	16546531	292	160.0
1606500110.13	160000	12.329444	0.0	17718949	289	160.0
1606500110.57	160000	12.888566	0.0	17337137	259	160.0
1606500111.05	160000	13.412266	0.0	20008245	295	160.0
1606500112.33	160000	13.135399	0.0	58430914	765	160.0
1606500112.72	160000	13.743608	0.0	16292703	209	160.0
1606500113.25	160000	14.209816	0.0	25587422	316	160.0
1606500113.74	160000	14.719128	0.0	23982306	289	160.0
1606500114.03	160000	15.43423	0.0	13347845	141	160.0
1606500114.28	160000	16.181394	0.0	14337991	105	160.0
1606500114.54	160000	16.923985	0.0	14584990	108	160.0
1606500114.79	160000	17.676745	0.0	13962401	103	160.0
1606500115.05	160000	18.422569	0.0	14393788	97	160.0
1606500115.28	160000	19.18601	0.0	14649457	88	160.0
1606500115.51	160000	19.961994	0.0	13409715	80	160.0
1606500115.74	160000	20.734045	0.0	13909605	84	160.0
1606500115.96	160000	21.512783	0.0	13301968	80	160.0
1606500116.26	160000	22.209894	0.0	19025846	112	160.0
1606500116.57	160000	22.919704	0.0	19295426	114	160.0
1606500116.85	160000	23.621689	0.0	18261873	110	160.0
1606500117.16	160000	24.320624	0.0	19847604	114	160.0
1606500117.44	160000	25.036074	0.0	18767181	107	160.0
1606500117.76	160000	25.714263	0.0	22420858	127	160.0
1606500118.06	160000	26.421958	0.0	19324333	110	160.0
1606500119.69	160000	25.78939	0.0	20392234	1449	160.0
1606500120.04	160000	26.440811	0.0	7671072	233	160.0
1606500120.33	160000	27.149143	0.0	17781906	123	160.0
1606500120.57	160000	27.917852	0.0	12839336	88	160.0
1606500120.78	160000	28.706093	0.0	10779770	71	160.0
1606500121.03	160000	29.457027	0.0	14606687	100	160.0
1606500121.56	160000	29.925118	0.0	41866951	219	160.0
1606500122.04	160000	30.443419	0.0	37238410	195	160.0
1606500122.27	160000	31.219625	0.0	14347759	76	160.0
1606500122.46	160000	32.024725	0.0	11399187	60	160.0
1606500122.65	160000	32.83667	0.0	10358641	56	160.0
1606500122.88	160000	33.613968	0.0	14315696	76	160.0
1606500123.22	160000	34.270609	0.0	23283631	149	160.0
1606500123.76	160000	34.734987	0.0	37521367	252	160.0
1606500124.1	160000	35.392769	0.0	22241104	150	160.0
1606500124.35	160000	36.141338	0.0	15813346	84	160.0
1606500124.62	160000	36.878395	0.0	17116450	90	160.0
1606500124.9	160000	37.598832	0.0	18867054	99	160.0
1606500125.16	160000	38.336037	0.0	17393609	93	160.0
1606500125.5	160000	39.003268	0.0	24759401	126	160.0
1606500125.84	160000	39.664488	0.0	25782433	132	160.0
1606500126.2	160000	40.296811	0.0	25885372	133	160.0
1606500126.56	160000	40.947277	0.0	26242011	136	160.0
1606500126.89	160000	41.610787	0.0	23865378	124	160.0
1606500127.23	160000	42.273452	0.0	25470681	129	160.0
1606500127.61	160000	42.898673	0.0	27258768	130	160.0
1606500127.86	160000	43.64161	0.0	17853711	88	160.0
1606500128.09	160000	44.419563	0.0	14829893	72	160.0
1606500128.53	160000	44.97658	0.0	27779697	207	160.0
1606500128.96	160000	45.545423	0.0	27714923	211	160.0
1606500129.34	160000	46.170094	0.0	25946474	153	160.0
1606500129.64	160000	46.874898	0.0	19596259	116	160.0
1606500129.98	160000	47.532638	0.0	23774167	141	160.0
1606500130.25	160000	48.26092	0.0	19373656	93	160.0
1606500130.57	160000	48.943937	0.0	23977420	117	160.0
1606500130.9	160000	49.620097	0.0	24493733	120	160.0
1606500131.13	160000	50.387099	0.0	14528511	75	160.0
1606500131.41	160000	51.109322	0.0	16841176	111	160.0
1606500131.68	160000	51.837026	0.0	16743604	108	160.0
1606500131.97	160000	52.551647	0.0	17975224	116	160.0
1606500132.35	160000	53.173651	0.0	22329548	174	160.0
1606500132.63	160000	53.888617	0.0	16001583	114	160.0
1606500132.95	160000	54.575243	0.0	18238584	143	160.0
1606500133.26	160000	55.265548	0.0	21308824	118	160.0
1606500133.52	160000	56.000727	0.0	17749058	94	160.0
1606500133.74	160000	56.780759	0.0	14127787	75	160.0
1606500134.01	160000	57.520435	0.0	17525699	93	160.0
1606500134.29	160000	58.239763	0.0	14240042	133	160.0
1606500134.65	160000	58.875953	0.0	20324139	182	160.0
1606500135.04	160000	59.494306	0.0	21993033	196	160.0
1606500135.88	160000	59.721609	0.0	18863108	159	160.0
1606500136.67	160000	59.972608	0.0	15964734	133	160.0
1606500137.85	160000	59.723568	0.0	8284939	67	160.0
1606500138.64	160000	59.974548	0.0	9004706	155	160.0
1606500139.87	160000	59.725523	0.0	6955279	113	160.0
1606500143.43	160000	57.11019	0.0	10701639	3417	160.0
1606500144.38	160000	57.163908	0.0	9459459	820	160.0
1606500144.69	160000	57.84802	0.0	3212828	213	160.0
1606500144.94	160000	58.59504	0.0	2509989	167	160.0
1606500145.15	160000	59.385587	0.0	2004927	138	160.0
1606500145.75	160000	59.981605	0.0	591360	47	160.0
1606500147.5	160000	59.666288	0.0	2394426	197	160.0
1606500147.9	40000	1.000999	0.052	336477	25	-8.32
1606500148.96	20000	1.338184	0.11	11007815	892	-17.6
1606500149.29	20000	2.002541	0.0	8849724	207	20.0
1606500149.44	20000	2.860955	0.0	3191121	44	20.0
1606500149.98	160000	3.367498	0.0	19639705	274	20.0
1606500150.41	160000	3.963803	0.0	20946809	235	160.0
1606500150.69	160000	4.703376	0.0	11895609	132	160.0
1606500150.88	160000	5.508495	0.0	7597636	78	160.0
1606500151.98	160000	5.413908	0.0	56067905	525	160.0
1606500152.46	110000	5.956879	0.0	28884539	236	60.0
1606500152.89	110000	6.530239	0.0	26873304	210	110.0
1606500153.4	110000	7.021915	0.0	33588177	253	110.0
1606500154.1	160000	7.318325	0.0	50637608	342	110.0
1606500154.43	160000	7.98722	0.0	19559369	149	160.0
1606500154.8	160000	8.624965	0.0	22224402	169	160.0
1606500155.17	160000	9.25012	0.0	22578365	171	160.0
1606500155.35	160000	10.072462	0.0	8346702	57	160.0
1606500155.62	160000	10.809182	0.0	15775481	102	160.0
1606500155.8	160000	11.624457	0.0	9163235	61	160.0
1606500156.37	160000	12.054278	0.0	41307095	268	160.0
1606500156.83	160000	12.602341	0.0	28763893	202	160.0
1606500157.17	160000	13.262311	0.0	21266416	150	160.0
1606500157.52	160000	13.908705	0.0	23702229	145	160.0
1606500157.91	160000	14.520428	0.0	27580394	167	160.0
1606500158.22	160000	15.210927	0.0	20329780	123	160.0
1606500158.48	160000	15.950567	0.0	16109183	97	160.0
1606500159.31	160000	16.12031	0.0	58830800	359	160.0
1606500160.33	160000	16.105973	0.0	66935122	569	160.0
1606500160.6	160000	16.838055	0.0	15251076	103	160.0
