1606507417.16	40000	1.000999	0.016	334476	2	-2.5600000000000023
1606507417.57	40000	1.912216	0.0	14648397	258	40.0
1606507418.1	60000	2.439286	0.0	20421673	351	40.0
1606507418.43	60000	3.109421	0.0	13063186	250	60.0
1606507418.67	60000	3.876259	0.0	8954217	170	60.0
1606507418.96	80000	4.582276	0.0	11497228	224	60.0
1606507419.15	80000	5.425663	0.0	6232523	140	80.0
1606507419.31	80000	6.264317	0.0	5425476	120	80.0
1606507420.4	80000	6.252935	0.0	29583867	839	80.0
1606507422.78	110000	4.915875	0.0	28884539	2197	80.0
1606507424.87	110000	3.824017	0.0	26873304	1933	110.0
1606507427.55	110000	2.144632	0.0	33588177	2486	110.0
1606507429.48	110000	1.277732	0.058	25684661	1792	100.72
1606507430.4	110000	1.389006	0.031	10838546	842	105.04
1606507432.07	160000	1.422179	0.705	22224402	1558	-2.799999999999997
1606507432.56	160000	1.929977	0.0	22578365	354	160.0
1606507432.74	160000	2.747717	0.0	8346702	129	160.0
1606507433.11	160000	3.394825	0.0	15775481	257	160.0
1606507433.34	160000	4.158106	0.0	9163235	171	160.0
1606507434.38	160000	4.113941	0.0	41307095	769	160.0
1606507435.07	160000	4.42953	0.0	28763893	523	160.0
1606507438.9	160000	1.594266	0.0	21266416	3703	160.0
1606507440.78	160000	1.384364	0.668	23702229	1763	53.120000000000005
1606507443.22	160000	1.304095	1.359	27580394	2302	-57.44
1606507444.17	160000	1.410642	0.056	20329780	819	151.04
1606507444.77	160000	1.81246	0.0	16109183	505	160.0
1606507446.65	160000	1.251543	0.311	58830800	1446	110.24000000000001
1606507448.31	160000	1.284351	0.694	66935122	1344	48.959999999999994
1606507448.68	160000	1.913265	0.0	15251076	280	160.0
1606507449.09	160000	2.506369	0.0	16574034	304	160.0
1606507450.03	160000	2.560685	0.0	13009028	866	160.0
1606507455.13	160000	1.482354	3.02	12791674	5034	-323.2
1606507456.24	160000	1.37329	0.0	11137898	1041	160.0
1606507457.1	160000	1.516875	0.0	11485310	773	160.0
1606507458.08	160000	1.537125	0.0	12428518	911	160.0
1606507458.44	160000	2.176884	0.0	9963766	301	160.0
1606507458.87	160000	2.750217	0.0	12189364	357	160.0
1606507459.19	160000	3.432837	0.0	10142396	259	160.0
1606507459.38	160000	4.247344	0.0	10185488	124	160.0
1606507459.63	160000	4.994807	0.0	14061455	171	160.0
1606507459.99	160000	5.637168	0.0	20074099	242	160.0
1606507460.88	160000	5.745548	0.0	46115254	639	160.0
1606507461.64	160000	5.987658	0.0	40906522	517	160.0
1606507461.78	160000	6.84601	0.0	7891151	89	160.0
1606507462.15	160000	7.483016	0.0	21012466	243	160.0
1606507462.56	160000	8.076765	0.0	23519424	273	160.0
1606507462.88	160000	8.745862	0.0	18715420	214	160.0
1606507463.18	160000	9.446988	0.0	17000816	198	160.0
1606507463.41	160000	10.218145	0.0	14448126	143	160.0
1606507463.53	160000	11.104055	0.0	6958676	70	160.0
1606507463.68	160000	11.955291	0.0	9088791	86	160.0
1606507463.8	160000	12.836354	0.0	7211881	72	160.0
1606507463.85	160000	13.782122	0.0	3063586	30	160.0
1606507463.91	160000	14.730882	0.0	2782179	28	160.0
1606507464.06	160000	15.576187	0.0	9958410	100	160.0
1606507464.26	160000	16.385969	0.0	12158708	123	160.0
1606507464.46	160000	17.181852	0.0	12300216	124	160.0
1606507464.71	160000	17.929166	0.0	15815684	160	160.0
1606507464.93	160000	18.715199	0.0	13526256	137	160.0
1606507465.12	160000	19.524393	0.0	11995130	122	160.0
1606507465.39	160000	20.259139	0.0	13394791	177	160.0
1606507465.66	160000	20.98148	0.0	14135828	194	160.0
1606507465.96	160000	21.685585	0.0	15366126	212	160.0
1606507466.24	160000	22.411703	0.0	14248439	191	160.0
1606507466.44	160000	23.205961	0.0	13843717	127	160.0
1606507466.67	160000	23.979314	0.0	14665119	136	160.0
1606507466.98	160000	24.668714	0.0	21079187	193	160.0
1606507467.36	160000	25.292995	0.0	25480074	236	160.0
1606507467.71	160000	25.945508	0.0	23021754	217	160.0
1606507468.12	160000	26.531509	0.0	27527834	262	160.0
1606507468.52	160000	27.130816	0.0	26155848	242	160.0
1606507468.79	160000	27.861022	0.0	17849379	165	160.0
1606507469.04	160000	28.612192	0.0	16546531	153	160.0
1606507469.32	160000	29.334063	0.0	17718949	174	160.0
1606507469.58	160000	30.078368	0.0	17337137	151	160.0
1606507469.87	160000	30.790877	0.0	20008245	175	160.0
1606507470.7	160000	30.960689	0.0	58430914	509	160.0
1606507470.93	160000	31.726556	0.0	16292703	131	160.0
1606507471.28	160000	32.378273	0.0	25587422	205	160.0
1606507471.65	160000	33.024968	0.0	23982306	216	160.0
1606507471.84	160000	33.821693	0.0	13347845	121	160.0
1606507472.05	160000	34.611861	0.0	14337991	129	160.0
1606507472.27	160000	35.399452	0.0	14584990	132	160.0
1606507472.47	160000	36.198504	0.0	13962401	122	160.0
1606507472.69	160000	36.982813	0.0	14393788	125	160.0
1606507472.9	160000	37.771913	0.0	14649457	127	160.0
1606507473.09	160000	38.578228	0.0	13409715	117	160.0
1606507473.29	160000	39.381857	0.0	13909605	117	160.0
1606507473.46	160000	40.20975	0.0	13301968	97	160.0
1606507473.73	160000	40.942024	0.0	19025846	154	160.0
1606507473.98	160000	41.692187	0.0	19295426	141	160.0
1606507474.22	160000	42.455269	0.0	18261873	135	160.0
1606507474.76	160000	42.920673	0.0	19847604	417	160.0
1606507475.26	160000	43.420587	0.0	18767181	394	160.0
1606507475.59	160000	44.085458	0.0	22420858	201	160.0
1606507475.9	160000	44.778048	0.0	19324333	186	160.0
1606507476.2	160000	45.479469	0.0	20392234	183	160.0
1606507476.32	160000	46.363116	0.0	7671072	67	160.0
1606507476.58	160000	47.107312	0.0	17781906	156	160.0
1606507476.76	160000	47.922255	0.0	12839336	113	160.0
1606507476.92	160000	48.766207	0.0	10779770	94	160.0
1606507477.13	160000	49.559629	0.0	14606687	128	160.0
1606507478.52	160000	49.168703	0.0	41866951	1143	160.0
1606507479.37	160000	49.31488	0.0	37238410	634	160.0
1606507480.7	160000	48.984853	0.0	14347759	1250	160.0
1606507481.57	160000	49.12244	0.0	11399187	795	160.0
1606507482.44	160000	49.252767	0.0	10358641	802	160.0
1606507483.73	160000	48.964882	0.0	14315696	1208	160.0
1606507485.77	160000	47.92266	0.0	23283631	1913	160.0
1606507488.93	160000	45.76744	0.0	37521367	2931	160.0
1606507490.75	160000	44.94353	0.0	22241104	1700	160.0
1606507492.06	160000	44.63773	0.0	15813346	1208	160.0
1606507493.45	160000	44.248047	0.0	17116450	1287	160.0
1606507495.33	160000	43.372101	0.0	18867054	1767	160.0
1606507496.91	160000	42.785949	0.0	17393609	1484	160.0
1606507498.94	160000	41.761118	0.0	24759401	1889	160.0
1606507501.03	160000	40.672732	0.0	25782433	1937	160.0
1606507503.2	160000	39.496467	0.0	25885372	2015	160.0
1606507505.26	160000	38.437784	0.0	26242011	1906	160.0
1606507507.12	160000	37.586784	0.0	23865378	1699	160.0
1606507509.46	160000	36.245935	0.0	25470681	2202	160.0
1606507511.63	160000	35.078623	0.0	27258768	1997	160.0
1606507512.95	160000	34.75895	0.0	17853711	1217	160.0
1606507514.07	160000	34.635863	0.0	14829893	1045	160.0
1606507516.28	160000	33.427124	0.0	27779697	2047	160.0
1606507518.63	160000	32.080457	0.0	27714923	2191	160.0
1606507520.76	160000	30.945485	0.0	25946474	1983	160.0
1606507522.46	160000	30.255021	0.0	19596259	1577	160.0
1606507523.98	160000	29.730223	0.0	23774167	1390	160.0
1606507524.84	160000	29.872317	0.0	19373656	749	160.0
1606507525.88	160000	29.837858	0.0	23977420	908	160.0
1606507527.4	160000	29.312388	0.0	24493733	1383	160.0
1606507528.71	160000	29.010276	0.0	14528511	1219	160.0
1606507529.99	160000	28.723393	0.0	16841176	1189	160.0
1606507531.31	160000	28.407624	0.0	16743604	1222	160.0
1606507532.8	160000	27.921156	0.0	17975224	1382	160.0
1606507534.71	160000	27.01454	0.0	22329548	1769	160.0
1606507536.01	160000	26.706773	0.0	16001583	1216	160.0
1606507536.82	160000	26.904928	0.0	18238584	701	160.0
1606507537.22	160000	27.50528	0.0	21308824	270	160.0
1606507537.55	160000	28.178585	0.0	17749058	226	160.0
1606507537.8	160000	28.928946	0.0	14127787	170	160.0
1606507538.11	160000	29.618743	0.0	17525699	209	160.0
1606507538.36	160000	30.369073	0.0	14240042	169	160.0
1606507538.72	160000	31.011874	0.0	20324139	241	160.0
1606507539.09	160000	31.636879	0.0	21993033	262	160.0
1606507539.52	160000	32.210326	0.0	18863108	307	160.0
1606507539.81	160000	32.92146	0.0	15964734	180	160.0
1606507539.95	160000	33.778357	0.0	8284939	92	160.0
1606507540.11	160000	34.625296	0.0	9004706	100	160.0
1606507540.23	160000	35.503833	0.0	6955279	77	160.0
1606507540.41	160000	36.322261	0.0	10701639	119	160.0
1606507540.58	160000	37.156805	0.0	9459459	104	160.0
1606507540.69	160000	38.046494	0.0	3212828	84	160.0
1606507540.79	160000	38.945109	0.0	2509989	78	160.0
1606507540.88	160000	39.862677	0.0	2004927	63	160.0
1606507540.91	160000	40.831667	0.0	591360	18	160.0
1606507541.01	160000	42.169998	0.0	2394426	75	160.0
1606507541.26	40000	1.000999	0.035	337339	10	-5.600000000000001
1606507542.07	40000	1.543358	0.0	14648397	666	40.0
1606507543.85	60000	1.444321	0.65	20421673	1630	-64.0
1606507544.33	60000	1.961729	0.0	13063186	410	60.0
1606507544.67	60000	2.665198	0.0	8954217	279	60.0
1606507545.53	80000	2.853472	0.0	11497228	781	60.0
1606507546.19	80000	3.189827	0.0	6232523	623	80.0
1606507546.8	80000	3.598356	0.0	5425476	571	80.0
1606507548.58	80000	2.824185	0.0	29583867	1527	80.0
1606507550.59	110000	1.809217	0.0	28884539	1838	80.0
1606507553.33	110000	1.322239	1.247	26873304	2597	-89.52000000000001
1606507555.94	110000	1.267363	1.559	33588177	2442	-139.44
1606507556.57	110000	1.635927	0.0	25684661	487	110.0
1606507556.82	110000	2.389355	0.0	10838546	178	110.0
1606507557.27	160000	2.937701	0.0	22224402	318	110.0
1606507557.74	160000	3.473354	0.0	22578365	323	160.0
1606507558.82	160000	3.392778	0.0	8346702	1027	160.0
1606507559.93	160000	3.28585	0.0	15775481	1010	160.0
1606507560.18	160000	4.039458	0.0	9163235	188	160.0
1606507561.3	160000	3.915122	0.0	41307095	851	160.0
1606507562.04	160000	4.17335	0.0	28763893	579	160.0
1606507562.55	160000	4.665696	0.0	21266416	372	160.0
1606507563.11	160000	5.107889	0.0	23702229	418	160.0
1606507563.76	160000	5.458834	0.0	27580394	491	160.0
1606507564.53	160000	5.686387	0.0	20329780	640	160.0
1606507565.3	160000	5.91895	0.0	16109183	669	160.0
1606507570.39	160000	1.829476	0.0	58830800	4630	160.0
1606507573.16	160000	1.39427	1.332	66935122	2450	-53.120000000000005
1606507573.73	160000	1.829945	0.0	15251076	460	160.0
1606507574.41	160000	2.144343	0.0	16574034	582	160.0
1606507574.92	160000	2.640183	0.0	13009028	427	160.0
1606507575.27	160000	3.290082	0.0	12791674	272	160.0
1606507575.58	160000	3.98531	0.0	11137898	240	160.0
1606507575.89	160000	4.668774	0.0	11485310	247	160.0
1606507576.24	160000	5.320652	0.0	12428518	277	160.0
1606507576.53	160000	6.038379	0.0	9963766	222	160.0
1606507576.87	160000	6.697096	0.0	12189364	272	160.0
1606507577.34	160000	7.2278	0.0	10142396	401	160.0
1606507577.81	160000	7.762235	0.0	10185488	397	160.0
1606507578.8	160000	7.771681	0.0	14061455	909	160.0
1606507580.15	160000	7.416042	0.0	20074099	1231	160.0
1606507582.31	160000	6.259377	0.0	46115254	1901	160.0
1606507587.03	160000	2.544637	0.0	40906522	4470	160.0
1606507587.71	160000	2.864133	0.0	7891151	625	160.0
1606507589.25	160000	2.325823	0.0	21012466	1411	160.0
1606507591.74	160000	1.494529	0.664	23519424	2380	53.760000000000005
1606507593.47	160000	1.409478	0.64	18715420	1631	57.599999999999994
1606507594.92	160000	1.300262	0.337	17000816	1359	106.08
1606507595.22	160000	1.999206	0.0	14448126	212	160.0
1606507595.37	160000	2.850596	0.0	6958676	99	160.0
1606507595.56	160000	3.664328	0.0	9088791	129	160.0
1606507595.71	160000	4.51112	0.0	7211881	102	160.0
1606507595.78	160000	5.437479	0.0	3063586	43	160.0
1606507595.85	160000	6.375577	0.0	2782179	39	160.0
1606507596.06	160000	7.159419	0.0	9958410	158	160.0
1606507596.32	160000	7.908408	0.0	12158708	178	160.0
1606507596.57	160000	8.655723	0.0	12300216	183	160.0
1606507596.9	160000	9.330167	0.0	15815684	235	160.0
1606507597.21	160000	10.017151	0.0	13526256	229	160.0
1606507597.49	160000	10.738973	0.0	11995130	211	160.0
1606507597.8	160000	11.431341	0.0	13394791	233	160.0
