1606443146.64	40000	1.000999	0.016	334476	4	-2.5600000000000023
1606443146.99	40000	1.954229	0.0	14648397	180	40.0
1606443147.41	60000	2.613596	0.0	20421673	253	40.0
1606443147.59	60000	3.435254	0.0	13063186	93	60.0
1606443147.71	60000	4.319416	0.0	8954217	61	60.0
1606443147.86	80000	5.165176	0.0	11497228	79	60.0
1606443147.95	80000	6.079794	0.0	6232523	42	80.0
1606443148.02	80000	7.006979	0.0	5425476	37	80.0
1606443148.46	80000	7.570845	0.0	29583867	204	80.0
1606443148.87	110000	8.191193	0.0	28884539	224	80.0
1606443149.24	110000	8.847373	0.0	26873304	208	110.0
1606443149.74	110000	9.375622	0.0	33588177	286	110.0
1606443150.16	110000	9.978726	0.0	25684661	272	110.0
1606443150.35	110000	10.788059	0.0	10838546	115	110.0
1606443150.85	160000	11.287311	0.0	22224402	367	110.0
1606443151.44	160000	11.724432	0.0	22578365	445	160.0
1606443152.75	160000	11.406707	0.0	8346702	1265	160.0
1606443153.95	160000	11.210602	0.0	15775481	1101	160.0
1606443154.55	160000	11.616555	0.0	9163235	539	160.0
1606443155.27	160000	11.891644	0.0	41307095	439	160.0
1606443155.7	160000	12.462197	0.0	28763893	260	160.0
1606443155.98	160000	13.183352	0.0	21266416	142	160.0
1606443156.27	160000	13.897604	0.0	23702229	147	160.0
1606443156.6	160000	14.563863	0.0	27580394	175	160.0
1606443156.86	160000	15.311241	0.0	20329780	124	160.0
1606443157.06	160000	16.107139	0.0	16109183	102	160.0
1606443157.9	160000	16.270039	0.0	58830800	359	160.0
1606443161.62	160000	13.557999	0.0	66935122	3344	160.0
1606443162.76	160000	13.415954	0.0	15251076	1054	160.0
1606443164.28	160000	12.891564	0.0	16574034	1428	160.0
1606443165.36	160000	12.825148	0.0	13009028	991	160.0
1606443166.47	160000	12.704809	0.0	12791674	1036	160.0
1606443167.34	160000	12.83457	0.0	11137898	804	160.0
1606443168.26	160000	12.927633	0.0	11485310	841	160.0
1606443168.87	160000	13.308328	0.0	12428518	543	160.0
1606443169.22	160000	13.956762	0.0	9963766	294	160.0
1606443169.65	160000	14.527685	0.0	12189364	361	160.0
1606443170.06	160000	15.126899	0.0	10142396	341	160.0
1606443170.46	160000	15.724852	0.0	10185488	342	160.0
1606443170.89	160000	16.297738	0.0	14061455	347	160.0
1606443171.43	160000	16.750799	0.0	20074099	433	160.0
1606443172.63	160000	16.563963	0.0	46115254	929	160.0
1606443173.67	160000	16.513989	0.0	40906522	796	160.0
1606443176.07	160000	15.118272	0.0	7891151	2343	160.0
1606443177.93	160000	14.262572	0.0	21012466	1741	160.0
1606443179.49	160000	13.697201	0.0	23519424	1435	160.0
1606443180.33	160000	13.865416	0.0	18715420	720	160.0
1606443181.15	160000	14.045307	0.0	17000816	721	160.0
1606443181.87	160000	14.324206	0.0	14448126	638	160.0
1606443182.17	160000	15.027826	0.0	6958676	251	160.0
1606443182.56	160000	15.642526	0.0	9088791	329	160.0
1606443182.98	160000	16.217929	0.0	7211881	369	160.0
1606443183.18	160000	17.014679	0.0	3063586	176	160.0
1606443183.37	160000	17.830655	0.0	2782179	161	160.0
1606443183.92	160000	18.280493	0.0	9958410	491	160.0
1606443184.49	160000	18.708815	0.0	12158708	503	160.0
1606443185.03	160000	19.168412	0.0	12300216	466	160.0
1606443185.7	160000	19.49913	0.0	15815684	577	160.0
1606443186.15	160000	20.05256	0.0	13526256	370	160.0
1606443186.55	160000	20.657992	0.0	11995130	327	160.0
1606443187.07	160000	21.133246	0.0	13394791	442	160.0
1606443187.66	160000	21.550798	0.0	14135828	503	160.0
1606443188.16	160000	22.04702	0.0	15366126	408	160.0
1606443188.62	160000	22.585574	0.0	14248439	376	160.0
1606443189.18	160000	23.032231	0.0	13843717	474	160.0
1606443190.56	160000	22.648437	0.0	14665119	1296	160.0
1606443193.41	160000	20.803328	0.0	21079187	2721	160.0
1606443195.79	160000	19.420505	0.0	25480074	2240	160.0
1606443197.74	160000	18.469421	0.0	23021754	1817	160.0
1606443200.01	160000	17.208855	0.0	27527834	2108	160.0
1606443202.06	160000	16.15456	0.0	26155848	1895	160.0
1606443203.48	160000	15.736492	0.0	17849379	1313	160.0
1606443204.72	160000	15.502134	0.0	16546531	1141	160.0
1606443206.29	160000	14.927802	0.0	17718949	1472	160.0
1606443207.68	160000	14.537156	0.0	17337137	1284	160.0
1606443209.38	160000	13.843641	0.0	20008245	1578	160.0
1606443214.26	160000	9.958644	0.0	58430914	4555	160.0
1606443215.5	160000	9.725527	0.0	16292703	1130	160.0
1606443217.61	160000	8.611832	0.0	25587422	1972	160.0
1606443219.61	160000	7.616908	0.0	23982306	1867	160.0
1606443220.72	160000	7.510377	0.0	13347845	1032	160.0
1606443221.89	160000	7.334005	0.0	14337991	1095	160.0
1606443223.21	160000	7.015288	0.0	14584990	1234	160.0
1606443224.43	160000	6.798116	0.0	13962401	1139	160.0
1606443225.53	160000	6.696222	0.0	14393788	1022	160.0
1606443226.8	160000	6.430532	0.0	14649457	1187	160.0
1606443228.24	160000	5.993431	0.0	13409715	1363	160.0
1606443229.4	160000	5.828105	0.0	13909605	1084	160.0
1606443230.42	160000	5.813641	0.0	13301968	940	160.0
1606443232.05	160000	5.182698	0.0	19025846	1517	160.0
1606443233.95	160000	4.289824	0.0	19295426	1783	160.0
1606443235.54	160000	3.699996	0.0	18261873	1483	160.0
1606443237.17	160000	3.064899	0.0	19847604	1516	160.0
1606443238.76	160000	2.475152	0.0	18767181	1482	160.0
1606443240.28	160000	1.95602	0.0	22420858	1394	160.0
1606443241.44	160000	1.800508	0.0	19324333	1041	160.0
1606443242.52	160000	1.719262	0.0	20392234	966	160.0
1606443242.91	160000	2.337196	0.0	7671072	334	160.0
1606443243.69	160000	2.549669	0.0	17781906	682	160.0
1606443244.48	160000	2.763696	0.0	12839336	712	160.0
1606443245.42	160000	2.826294	0.0	10779770	873	160.0
1606443246.33	160000	2.915008	0.0	14606687	835	160.0
1606443253.23	160000	1.40268	4.389	41866951	6687	-542.24
1606443254.76	160000	1.29371	0.417	37238410	1349	93.28
1606443255.33	160000	1.728678	0.0	14347759	482	160.0
1606443255.76	160000	2.298232	0.0	11399187	363	160.0
1606443256.15	160000	2.905258	0.0	10358641	330	160.0
1606443256.68	160000	3.381979	0.0	14315696	446	160.0
1606443257.5	160000	3.554885	0.0	23283631	689	160.0
1606443258.74	160000	3.318369	0.0	37521367	1023	160.0
1606443259.43	160000	3.628013	0.0	22241104	559	160.0
1606443259.94	160000	4.125788	0.0	15813346	405	160.0
1606443260.43	160000	4.634708	0.0	17116450	392	160.0
1606443260.95	160000	5.119071	0.0	18867054	406	160.0
1606443261.41	160000	5.653838	0.0	17393609	363	160.0
1606443262.05	160000	6.011877	0.0	24759401	504	160.0
1606443262.7	160000	6.364167	0.0	25782433	506	160.0
1606443263.36	160000	6.708912	0.0	25885372	499	160.0
1606443263.98	160000	7.094643	0.0	26242011	467	160.0
1606443264.55	160000	7.520737	0.0	23865378	414	160.0
1606443265.13	160000	7.939131	0.0	25470681	437	160.0
1606443265.84	160000	8.23671	0.0	27258768	534	160.0
1606443266.28	160000	8.792624	0.0	17853711	340	160.0
1606443266.6	160000	9.474679	0.0	14829893	226	160.0
1606443267.19	160000	9.88203	0.0	27779697	431	160.0
1606443267.77	160000	10.305874	0.0	27714923	422	160.0
1606443268.33	160000	10.753431	0.0	25946474	389	160.0
1606443268.83	160000	11.244443	0.0	19596259	388	160.0
1606443269.42	160000	11.657499	0.0	23774167	449	160.0
1606443270.08	160000	11.999681	0.0	19373656	532	160.0
1606443279.97	160000	3.113753	0.0	23977420	9740	160.0
1606443282.93	160000	1.488828	0.332	24493733	2835	106.88
1606443284.07	160000	1.349746	0.0	14528511	1055	160.0
1606443285.39	160000	1.323109	0.295	16841176	1234	112.8
1606443285.78	160000	1.937425	0.0	16743604	285	160.0
1606443286.2	160000	2.521052	0.0	17975224	306	160.0
1606443286.7	160000	3.013682	0.0	22329548	370	160.0
1606443287.07	160000	3.649475	0.0	16001583	264	160.0
1606443287.47	160000	4.243683	0.0	18238584	302	160.0
1606443287.96	160000	4.756741	0.0	21308824	357	160.0
1606443288.37	160000	5.35839	0.0	17749058	296	160.0
1606443288.69	160000	6.031205	0.0	14127787	233	160.0
1606443289.09	160000	6.629517	0.0	17525699	298	160.0
1606443289.41	160000	7.313855	0.0	14240042	236	160.0
1606443289.82	160000	7.902824	0.0	20324139	294	160.0
1606443290.26	160000	8.462396	0.0	21993033	318	160.0
1606443290.66	160000	9.060201	0.0	18863108	286	160.0
1606443291.01	160000	9.716637	0.0	15964734	241	160.0
1606443291.19	160000	10.540789	0.0	8284939	125	160.0
1606443291.38	160000	11.34297	0.0	9004706	144	160.0
1606443291.6	160000	12.127553	0.0	6955279	172	160.0
1606443291.93	160000	12.800111	0.0	10701639	265	160.0
1606443292.22	160000	13.505832	0.0	9459459	234	160.0
1606443292.34	160000	14.391053	0.0	3212828	80	160.0
1606443297.46	160000	10.272046	0.0	2509989	5092	160.0
1606443297.56	110000	11.177424	0.0	1128453	76	60.0
1606443297.6	110000	12.130419	0.0	517365	34	110.0
1606443297.7	110000	13.468369	0.0	1201371	80	110.0
1606443297.96	40000	1.000999	0.039	337243	19	-6.240000000000002
1606443299.07	40000	1.364226	0.146	14648397	985	16.64
1606443299.89	60000	1.544415	0.0	20421673	656	40.0
1606443300.27	60000	2.192858	0.0	13063186	303	60.0
1606443300.49	60000	2.976491	0.0	8954217	164	60.0
1606443300.73	80000	3.764316	0.0	11497228	171	60.0
1606443300.88	80000	4.615754	0.0	6232523	106	80.0
1606443301.0	80000	5.499597	0.0	5425476	81	80.0
1606443301.7	80000	5.864776	0.0	29583867	440	80.0
1606443302.27	110000	6.288639	0.0	28884539	402	80.0
1606443302.8	110000	6.780133	0.0	26873304	369	110.0
1606443303.45	110000	7.134065	0.0	33588177	459	110.0
1606443303.95	110000	7.636902	0.0	25684661	344	110.0
1606443304.16	110000	8.422486	0.0	10838546	147	110.0
1606443304.63	160000	8.959075	0.0	22224402	326	110.0
1606443305.16	160000	9.431326	0.0	22578365	395	160.0
1606443305.36	160000	10.226134	0.0	8346702	146	160.0
1606443305.71	160000	10.883281	0.0	15775481	247	160.0
1606443305.9	160000	11.687693	0.0	9163235	141	160.0
1606443306.84	160000	11.74776	0.0	41307095	656	160.0
1606443307.52	160000	12.073206	0.0	28763893	505	160.0
1606443307.96	160000	12.641936	0.0	21266416	298	160.0
1606443308.44	160000	13.155151	0.0	23702229	337	160.0
1606443308.99	160000	13.614504	0.0	27580394	383	160.0
1606443309.4	160000	14.197828	0.0	20329780	280	160.0
1606443309.8	160000	14.798956	0.0	16109183	302	160.0
1606443311.86	160000	13.741219	0.0	58830800	1596	160.0
1606443316.24	160000	10.358969	0.0	66935122	4013	160.0
1606443316.61	160000	10.990249	0.0	15251076	281	160.0
1606443316.98	160000	11.624222	0.0	16574034	268	160.0
1606443317.26	160000	12.342503	0.0	13009028	209	160.0
1606443317.55	160000	13.061064	0.0	12791674	206	160.0
1606443317.79	160000	13.814907	0.0	11137898	165	160.0
1606443318.04	160000	14.569986	0.0	11485310	171	160.0
1606443318.3	160000	15.305013	0.0	12428518	185	160.0
1606443318.51	160000	16.094938	0.0	9963766	148	160.0
1606443318.76	160000	16.848569	0.0	12189364	177	160.0
1606443318.97	160000	17.639892	0.0	10142396	147	160.0
1606443319.18	160000	18.43034	0.0	10185488	147	160.0
1606443319.46	160000	19.148483	0.0	14061455	203	160.0
1606443319.85	160000	19.761737	0.0	20074099	273	160.0
1606443320.73	160000	19.881414	0.0	46115254	626	160.0
1606443321.52	160000	20.099841	0.0	40906522	541	160.0
1606443321.67	160000	20.948744	0.0	7891151	100	160.0
1606443322.06	160000	21.559548	0.0	21012466	266	160.0
1606443322.51	160000	22.112563	0.0	23519424	312	160.0
1606443322.84	160000	22.779834	0.0	18715420	229	160.0
1606443323.15	160000	23.470939	0.0	17000816	207	160.0
1606443323.41	160000	24.208132	0.0	14448126	176	160.0
1606443323.55	160000	25.073331	0.0	6958676	86	160.0
1606443323.74	160000	25.887044	0.0	9088791	130	160.0
1606443323.89	160000	26.736021	0.0	7211881	104	160.0
1606443323.96	160000	27.666678	0.0	3063586	44	160.0
1606443324.02	160000	28.603052	0.0	2782179	40	160.0
1606443324.23	160000	29.402757	0.0	9958410	144	160.0
1606443324.47	160000	30.155805	0.0	12158708	175	160.0
1606443324.72	160000	30.913845	0.0	12300216	165	160.0
1606443325.03	160000	31.602754	0.0	15815684	210	160.0
1606443325.29	160000	32.345512	0.0	13526256	180	160.0
1606443325.53	160000	33.10741	0.0	11995130	158	160.0
1606443325.79	160000	33.843612	0.0	13394791	179	160.0
1606443326.07	160000	34.567939	0.0	14135828	188	160.0
