1606503968.07	40000	1.000999	0.025	334476	14	-4.0
1606503968.72	20000	1.747267	0.0	11007815	462	0.0
1606503971.91	20000	1.326113	1.741	8849724	3066	-258.56
1606503972.25	20000	1.985903	0.0	3191121	248	20.0
1606503974.2	160000	1.48079	0.378	19639705	1731	-40.47999999999999
1606503975.95	160000	1.331605	0.578	20946809	1570	67.52
1606503976.2	40000	2.077148	0.0	1987360	155	-80.0
1606503976.34	20000	2.939297	0.0	730082	57	0.0
1606503976.76	20000	3.527114	0.0	4047415	318	20.0
1606503977.07	20000	4.217261	0.0	2863079	218	20.0
1606503977.45	20000	4.830342	0.0	4167844	289	20.0
1606503977.94	20000	5.341254	0.0	5571764	387	20.0
1606503978.44	20000	5.843415	0.0	4925652	399	20.0
1606503980.22	160000	5.072687	0.0	19559369	1588	20.0
1606503981.21	160000	5.078674	0.0	22224402	800	160.0
1606503982.09	160000	5.197628	0.0	22578365	688	160.0
1606503982.46	160000	5.835994	0.0	8346702	238	160.0
1606503983.07	160000	6.217942	0.0	15775481	454	160.0
1606503986.65	160000	3.643302	0.0	9163235	3445	160.0
1606503989.05	110000	2.246813	0.0	26576979	2138	60.0
1606503990.11	160000	2.189289	0.0	28763893	806	110.0
1606503990.28	20000	3.020094	0.0	3419258	71	-120.0
1606503990.47	20000	3.835993	0.0	3944328	82	20.0
1606503990.66	20000	4.642094	0.0	4284196	89	20.0
1606503990.81	20000	5.487295	0.0	3022025	63	20.0
1606503990.95	20000	6.352836	0.0	2248581	48	20.0
1606503991.28	20000	7.025648	0.0	9946363	204	20.0
1606503991.65	20000	7.651002	0.0	11684632	239	20.0
1606503991.77	20000	8.527989	0.0	1849732	37	20.0
1606503991.9	20000	9.402736	0.0	1942795	41	20.0
1606503992.02	20000	10.283864	0.0	1704756	34	20.0
1606503992.13	20000	11.172044	0.0	1697111	29	20.0
1606503992.24	20000	12.062986	0.0	1529441	26	20.0
1606503992.36	20000	12.951863	0.0	1568649	27	20.0
1606503992.47	20000	13.8394	0.0	1677618	28	20.0
1606503992.58	20000	14.732485	0.0	1415096	24	20.0
1606503992.69	20000	15.616506	0.0	1894067	32	20.0
1606503992.79	20000	16.516631	0.0	1186604	20	20.0
1606503992.89	20000	17.418797	0.0	1068386	18	20.0
1606503993.01	20000	18.307094	0.0	1700843	29	20.0
1606503993.14	20000	19.175267	0.0	2536859	46	20.0
1606503994.49	160000	18.828143	0.0	46115254	867	20.0
1606504002.75	160000	11.570496	0.0	40906522	7947	160.0
1606504002.92	20000	12.39339	0.0	1260540	90	-120.0
1606504003.27	20000	13.04685	0.0	3605246	254	20.0
1606504003.55	20000	13.768128	0.0	2770338	189	20.0
1606504003.76	20000	14.557842	0.0	1855168	126	20.0
1606504004.1	40000	15.224407	0.0	3491407	238	20.0
1606504005.01	110000	15.315144	0.0	9698716	786	40.0
1606504005.74	160000	15.581922	0.0	6958676	621	110.0
1606504006.64	160000	15.681966	0.0	9088791	782	160.0
1606504007.33	160000	16.001077	0.0	7211881	572	160.0
1606504007.63	160000	16.695751	0.0	3063586	209	160.0
1606504007.91	160000	17.414058	0.0	2782179	189	160.0
1606504008.75	160000	17.582429	0.0	9958410	706	160.0
1606504009.77	160000	17.559413	0.0	12158708	883	160.0
1606504010.81	160000	17.522518	0.0	12300216	890	160.0
1606504012.1	160000	17.227659	0.0	15815684	1134	160.0
1606504013.39	160000	16.943925	0.0	13526256	1142	160.0
1606504014.6	160000	16.731777	0.0	11995130	1075	160.0
1606504015.85	160000	16.482363	0.0	13394791	1111	160.0
1606504017.13	160000	16.207281	0.0	14135828	1132	160.0
1606504018.49	160000	15.849701	0.0	15366126	1206	160.0
1606504019.67	160000	15.671377	0.0	14248439	1032	160.0
1606504020.98	160000	15.362182	0.0	13843717	1167	160.0
1606504022.22	160000	15.120418	0.0	14665119	1093	160.0
1606504024.0	160000	14.343701	0.0	21079187	1590	160.0
1606504026.17	160000	13.167458	0.0	25480074	1971	160.0
1606504028.18	160000	12.163586	0.0	23021754	1802	160.0
1606504030.53	160000	10.814833	0.0	27527834	2132	160.0
1606504032.95	160000	9.392327	0.0	26155848	2202	160.0
1606504034.36	160000	8.987096	0.0	17849379	1238	160.0
1606504035.66	160000	8.691651	0.0	16546531	1127	160.0
1606504037.05	160000	8.299217	0.0	17718949	1225	160.0
1606504038.45	160000	7.897737	0.0	17337137	1236	160.0
1606504040.33	160000	7.022722	0.0	20008245	1683	160.0
1606504045.28	160000	3.071589	0.0	58430914	4481	160.0
1606504046.46	160000	2.888728	0.0	16292703	1005	160.0
1606504047.73	160000	2.620911	0.0	25587422	1049	160.0
1606504048.81	160000	2.547881	0.0	23982306	874	160.0
1606504049.45	160000	2.903552	0.0	13347845	501	160.0
1606504050.11	160000	3.250496	0.0	14337991	510	160.0
1606504050.72	160000	3.632401	0.0	14584990	471	160.0
1606504051.28	160000	4.07484	0.0	13962401	410	160.0
1606504051.9	160000	4.456884	0.0	14393788	471	160.0
1606504052.53	160000	4.827763	0.0	14649457	484	160.0
1606504053.06	160000	5.302516	0.0	13409715	384	160.0
1606504053.58	160000	5.786223	0.0	13909605	376	160.0
1606504053.98	160000	6.379032	0.0	13301968	269	160.0
1606504054.55	160000	6.811825	0.0	19025846	389	160.0
1606504055.13	160000	7.23852	0.0	19295426	401	160.0
1606504055.66	160000	7.708162	0.0	18261873	362	160.0
1606504056.22	160000	8.147857	0.0	19847604	378	160.0
1606504056.71	160000	8.653329	0.0	18767181	314	160.0
1606504057.23	160000	9.14041	0.0	22420858	324	160.0
1606504057.69	160000	9.676137	0.0	19324333	283	160.0
1606504058.18	160000	10.188942	0.0	20392234	306	160.0
1606504058.42	160000	10.952911	0.0	7671072	121	160.0
1606504058.83	160000	11.540881	0.0	17781906	247	160.0
1606504059.16	160000	12.212349	0.0	12839336	190	160.0
1606504059.44	160000	12.934838	0.0	10779770	148	160.0
1606504059.78	160000	13.591916	0.0	14606687	200	160.0
1606504060.68	160000	13.694268	0.0	41866951	579	160.0
1606504061.3	160000	14.079062	0.0	37238410	334	160.0
1606504061.58	160000	14.803054	0.0	14347759	130	160.0
1606504061.84	160000	15.541404	0.0	11399187	119	160.0
1606504062.09	160000	16.295621	0.0	10358641	118	160.0
1606504062.4	160000	16.982779	0.0	14315696	166	160.0
1606504062.8	160000	17.580103	0.0	23283631	207	160.0
1606504063.4	160000	17.981743	0.0	37521367	316	160.0
1606504063.79	160000	18.598321	0.0	22241104	192	160.0
1606504064.1	160000	19.281855	0.0	15813346	153	160.0
1606504064.42	160000	19.969876	0.0	17116450	149	160.0
1606504064.77	160000	20.616271	0.0	18867054	185	160.0
1606504065.11	160000	21.280713	0.0	17393609	172	160.0
1606504065.56	160000	21.826048	0.0	24759401	246	160.0
1606504066.0	160000	22.391749	0.0	25782433	226	160.0
1606504066.46	160000	22.936671	0.0	25885372	226	160.0
1606504066.84	160000	23.549872	0.0	26242011	175	160.0
1606504067.22	160000	24.169151	0.0	23865378	158	160.0
1606504067.6	160000	24.791779	0.0	25470681	169	160.0
1606504068.0	160000	25.400986	0.0	27258768	162	160.0
1606504068.27	160000	26.123676	0.0	17853711	106	160.0
1606504068.51	160000	26.888772	0.0	14829893	89	160.0
1606504068.91	160000	27.488301	0.0	27779697	178	160.0
1606504069.31	160000	28.092653	0.0	27714923	178	160.0
1606504069.69	160000	28.710348	0.0	25946474	165	160.0
1606504070.09	160000	29.308177	0.0	19596259	225	160.0
1606504070.57	160000	29.833627	0.0	23774167	274	160.0
1606504070.99	160000	30.419084	0.0	19373656	235	160.0
1606504071.47	160000	30.93039	0.0	23977420	292	160.0
1606504071.93	160000	31.480643	0.0	24493733	244	160.0
1606504072.22	160000	32.189935	0.0	14528511	142	160.0
1606504072.55	160000	32.853746	0.0	16841176	171	160.0
1606504073.83	160000	32.581343	0.0	16743604	1105	160.0
1606504074.51	160000	32.899501	0.0	17975224	510	160.0
1606504079.02	160000	29.388345	0.0	22329548	4307	160.0
1606504081.45	160000	27.961043	0.0	16001583	2269	160.0
1606504081.78	20000	28.642686	0.0	2831497	216	-120.0
1606504082.08	20000	29.330805	0.0	3200905	214	20.0
1606504082.32	20000	30.098507	0.0	2180586	146	20.0
1606504082.5	20000	30.91654	0.0	1500505	100	20.0
1606504082.67	20000	31.742612	0.0	1939246	90	20.0
1606504082.8	20000	32.614764	0.0	1599193	44	20.0
1606504082.95	20000	33.465199	0.0	2364826	64	20.0
1606504083.11	20000	34.309433	0.0	2517454	69	20.0
1606504083.25	20000	35.172429	0.0	1883143	52	20.0
1606504083.38	20000	36.042319	0.0	1726706	47	20.0
1606504083.48	20000	36.944857	0.0	707364	19	20.0
1606504083.59	20000	37.837304	0.0	796460	21	20.0
1606504083.68	20000	38.744824	0.0	596962	12	20.0
1606504083.78	20000	39.645194	0.0	947625	20	20.0
1606504083.88	20000	40.548914	0.0	832859	17	20.0
1606504083.96	20000	41.468416	0.0	151562	2	20.0
1606504084.03	20000	42.392883	0.0	90390	1	20.0
1606504084.09	20000	43.337343	0.0	50278	1	20.0
1606504084.14	20000	44.29205	0.0	26471	4	20.0
1606504084.17	20000	45.692137	0.0	56059	1	20.0
1606504084.53	40000	1.000999	0.028	336477	6	-4.480000000000004
1606504084.94	20000	1.919384	0.0	11007815	206	0.0
1606504085.22	20000	2.631461	0.0	8849724	158	20.0
1606504085.38	20000	3.477226	0.0	3191121	58	20.0
1606504085.67	60000	4.185742	0.0	8954217	164	20.0
1606504085.92	60000	4.93859	0.0	7325507	134	60.0
1606504086.08	60000	5.775381	0.0	4014386	66	60.0
1606504086.21	40000	6.648897	0.0	2185110	36	20.0
1606504086.71	60000	7.17591	0.0	17832465	295	40.0
1606504087.03	60000	7.882603	0.0	9877442	188	60.0
1606504087.37	60000	8.539859	0.0	10988410	209	60.0
1606504088.37	110000	8.541257	0.0	33588177	619	60.0
1606504089.8	160000	8.140485	0.0	50637608	934	110.0
1606504090.3	160000	8.629626	0.0	19559369	316	160.0
1606504090.86	160000	9.078275	0.0	22224402	361	160.0
1606504091.44	160000	9.496202	0.0	22578365	375	160.0
1606504091.7	160000	10.235862	0.0	8346702	141	160.0
1606504092.12	160000	10.819798	0.0	15775481	262	160.0
1606504092.39	160000	11.548068	0.0	9163235	152	160.0
1606504093.35	160000	11.587449	0.0	41307095	655	160.0
1606504094.0	160000	11.933845	0.0	28763893	423	160.0
1606504094.49	160000	12.451399	0.0	21266416	293	160.0
1606504095.05	160000	12.895382	0.0	23702229	352	160.0
1606504095.67	160000	13.270269	0.0	27580394	407	160.0
1606504096.22	160000	13.727387	0.0	20329780	355	160.0
1606504096.66	160000	14.284625	0.0	16109183	282	160.0
1606504098.11	160000	13.83839	0.0	58830800	973	160.0
1606504099.57	160000	13.379631	0.0	66935122	1031	160.0
1606504099.94	160000	14.006436	0.0	15251076	219	160.0
