1606475404.17	40000	1.000999	0.251	334476	240	-40.16
1606475409.27	20000	1.455582	4.209	11007815	4935	-673.44
1606475411.52	20000	1.337488	1.107	8849724	2129	-157.12
1606475412.04	20000	1.853008	0.0	3191121	422	20.0
1606475412.31	20000	2.593228	0.0	1661718	172	20.0
1606475412.53	20000	3.371421	0.0	1315024	135	20.0
1606475412.68	20000	4.217823	0.0	698359	71	20.0
1606475412.84	20000	5.060593	0.0	730082	75	20.0
1606475413.27	20000	5.629589	0.0	4047415	333	20.0
1606475413.6	20000	6.300115	0.0	2863079	236	20.0
1606475414.01	20000	6.890509	0.0	4167844	307	20.0
1606475414.49	20000	7.412721	0.0	5571764	372	20.0
1606475414.93	20000	7.972667	0.0	4925652	329	20.0
1606475415.17	20000	8.738173	0.0	2030157	137	20.0
1606475415.41	20000	9.498079	0.0	2240782	152	20.0
1606475415.83	40000	10.079573	0.0	4548277	311	20.0
1606475416.2	80000	10.70705	0.0	3201928	272	40.0
1606475416.89	80000	11.019303	0.0	6731501	573	80.0
1606475417.22	60000	11.695304	0.0	3263003	220	40.0
1606475418.42	60000	11.490347	0.0	15945082	993	60.0
1606475419.58	110000	11.34248	0.0	19285617	937	60.0
1606475420.61	160000	11.305262	0.0	21266416	834	110.0
1606475421.75	160000	11.17604	0.0	23702229	899	160.0
1606475422.91	160000	11.009904	0.0	27580394	931	160.0
1606475423.65	160000	11.271257	0.0	20329780	555	160.0
1606475424.2	160000	11.722038	0.0	16109183	384	160.0
1606475426.04	160000	10.882987	0.0	58830800	1219	160.0
1606475427.57	160000	10.347472	0.0	66935122	1102	160.0
1606475427.98	160000	10.940449	0.0	15251076	253	160.0
1606475428.41	160000	11.510687	0.0	16574034	268	160.0
1606475428.77	160000	12.157586	0.0	13009028	211	160.0
1606475429.11	160000	12.821394	0.0	12791674	197	160.0
1606475429.42	160000	13.504766	0.0	11137898	165	160.0
1606475429.73	160000	14.196523	0.0	11485310	170	160.0
1606475430.1	160000	14.828613	0.0	12428518	231	160.0
1606475430.49	160000	15.437716	0.0	9963766	262	160.0
1606475430.95	160000	15.98069	0.0	12189364	318	160.0
1606475432.58	160000	15.359798	0.0	10142396	1493	160.0
1606475433.53	160000	15.397472	0.0	10185488	831	160.0
1606475434.29	160000	15.64505	0.0	14061455	606	160.0
1606475434.96	160000	15.977448	0.0	20074099	484	160.0
1606475435.8	160000	16.130708	0.0	46115254	516	160.0
1606475436.52	160000	16.41546	0.0	40906522	403	160.0
1606475436.71	160000	17.224698	0.0	7891151	67	160.0
1606475437.1	160000	17.841004	0.0	21012466	192	160.0
1606475437.41	110000	18.527333	0.0	16044226	142	60.0
1606475437.66	110000	19.280481	0.0	12394633	111	110.0
1606475437.98	160000	19.95742	0.0	17000816	154	110.0
1606475438.27	160000	20.671409	0.0	14448126	140	160.0
1606475438.45	160000	21.491974	0.0	6958676	67	160.0
1606475438.67	160000	22.276686	0.0	9088791	88	160.0
1606475438.86	160000	23.090638	0.0	7211881	73	160.0
1606475438.98	160000	23.967511	0.0	3063586	29	160.0
1606475439.1	160000	24.848806	0.0	2782179	27	160.0
1606475439.32	160000	25.629394	0.0	9958410	94	160.0
1606475439.57	160000	26.377151	0.0	12158708	117	160.0
1606475439.83	160000	27.122713	0.0	12300216	118	160.0
1606475440.14	160000	27.813518	0.0	15815684	144	160.0
1606475440.4	160000	28.556305	0.0	13526256	113	160.0
1606475440.64	160000	29.313576	0.0	11995130	100	160.0
1606475440.9	160000	30.056938	0.0	13394791	112	160.0
1606475441.16	160000	30.791902	0.0	14135828	120	160.0
1606475441.45	160000	31.501902	0.0	15366126	137	160.0
1606475441.72	160000	32.232432	0.0	14248439	122	160.0
1606475441.99	160000	32.970305	0.0	13843717	119	160.0
1606475442.46	160000	33.500538	0.0	14665119	312	160.0
1606475443.1	160000	33.859921	0.0	21079187	449	160.0
1606475445.82	160000	32.13941	0.0	25480074	2515	160.0
1606475447.95	160000	31.015826	0.0	23021754	1919	160.0
1606475450.26	160000	29.706639	0.0	27527834	2086	160.0
1606475452.5	160000	28.464264	0.0	26155848	2030	160.0
1606475454.03	160000	27.933086	0.0	17849379	1345	160.0
1606475455.36	160000	27.603019	0.0	16546531	1170	160.0
1606475456.93	160000	27.038413	0.0	17718949	1392	160.0
1606475458.31	160000	26.663404	0.0	17337137	1211	160.0
1606475459.95	160000	26.024208	0.0	20008245	1459	160.0
1606475464.66	160000	22.307024	0.0	58430914	4325	160.0
1606475465.94	160000	22.030423	0.0	16292703	1111	160.0
1606475468.25	160000	20.719294	0.0	25587422	2101	160.0
1606475470.26	160000	19.714368	0.0	23982306	1804	160.0
1606475471.51	160000	19.460912	0.0	13347845	1104	160.0
1606475472.71	160000	19.266429	0.0	14337991	1037	160.0
1606475473.94	160000	19.04056	0.0	14584990	1073	160.0
1606475475.16	160000	18.819719	0.0	13962401	1075	160.0
1606475476.37	160000	18.609697	0.0	14393788	1060	160.0
1606475477.6	160000	18.375212	0.0	14649457	1086	160.0
1606475478.73	160000	18.245692	0.0	13409715	982	160.0
1606475480.05	160000	17.930251	0.0	13909605	1169	160.0
1606475481.31	160000	17.670533	0.0	13301968	1108	160.0
1606475482.85	160000	17.13057	0.0	19025846	1360	160.0
1606475484.72	160000	16.264827	0.0	19295426	1687	160.0
1606475486.36	160000	15.623826	0.0	18261873	1463	160.0
1606475488.1	160000	14.883897	0.0	19847604	1553	160.0
1606475489.92	160000	14.067615	0.0	18767181	1639	160.0
1606475491.3	160000	13.684301	0.0	22420858	1188	160.0
1606475492.16	160000	13.829923	0.0	19324333	671	160.0
1606475492.89	160000	14.098345	0.0	20392234	548	160.0
1606475493.21	160000	14.784357	0.0	7671072	200	160.0
1606475493.73	160000	15.263131	0.0	17781906	353	160.0
1606475494.13	160000	15.87083	0.0	12839336	251	160.0
1606475494.46	160000	16.533669	0.0	10779770	195	160.0
1606475494.85	160000	17.145003	0.0	14606687	241	160.0
1606475495.9	160000	17.098988	0.0	41866951	736	160.0
1606475496.81	160000	17.191667	0.0	37238410	607	160.0
1606475497.16	160000	17.838604	0.0	14347759	205	160.0
1606475497.44	160000	18.556352	0.0	11399187	149	160.0
1606475497.7	160000	19.29984	0.0	10358641	125	160.0
1606475498.03	160000	19.967055	0.0	14315696	172	160.0
1606475498.51	160000	20.497638	0.0	23283631	272	160.0
1606475499.18	160000	20.823921	0.0	37521367	387	160.0
1606475499.58	160000	21.420778	0.0	22241104	212	160.0
1606475499.89	160000	22.110385	0.0	15813346	146	160.0
1606475500.22	160000	22.785194	0.0	17116450	157	160.0
1606475500.54	160000	23.462846	0.0	18867054	148	160.0
1606475500.84	160000	24.170866	0.0	17393609	128	160.0
1606475501.23	160000	24.784099	0.0	24759401	181	160.0
1606475501.62	160000	25.393149	0.0	25782433	178	160.0
1606475502.02	160000	25.992832	0.0	25885372	177	160.0
1606475502.41	160000	26.605955	0.0	26242011	175	160.0
1606475502.84	160000	27.173935	0.0	23865378	211	160.0
1606475503.27	160000	27.742064	0.0	25470681	225	160.0
1606475503.67	160000	28.344403	0.0	27258768	167	160.0
1606475503.96	160000	29.065965	0.0	17853711	106	160.0
1606475504.2	160000	29.815602	0.0	14829893	88	160.0
1606475504.61	160000	30.413012	0.0	27779697	178	160.0
1606475505.02	160000	30.998203	0.0	27714923	195	160.0
1606475505.42	160000	31.600705	0.0	25946474	180	160.0
1606475505.77	160000	32.251386	0.0	19596259	168	160.0
1606475506.18	160000	32.845859	0.0	23774167	204	160.0
1606475506.52	160000	33.499981	0.0	19373656	166	160.0
1606475506.93	160000	34.095907	0.0	23977420	202	160.0
1606475507.34	160000	34.688868	0.0	24493733	205	160.0
1606475507.61	160000	35.412109	0.0	14528511	130	160.0
1606475507.93	160000	36.099724	0.0	16841176	151	160.0
1606475508.25	160000	36.782783	0.0	16743604	150	160.0
1606475508.61	160000	37.414931	0.0	17975224	196	160.0
1606475509.09	160000	37.936762	0.0	22329548	282	160.0
1606475509.46	160000	38.572979	0.0	16001583	203	160.0
1606475510.04	160000	38.98893	0.0	18238584	410	160.0
1606475510.86	160000	39.168583	0.0	21308824	620	160.0
1606475511.62	160000	39.416299	0.0	17749058	573	160.0
1606475512.05	160000	39.982142	0.0	14127787	287	160.0
1606475512.63	160000	40.40861	0.0	17525699	396	160.0
1606475513.24	160000	40.793989	0.0	14240042	469	160.0
1606475513.92	160000	41.121821	0.0	20324139	489	160.0
1606475515.05	160000	40.986564	0.0	21993033	946	160.0
1606475518.83	160000	38.206859	0.0	18863108	3582	160.0
1606475520.74	160000	37.296794	0.0	15964734	1746	160.0
1606475521.4	160000	37.644098	0.0	8284939	536	160.0
1606475521.75	160000	38.289271	0.0	9004706	235	160.0
1606475522.05	160000	38.990724	0.0	6955279	179	160.0
1606475522.46	160000	39.580791	0.0	10701639	279	160.0
1606475522.83	160000	40.213551	0.0	9459459	243	160.0
1606475523.01	160000	41.037422	0.0	3212828	82	160.0
1606475523.16	160000	41.887764	0.0	2509989	64	160.0
1606475523.28	160000	42.769309	0.0	2004927	51	160.0
1606475523.35	160000	43.703876	0.0	591360	15	160.0
1606475523.45	160000	45.031459	0.0	2394426	61	160.0
1606475523.79	40000	1.000999	0.052	336477	17	-8.32
1606475524.38	20000	1.762222	0.0	11007815	398	0.0
1606475524.83	20000	2.310043	0.0	8849724	322	20.0
1606475525.04	20000	3.095052	0.0	3191121	117	20.0
1606475525.51	60000	3.631564	0.0	8954217	328	20.0
1606475526.3	60000	3.95485	0.0	7325507	672	60.0
1606475526.9	80000	4.360757	0.0	6232523	482	60.0
1606475527.41	80000	4.854632	0.0	5425476	400	80.0
1606475530.03	110000	3.251979	0.0	48103258	2028	80.0
1606475530.87	110000	3.410995	0.0	28884539	609	110.0
1606475531.62	110000	3.665876	0.0	26873304	525	110.0
1606475532.54	110000	3.747134	0.0	33588177	655	110.0
1606475533.37	110000	3.91379	0.0	25684661	603	110.0
1606475534.08	160000	4.209382	0.0	19559369	500	110.0
1606475534.83	160000	4.455824	0.0	22224402	551	160.0
1606475535.53	160000	4.752786	0.0	22578365	507	160.0
1606475535.82	160000	5.462663	0.0	8346702	172	160.0
1606475536.34	160000	5.954475	0.0	15775481	344	160.0
1606475536.64	160000	6.644773	0.0	9163235	184	160.0
1606475537.69	160000	6.603849	0.0	41307095	742	160.0
1606475538.43	160000	6.865982	0.0	28763893	495	160.0
1606475538.98	160000	7.310995	0.0	21266416	356	160.0
1606475539.59	160000	7.705474	0.0	23702229	397	160.0
1606475540.22	160000	8.076925	0.0	27580394	402	160.0
1606475540.71	160000	8.585054	0.0	20329780	306	160.0
1606475541.05	160000	9.245523	0.0	16109183	180	160.0
1606475542.23	160000	9.066511	0.0	58830800	703	160.0
1606475543.53	160000	8.771908	0.0	66935122	850	160.0
1606475543.82	160000	9.479436	0.0	15251076	134	160.0
