1606523171.16	40000	1.000999	0.041	334476	25	-6.560000000000002
1606523172.29	40000	1.309269	0.083	14648397	1001	26.72
1606523173.29	60000	1.420048	0.081	20421673	828	27.04
1606523173.69	60000	2.020453	0.0	13063186	324	60.0
1606523173.96	60000	2.797104	0.0	8954217	211	60.0
1606523174.3	80000	3.462048	0.0	11497228	262	60.0
1606523174.58	80000	4.198528	0.0	6232523	238	80.0
1606523174.85	80000	4.953274	0.0	5425476	221	80.0
1606523176.81	80000	4.007172	0.0	29583867	1715	80.0
1606523177.68	110000	4.134914	0.0	28884539	695	80.0
1606523178.23	110000	4.596843	0.0	26873304	388	110.0
1606523178.87	110000	4.947814	0.0	33588177	452	110.0
1606523179.39	110000	5.446596	0.0	25684661	339	110.0
1606523179.57	110000	6.251218	0.0	10838546	116	110.0
1606523179.95	160000	6.878152	0.0	22224402	238	110.0
1606523180.32	160000	7.503113	0.0	22578365	242	160.0
1606523180.48	160000	8.347829	0.0	8346702	103	160.0
1606523180.8	160000	9.028422	0.0	15775481	210	160.0
1606523180.98	160000	9.849771	0.0	9163235	122	160.0
1606523181.8	160000	10.035186	0.0	41307095	526	160.0
1606523182.27	160000	10.557957	0.0	28763893	307	160.0
1606523183.56	160000	10.275592	0.0	21266416	1136	160.0
1606523185.69	160000	9.143406	0.0	23702229	1997	160.0
1606523187.99	160000	7.847233	0.0	27580394	2143	160.0
1606523189.62	160000	7.21735	0.0	20329780	1500	160.0
1606523191.16	160000	6.671836	0.0	16109183	1447	160.0
1606523194.63	160000	4.209276	0.0	58830800	2998	160.0
1606523196.72	160000	3.114235	0.0	66935122	1723	160.0
1606523197.21	160000	3.627245	0.0	15251076	397	160.0
1606523197.75	160000	4.091276	0.0	16574034	438	160.0
1606523198.18	160000	4.662583	0.0	13009028	351	160.0
1606523198.73	160000	5.107156	0.0	12791674	474	160.0
1606523199.72	160000	5.120416	0.0	11137898	918	160.0
1606523200.63	160000	5.211111	0.0	11485310	840	160.0
1606523201.82	160000	5.02471	0.0	12428518	1113	160.0
1606523203.27	160000	4.575092	0.0	9963766	1393	160.0
1606523204.27	160000	4.575229	0.0	12189364	929	160.0
1606523205.11	160000	4.740561	0.0	10142396	769	160.0
1606523205.91	160000	4.938212	0.0	10185488	741	160.0
1606523207.32	160000	4.530648	0.0	14061455	1327	160.0
1606523210.16	160000	2.686786	0.0	20074099	2719	160.0
1606523213.85	160000	1.269118	1.271	46115254	3456	-43.360000000000014
1606523217.13	160000	1.369068	2.373	40906522	3055	-219.68
1606523217.82	160000	1.683404	0.0	7891151	635	160.0
1606523219.58	160000	1.494596	0.575	21012466	1658	68.0
1606523221.47	160000	1.320919	0.718	23519424	1776	45.120000000000005
1606523222.93	160000	1.290018	0.426	18715420	1361	91.84
1606523224.55	160000	1.466853	0.799	17000816	1538	32.16
1606523224.95	160000	2.076115	0.0	14448126	305	160.0
1606523225.12	160000	2.906289	0.0	6958676	123	160.0
1606523225.34	160000	3.688225	0.0	9088791	161	160.0
1606523225.51	160000	4.514302	0.0	7211881	128	160.0
1606523225.59	160000	5.434777	0.0	3063586	54	160.0
1606523225.66	160000	6.371233	0.0	2782179	40	160.0
1606523225.83	160000	7.202271	0.0	9958410	109	160.0
1606523226.03	160000	7.997634	0.0	12158708	133	160.0
1606523226.24	160000	8.790834	0.0	12300216	135	160.0
1606523226.51	160000	9.526619	0.0	15815684	173	160.0
1606523226.74	160000	10.296238	0.0	13526256	144	160.0
1606523226.93	160000	11.107287	0.0	11995130	121	160.0
1606523227.14	160000	11.895926	0.0	13394791	135	160.0
1606523227.36	160000	12.674083	0.0	14135828	142	160.0
1606523227.61	160000	13.429192	0.0	15366126	154	160.0
1606523227.82	160000	14.2147	0.0	14248439	133	160.0
1606523228.03	160000	15.009126	0.0	13843717	127	160.0
1606523228.25	160000	15.784771	0.0	14665119	135	160.0
1606523228.58	160000	16.457666	0.0	21079187	193	160.0
1606523229.38	160000	16.660007	0.0	25480074	657	160.0
1606523230.9	160000	16.145723	0.0	23021754	1380	160.0
1606523232.19	160000	15.855142	0.0	27527834	1141	160.0
1606523232.87	160000	16.173459	0.0	26155848	521	160.0
1606523233.14	160000	16.913785	0.0	17849379	156	160.0
1606523233.38	160000	17.663259	0.0	16546531	145	160.0
1606523233.65	160000	18.395915	0.0	17718949	153	160.0
1606523233.95	160000	19.100924	0.0	17337137	195	160.0
1606523234.3	160000	19.752366	0.0	20008245	230	160.0
1606523235.28	160000	19.774779	0.0	58430914	668	160.0
1606523235.56	160000	20.487889	0.0	16292703	184	160.0
1606523235.97	160000	21.086894	0.0	25587422	260	160.0
1606523236.33	160000	21.727231	0.0	23982306	226	160.0
1606523236.54	160000	22.512443	0.0	13347845	132	160.0
1606523236.76	160000	23.296026	0.0	14337991	135	160.0
1606523237.17	160000	23.884283	0.0	14584990	329	160.0
1606523237.58	160000	24.490474	0.0	13962401	315	160.0
1606523237.87	160000	25.191924	0.0	14393788	205	160.0
1606523238.1	160000	25.958668	0.0	14649457	150	160.0
1606523238.32	160000	26.744679	0.0	13409715	137	160.0
1606523238.55	160000	27.514356	0.0	13909605	147	160.0
1606523238.76	160000	28.303028	0.0	13301968	136	160.0
1606523239.28	160000	28.781986	0.0	19025846	401	160.0
1606523239.8	160000	29.264229	0.0	19295426	407	160.0
1606523240.23	160000	29.830984	0.0	18261873	329	160.0
1606523240.72	160000	30.347138	0.0	19847604	364	160.0
1606523242.0	160000	30.071653	0.0	18767181	1168	160.0
1606523243.41	160000	29.654687	0.0	22420858	1288	160.0
1606523244.57	160000	29.498155	0.0	19324333	1040	160.0
1606523245.74	160000	29.328928	0.0	20392234	1054	160.0
1606523246.33	160000	29.739656	0.0	7671072	537	160.0
1606523247.81	160000	29.259853	0.0	17781906	1379	160.0
1606523249.15	160000	28.925569	0.0	12839336	1258	160.0
1606523249.95	160000	29.126209	0.0	10779770	739	160.0
1606523250.48	160000	29.591052	0.0	14606687	452	160.0
1606523251.5	160000	29.579121	0.0	41866951	771	160.0
1606523252.25	160000	29.831521	0.0	37238410	532	160.0
1606523252.53	160000	30.551885	0.0	14347759	199	160.0
1606523252.75	160000	31.328224	0.0	11399187	154	160.0
1606523252.94	160000	32.139383	0.0	10358641	128	160.0
1606523253.2	160000	32.885823	0.0	14315696	173	160.0
1606523253.62	160000	33.464236	0.0	23283631	279	160.0
1606523254.28	160000	33.806794	0.0	37521367	432	160.0
1606523254.66	160000	34.423745	0.0	22241104	254	160.0
1606523254.93	160000	35.152811	0.0	15813346	171	160.0
1606523255.2	160000	35.882367	0.0	17116450	172	160.0
1606523255.5	160000	36.581556	0.0	18867054	189	160.0
1606523255.78	160000	37.304417	0.0	17393609	175	160.0
1606523256.16	160000	37.93109	0.0	24759401	232	160.0
1606523256.54	160000	38.548401	0.0	25782433	241	160.0
1606523256.94	160000	39.14941	0.0	25885372	242	160.0
1606523257.32	160000	39.772353	0.0	26242011	233	160.0
1606523257.68	160000	40.414184	0.0	23865378	213	160.0
1606523258.06	160000	41.036655	0.0	25470681	241	160.0
1606523258.5	160000	41.595345	0.0	27258768	281	160.0
1606523258.78	160000	42.312846	0.0	17853711	183	160.0
1606523259.02	160000	43.079992	0.0	14829893	153	160.0
1606523259.46	160000	43.634566	0.0	27779697	290	160.0
1606523259.9	160000	44.19874	0.0	27714923	289	160.0
1606523260.29	160000	44.806673	0.0	25946474	248	160.0
1606523260.59	160000	45.506249	0.0	19596259	187	160.0
1606523260.96	160000	46.139155	0.0	23774167	235	160.0
1606523261.4	160000	46.708393	0.0	19373656	316	160.0
1606523261.93	160000	47.178347	0.0	23977420	391	160.0
1606523263.95	160000	46.15017	0.0	24493733	1898	160.0
1606523264.37	160000	46.733065	0.0	14528511	335	160.0
1606523264.87	160000	47.24314	0.0	16841176	394	160.0
1606523266.21	160000	46.901561	0.0	16743604	1240	160.0
1606523267.53	160000	46.577335	0.0	17975224	1221	160.0
1606523269.72	160000	45.388515	0.0	22329548	2061	160.0
1606523270.96	160000	45.146229	0.0	16001583	1148	160.0
1606523272.34	160000	44.772862	0.0	18238584	1266	160.0
1606523274.23	160000	43.886801	0.0	21308824	1766	160.0
1606523275.76	160000	43.352346	0.0	17749058	1431	160.0
1606523276.85	160000	43.262604	0.0	14127787	1009	160.0
1606523278.14	160000	42.976796	0.0	17525699	1186	160.0
1606523279.23	160000	42.886813	0.0	14240042	1009	160.0
1606523280.85	160000	42.268684	0.0	20324139	1498	160.0
1606523282.71	160000	41.410341	0.0	21993033	1737	160.0
1606523284.33	160000	40.793094	0.0	18863108	1506	160.0
1606523285.61	160000	40.509747	0.0	15964734	1188	160.0
1606523286.26	160000	40.864633	0.0	8284939	593	160.0
1606523286.95	160000	41.171062	0.0	9004706	637	160.0
1606523287.58	160000	41.541554	0.0	6955279	586	160.0
1606523288.18	160000	41.94328	0.0	10701639	536	160.0
1606523288.44	160000	42.682598	0.0	9459459	204	160.0
1606523288.54	160000	43.585889	0.0	3212828	69	160.0
1606523288.62	160000	44.508822	0.0	2509989	53	160.0
1606523288.68	160000	45.444557	0.0	2004927	43	160.0
1606523288.71	160000	46.419141	0.0	591360	13	160.0
1606523288.78	160000	47.779686	0.0	2394426	51	160.0
1606523289.06	40000	1.000999	0.045	337339	4	-7.200000000000003
1606523289.41	40000	2.001999	0.0	14648397	190	40.0
1606523289.85	60000	2.609934	0.0	20421673	265	40.0
1606523290.1	60000	3.360894	0.0	13063186	170	60.0
1606523290.28	60000	4.174242	0.0	8954217	124	60.0
1606523290.53	80000	4.93123	0.0	11497228	158	60.0
1606523290.66	80000	5.800356	0.0	6232523	85	80.0
1606523290.77	80000	6.686191	0.0	5425476	75	80.0
1606523291.41	80000	7.119754	0.0	29583867	391	80.0
1606523291.93	110000	7.637558	0.0	28884539	358	80.0
1606523292.42	110000	8.169082	0.0	26873304	334	110.0
1606523293.05	110000	8.571165	0.0	33588177	434	110.0
1606523295.19	110000	7.450313	0.0	25684661	1996	110.0
1606523295.5	110000	8.136193	0.0	10838546	242	110.0
1606523296.14	160000	8.503431	0.0	22224402	497	110.0
1606523296.51	160000	9.132365	0.0	22578365	239	160.0
1606523296.65	160000	9.996291	0.0	8346702	83	160.0
1606523296.91	160000	10.736049	0.0	15775481	167	160.0
1606523297.06	160000	11.582669	0.0	9163235	96	160.0
1606523297.7	160000	11.942776	0.0	41307095	355	160.0
1606523298.12	160000	12.523763	0.0	28763893	248	160.0
1606523298.45	160000	13.201377	0.0	21266416	186	160.0
1606523298.8	160000	13.851656	0.0	23702229	208	160.0
1606523299.2	160000	14.453791	0.0	27580394	239	160.0
1606523299.55	160000	15.098017	0.0	20329780	217	160.0
1606523299.82	160000	15.830885	0.0	16109183	170	160.0
1606523300.89	160000	15.76302	0.0	58830800	594	160.0
1606523302.04	160000	15.619405	0.0	66935122	770	160.0
1606523302.26	160000	16.391394	0.0	15251076	139	160.0
1606523302.5	160000	17.155487	0.0	16574034	138	160.0
1606523302.68	160000	17.972915	0.0	13009028	108	160.0
1606523302.87	160000	18.793912	0.0	12791674	105	160.0
1606523303.03	160000	19.629515	0.0	11137898	96	160.0
1606523303.22	160000	20.436769	0.0	11485310	125	160.0
1606523303.46	160000	21.197557	0.0	12428518	169	160.0
1606523303.66	160000	22.003333	0.0	9963766	135	160.0
1606523303.9	160000	22.768851	0.0	12189364	164	160.0
1606523304.09	160000	23.572025	0.0	10142396	137	160.0
1606523304.28	160000	24.386371	0.0	10185488	126	160.0
1606523304.54	160000	25.125678	0.0	14061455	178	160.0
1606523304.91	160000	25.760039	0.0	20074099	247	160.0
1606523305.75	160000	25.915013	0.0	46115254	586	160.0
1606523307.33	160000	25.338836	0.0	40906522	1339	160.0
1606523307.91	160000	25.759223	0.0	7891151	527	160.0
1606523309.61	160000	25.06449	0.0	21012466	1573	160.0
1606523311.4	160000	24.269649	0.0	23519424	1660	160.0
1606523312.88	160000	23.798678	0.0	18715420	1361	160.0
1606523314.24	160000	23.439854	0.0	17000816	1257	160.0
1606523315.27	160000	23.407493	0.0	14448126	946	160.0
1606523315.42	160000	24.252927	0.0	6958676	99	160.0
1606523315.63	160000	25.053883	0.0	9088791	139	160.0
1606523315.79	160000	25.886272	0.0	7211881	109	160.0
1606523315.87	160000	26.812422	0.0	3063586	47	160.0
1606523315.94	160000	27.744859	0.0	2782179	43	160.0
1606523316.16	160000	28.524231	0.0	9958410	153	160.0
1606523316.36	160000	29.323784	0.0	12158708	126	160.0
1606523316.57	160000	30.11872	0.0	12300216	128	160.0
1606523316.84	160000	30.846893	0.0	15815684	162	160.0
1606523317.06	160000	31.62735	0.0	13526256	138	160.0
1606523317.26	160000	32.43017	0.0	11995130	125	160.0
1606523317.49	160000	33.202842	0.0	13394791	151	160.0
1606523317.73	160000	33.959983	0.0	14135828	158	160.0
1606523317.99	160000	34.701079	0.0	15366126	173	160.0
