1606483679.83	40000	1.000999	0.015	334476	4	-2.3999999999999986
1606483680.18	40000	1.949354	0.0	14648397	182	40.0
1606483680.61	60000	2.617833	0.0	20421673	254	40.0
1606483680.84	60000	3.391138	0.0	13063186	147	60.0
1606483680.99	60000	4.233739	0.0	8954217	102	60.0
1606483681.2	80000	5.027099	0.0	11497228	129	60.0
1606483681.32	80000	5.912202	0.0	6232523	70	80.0
1606483681.41	80000	6.8173	0.0	5425476	61	80.0
1606483681.97	80000	7.295227	0.0	29583867	303	80.0
1606483682.44	110000	7.892505	0.0	28884539	271	80.0
1606483683.04	110000	8.300927	0.0	26873304	447	110.0
1606483684.58	110000	7.802082	0.0	33588177	1349	110.0
1606483686.53	110000	6.859788	0.0	25684661	1799	110.0
1606483686.8	110000	7.591022	0.0	10838546	203	110.0
1606483687.23	160000	8.154855	0.0	22224402	307	110.0
1606483687.68	160000	8.7137	0.0	22578365	312	160.0
1606483687.95	160000	9.445904	0.0	8346702	216	160.0
1606483688.46	160000	9.931236	0.0	15775481	408	160.0
1606483688.91	160000	10.480234	0.0	9163235	393	160.0
1606483692.39	160000	8.008907	0.0	41307095	3181	160.0
1606483693.17	160000	8.222227	0.0	28763893	617	160.0
1606483693.63	160000	8.774022	0.0	21266416	315	160.0
1606483694.1	160000	9.298109	0.0	23702229	331	160.0
1606483694.65	160000	9.752988	0.0	27580394	391	160.0
1606483695.05	160000	10.357995	0.0	20329780	265	160.0
1606483695.36	160000	11.044744	0.0	16109183	207	160.0
1606483698.88	160000	8.523939	0.0	58830800	3056	160.0
1606483701.09	160000	7.315229	0.0	66935122	1843	160.0
1606483701.41	160000	7.988728	0.0	15251076	237	160.0
1606483701.77	160000	8.631725	0.0	16574034	260	160.0
1606483702.04	160000	9.362897	0.0	13009028	194	160.0
1606483702.32	160000	10.087815	0.0	12791674	200	160.0
1606483702.56	160000	10.842169	0.0	11137898	180	160.0
1606483702.8	160000	11.604229	0.0	11485310	169	160.0
1606483703.05	160000	12.358441	0.0	12428518	175	160.0
1606483703.28	160000	13.134951	0.0	9963766	155	160.0
1606483703.53	160000	13.886083	0.0	12189364	172	160.0
1606483703.74	160000	14.667745	0.0	10142396	157	160.0
1606483703.94	160000	15.469945	0.0	10185488	137	160.0
1606483704.21	160000	16.19988	0.0	14061455	189	160.0
1606483704.6	160000	16.813547	0.0	20074099	270	160.0
1606483705.48	160000	16.9396	0.0	46115254	622	160.0
1606483706.27	160000	17.148627	0.0	40906522	549	160.0
1606483706.43	160000	17.98909	0.0	7891151	105	160.0
1606483706.84	160000	18.582451	0.0	21012466	280	160.0
1606483707.29	160000	19.132545	0.0	23519424	315	160.0
1606483707.66	160000	19.760027	0.0	18715420	250	160.0
1606483708.01	160000	20.415099	0.0	17000816	243	160.0
1606483708.31	160000	21.110315	0.0	14448126	212	160.0
1606483708.46	160000	21.964905	0.0	6958676	100	160.0
1606483708.65	160000	22.777204	0.0	9088791	133	160.0
1606483708.79	160000	23.631741	0.0	7211881	103	160.0
1606483708.86	160000	24.566405	0.0	3063586	41	160.0
1606483708.92	160000	25.506375	0.0	2782179	36	160.0
1606483709.11	160000	26.31948	0.0	9958410	129	160.0
1606483709.35	160000	27.081878	0.0	12158708	159	160.0
1606483709.58	160000	27.850278	0.0	12300216	160	160.0
1606483709.88	160000	28.549952	0.0	15815684	208	160.0
1606483710.14	160000	29.288809	0.0	13526256	185	160.0
1606483710.38	160000	30.055293	0.0	11995130	165	160.0
1606483710.64	160000	30.798477	0.0	13394791	184	160.0
1606483710.91	160000	31.528574	0.0	14135828	190	160.0
1606483711.21	160000	32.231375	0.0	15366126	208	160.0
1606483711.48	160000	32.961651	0.0	14248439	188	160.0
1606483711.74	160000	33.700548	0.0	13843717	183	160.0
1606483712.08	160000	34.357911	0.0	14665119	248	160.0
1606483712.56	160000	34.884094	0.0	21079187	357	160.0
1606483713.05	160000	35.39673	0.0	25480074	348	160.0
1606483713.43	160000	36.011593	0.0	23021754	253	160.0
1606483713.88	160000	36.562712	0.0	27527834	303	160.0
1606483714.29	160000	37.151295	0.0	26155848	250	160.0
1606483714.57	160000	37.877279	0.0	17849379	171	160.0
1606483714.82	160000	38.623441	0.0	16546531	158	160.0
1606483715.08	160000	39.369537	0.0	17718949	145	160.0
1606483715.32	160000	40.125299	0.0	17337137	142	160.0
1606483715.6	160000	40.847619	0.0	20008245	164	160.0
1606483726.56	160000	30.891822	0.0	58430914	10634	160.0
1606483727.78	160000	30.671461	0.0	16292703	1115	160.0
1606483730.08	160000	29.37233	0.0	25587422	2163	160.0
1606483731.96	160000	28.496396	0.0	23982306	1745	160.0
1606483733.09	160000	28.362429	0.0	13347845	1057	160.0
1606483734.47	160000	27.981601	0.0	14337991	1303	160.0
1606483735.76	160000	27.6936	0.0	14584990	1207	160.0
1606483736.93	160000	27.526909	0.0	13962401	1088	160.0
1606483737.97	160000	27.485985	0.0	14393788	962	160.0
1606483739.31	160000	27.149753	0.0	14649457	1253	160.0
1606483740.33	160000	27.127005	0.0	13409715	947	160.0
1606483741.42	160000	27.041246	0.0	13909605	999	160.0
1606483742.48	160000	26.985472	0.0	13301968	981	160.0
1606483743.94	160000	26.519897	0.0	19025846	1356	160.0
1606483745.44	160000	26.023919	0.0	19295426	1384	160.0
1606483747.06	160000	25.409462	0.0	18261873	1508	160.0
1606483748.76	160000	24.702607	0.0	19847604	1588	160.0
1606483750.43	160000	24.039407	0.0	18767181	1557	160.0
1606483752.25	160000	23.221707	0.0	22420858	1694	160.0
1606483753.96	160000	22.504854	0.0	19324333	1601	160.0
1606483755.6	160000	21.867685	0.0	20392234	1526	160.0
1606483756.32	160000	22.155053	0.0	7671072	661	160.0
1606483757.83	160000	21.639556	0.0	17781906	1413	160.0
1606483758.81	160000	21.661185	0.0	12839336	901	160.0
1606483759.7	160000	21.77622	0.0	10779770	822	160.0
1606483761.11	160000	21.362108	0.0	14606687	1336	160.0
1606483763.74	160000	19.735412	0.0	41866951	2382	160.0
1606483764.63	160000	19.843115	0.0	37238410	661	160.0
1606483764.91	160000	20.570052	0.0	14347759	193	160.0
1606483765.13	160000	21.351632	0.0	11399187	153	160.0
1606483765.31	160000	22.174164	0.0	10358641	116	160.0
1606483765.55	160000	22.934808	0.0	14315696	161	160.0
1606483765.94	160000	23.543234	0.0	23283631	261	160.0
1606483766.57	160000	23.913707	0.0	37521367	401	160.0
1606483766.93	160000	24.552656	0.0	22241104	236	160.0
1606483767.29	160000	25.199462	0.0	15813346	258	160.0
1606483768.81	160000	24.678249	0.0	17116450	1421	160.0
1606483772.79	160000	21.695683	0.0	18867054	3873	160.0
1606483774.16	160000	21.333407	0.0	17393609	1262	160.0
1606483776.38	160000	20.112423	0.0	24759401	2074	160.0
1606483778.51	160000	18.982044	0.0	25782433	1995	160.0
1606483781.82	160000	16.674192	0.0	25885372	3159	160.0
1606483785.09	160000	14.406129	0.0	26242011	3119	160.0
1606483787.14	160000	13.356407	0.0	23865378	1908	160.0
1606483789.01	160000	12.48247	0.0	25470681	1738	160.0
1606483791.37	160000	11.12685	0.0	27258768	2191	160.0
1606483791.9	160000	11.595522	0.0	17853711	426	160.0
1606483792.33	160000	12.171972	0.0	14829893	339	160.0
1606483792.78	160000	12.723311	0.0	27779697	288	160.0
1606483793.22	160000	13.276153	0.0	27714923	287	160.0
1606483793.6	160000	13.90573	0.0	25946474	224	160.0
1606483793.88	160000	14.629803	0.0	19596259	167	160.0
1606483794.22	160000	15.285087	0.0	23774167	202	160.0
1606483794.49	160000	16.010873	0.0	19373656	163	160.0
1606483794.83	160000	16.6763	0.0	23977420	202	160.0
1606483795.18	160000	17.327937	0.0	24493733	211	160.0
1606483795.4	160000	18.11154	0.0	14528511	130	160.0
1606483795.64	160000	18.865908	0.0	16841176	148	160.0
1606483795.9	160000	19.608926	0.0	16743604	153	160.0
1606483796.16	160000	20.346649	0.0	17975224	158	160.0
1606483796.48	160000	21.027344	0.0	22329548	193	160.0
1606483796.72	160000	21.793924	0.0	16001583	137	160.0
1606483796.98	160000	22.533574	0.0	18238584	156	160.0
1606483797.29	160000	23.223291	0.0	21308824	182	160.0
1606483797.52	160000	23.998837	0.0	17749058	128	160.0
1606483797.7	160000	24.816383	0.0	14127787	102	160.0
1606483797.93	160000	25.587423	0.0	17525699	127	160.0
1606483798.11	160000	26.404437	0.0	14240042	103	160.0
1606483798.38	160000	27.13754	0.0	20324139	147	160.0
1606483798.69	160000	27.832326	0.0	21993033	177	160.0
1606483798.96	160000	28.565048	0.0	18863108	152	160.0
1606483799.19	160000	29.331678	0.0	15964734	128	160.0
1606483799.31	160000	30.213349	0.0	8284939	67	160.0
1606483799.43	160000	31.096268	0.0	9004706	60	160.0
1606483799.52	160000	32.006617	0.0	6955279	46	160.0
1606483799.65	160000	32.873082	0.0	10701639	71	160.0
1606483799.79	160000	33.741196	0.0	9459459	70	160.0
1606483799.84	160000	34.691996	0.0	3212828	22	160.0
1606483799.88	160000	35.65292	0.0	2509989	17	160.0
1606483799.91	160000	36.620166	0.0	2004927	14	160.0
1606483799.93	160000	37.602121	0.0	591360	4	160.0
1606483799.97	160000	38.997987	0.0	2394426	16	160.0
1606483800.28	40000	1.000999	0.072	337339	1	-11.52
1606483800.55	40000	2.001999	0.0	14648397	109	40.0
1606483800.88	60000	2.768919	0.0	20421673	153	40.0
1606483801.06	60000	3.59252	0.0	13063186	97	60.0
1606483801.19	60000	4.466904	0.0	8954217	67	60.0
1606483801.34	80000	5.310434	0.0	11497228	86	60.0
1606483801.47	80000	6.201192	0.0	6232523	65	80.0
1606483801.56	80000	7.094944	0.0	5425476	56	80.0
1606483802.11	80000	7.549821	0.0	29583867	310	80.0
1606483806.44	110000	4.439476	0.0	28884539	4159	80.0
1606483807.93	110000	3.95737	0.0	26873304	1330	110.0
1606483809.07	110000	3.8151	0.0	33588177	953	110.0
1606483809.88	110000	4.008822	0.0	25684661	657	110.0
1606483810.22	110000	4.668959	0.0	10838546	271	110.0
1606483810.89	160000	5.001545	0.0	22224402	529	110.0
1606483811.65	160000	5.240184	0.0	22578365	625	160.0
1606483812.14	160000	5.753286	0.0	8346702	435	160.0
1606483817.61	160000	1.30798	0.031	15775481	5375	155.04
1606483818.5	160000	1.424096	0.0	9163235	827	160.0
1606483821.65	160000	1.366415	2.093	41307095	2902	-174.88
1606483822.17	160000	1.85115	0.0	28763893	347	160.0
1606483822.56	160000	2.466065	0.0	21266416	249	160.0
1606483822.88	160000	3.140178	0.0	23702229	179	160.0
1606483823.24	160000	3.780541	0.0	27580394	208	160.0
1606483823.53	160000	4.49244	0.0	20329780	151	160.0
1606483823.78	160000	5.241889	0.0	16109183	156	160.0
1606483824.81	160000	5.213711	0.0	58830800	568	160.0
1606483830.17	160000	1.464532	0.616	66935122	5044	61.44
1606483830.48	160000	2.156439	0.0	15251076	219	160.0
1606483830.85	160000	2.788873	0.0	16574034	260	160.0
1606483831.13	160000	3.506295	0.0	13009028	205	160.0
1606483831.41	160000	4.231848	0.0	12791674	201	160.0
1606483831.62	160000	5.02037	0.0	11137898	146	160.0
1606483831.83	160000	5.813815	0.0	11485310	140	160.0
1606483832.06	160000	6.585626	0.0	12428518	150	160.0
1606483832.24	160000	7.406219	0.0	9963766	122	160.0
1606483832.46	160000	8.187949	0.0	12189364	148	160.0
1606483832.68	160000	8.972117	0.0	10142396	154	160.0
1606483832.89	160000	9.754729	0.0	10185488	155	160.0
1606483833.19	160000	10.46038	0.0	14061455	214	160.0
1606483833.62	160000	11.031825	0.0	20074099	311	160.0
1606483834.51	160000	11.142924	0.0	46115254	627	160.0
1606483838.87	160000	7.786117	0.0	40906522	4119	160.0
1606483839.01	160000	8.639789	0.0	7891151	94	160.0
1606483839.39	160000	9.270154	0.0	21012466	251	160.0
1606483839.87	160000	9.789367	0.0	23519424	350	160.0
1606483840.29	160000	10.362638	0.0	18715420	317	160.0
1606483840.96	160000	10.694773	0.0	17000816	570	160.0
1606483841.81	160000	10.844511	0.0	14448126	761	160.0
1606483842.05	160000	11.614538	0.0	6958676	186	160.0
1606483842.36	160000	12.30733	0.0	9088791	242	160.0
1606483842.58	160000	13.080221	0.0	7211881	176	160.0
1606483842.64	160000	14.019695	0.0	3063586	35	160.0
1606483842.7	160000	14.964296	0.0	2782179	32	160.0
1606483842.87	160000	15.792732	0.0	9958410	114	160.0
1606483843.08	160000	16.583714	0.0	12158708	140	160.0
1606483843.3	160000	17.37104	0.0	12300216	141	160.0
1606483843.57	160000	18.096398	0.0	15815684	180	160.0
1606483843.82	160000	18.857111	0.0	13526256	162	160.0
1606483844.03	160000	19.636255	0.0	11995130	141	160.0
1606483844.27	160000	20.400914	0.0	13394791	160	160.0
1606483844.52	160000	21.147685	0.0	14135828	169	160.0
1606483844.79	160000	21.883448	0.0	15366126	167	160.0
