1606457094.03	40000	1.000999	0.035	334476	25	-5.600000000000001
1606457095.27	40000	1.403577	0.255	14648397	1094	-0.7999999999999972
1606457099.49	60000	1.323083	3.103	20421673	4066	-456.48
1606457100.78	60000	1.432336	0.374	13063186	1224	0.1599999999999966
1606457101.65	60000	1.590849	0.0	8954217	812	60.0
1606457102.66	80000	1.618471	0.0	11497228	940	60.0
1606457103.25	80000	2.028807	0.0	6232523	547	80.0
1606457103.8	80000	2.479485	0.0	5425476	512	80.0
1606457106.77	80000	1.336909	0.825	29583867	2752	-52.0
1606457109.41	110000	1.412713	1.715	28884539	2486	-194.39999999999998
1606457113.3	110000	1.379033	2.856	26873304	3758	-346.96
1606457115.66	110000	1.45408	1.431	33588177	2190	-118.96000000000001
1606457116.92	110000	1.41723	0.222	25684661	1136	74.47999999999999
1606457117.39	110000	1.947587	0.0	10838546	399	110.0
1606457118.31	160000	2.025753	0.0	22224402	793	110.0
1606457119.19	160000	2.1489	0.0	22578365	741	160.0
1606457119.48	160000	2.859029	0.0	8346702	239	160.0
1606457120.05	160000	3.292137	0.0	15775481	462	160.0
1606457120.37	160000	3.977194	0.0	9163235	254	160.0
1606457127.6	160000	1.324325	3.582	41307095	6983	-413.12
1606457130.17	160000	1.476761	1.73	28763893	2383	-116.80000000000001
1606457132.82	160000	1.416722	1.582	21266416	2528	-93.12
1606457133.86	160000	1.37893	0.0	23702229	904	160.0
1606457134.6	160000	1.636363	0.0	27580394	584	160.0
1606457135.12	160000	2.113738	0.0	20329780	376	160.0
1606457136.9	160000	1.334906	0.0	16109183	1686	160.0
1606457138.73	160000	1.291534	0.781	58830800	1410	35.040000000000006
1606457140.06	160000	1.211216	0.251	66935122	1003	119.84
1606457140.33	160000	1.9328	0.0	15251076	188	160.0
1606457140.64	160000	2.631805	0.0	16574034	195	160.0
1606457140.87	160000	3.40082	0.0	13009028	153	160.0
1606457141.09	160000	4.176224	0.0	12791674	150	160.0
1606457141.3	160000	4.973498	0.0	11137898	139	160.0
1606457141.51	160000	5.75967	0.0	11485310	146	160.0
1606457141.75	160000	6.526164	0.0	12428518	156	160.0
1606457141.93	160000	7.34181	0.0	9963766	126	160.0
1606457142.16	160000	8.117571	0.0	12189364	154	160.0
1606457142.32	160000	8.952477	0.0	10142396	103	160.0
1606457142.5	160000	9.780913	0.0	10185488	104	160.0
1606457142.73	160000	10.549645	0.0	14061455	144	160.0
1606457143.05	160000	11.226927	0.0	20074099	205	160.0
1606457143.81	160000	11.475367	0.0	46115254	497	160.0
1606457144.5	160000	11.789472	0.0	40906522	439	160.0
1606457144.63	160000	12.652065	0.0	7891151	83	160.0
1606457144.97	160000	13.316269	0.0	21012466	220	160.0
1606457145.34	160000	13.948424	0.0	23519424	241	160.0
1606457145.67	160000	14.616935	0.0	18715420	199	160.0
1606457145.93	160000	15.35496	0.0	17000816	166	160.0
1606457146.15	160000	16.132524	0.0	14448126	144	160.0
1606457146.27	160000	17.020027	0.0	6958676	68	160.0
1606457146.42	160000	17.87029	0.0	9088791	88	160.0
1606457146.54	160000	18.753383	0.0	7211881	70	160.0
1606457146.59	160000	19.696152	0.0	3063586	29	160.0
1606457146.65	160000	20.645203	0.0	2782179	27	160.0
1606457146.84	160000	21.460542	0.0	9958410	100	160.0
1606457147.03	160000	22.266284	0.0	12158708	118	160.0
1606457147.22	160000	23.074541	0.0	12300216	120	160.0
1606457147.51	160000	23.789402	0.0	15815684	195	160.0
1606457147.75	160000	24.548458	0.0	13526256	167	160.0
1606457147.96	160000	25.333442	0.0	11995130	148	160.0
1606457148.22	160000	26.074615	0.0	13394791	178	160.0
1606457148.45	160000	26.853527	0.0	14135828	142	160.0
1606457148.68	160000	27.619064	0.0	15366126	154	160.0
1606457148.9	160000	28.397968	0.0	14248439	142	160.0
1606457149.12	160000	29.182465	0.0	13843717	138	160.0
1606457149.36	160000	29.943372	0.0	14665119	151	160.0
1606457149.71	160000	30.597942	0.0	21079187	217	160.0
1606457150.1	160000	31.202766	0.0	25480074	264	160.0
1606457150.49	160000	31.814463	0.0	23021754	252	160.0
1606457150.96	160000	32.350078	0.0	27527834	311	160.0
1606457151.42	160000	32.892695	0.0	26155848	296	160.0
1606457151.72	160000	33.593794	0.0	17849379	199	160.0
1606457152.0	160000	34.314088	0.0	16546531	177	160.0
1606457152.3	160000	35.009924	0.0	17718949	194	160.0
1606457152.57	160000	35.74093	0.0	17337137	167	160.0
1606457152.88	160000	36.431192	0.0	20008245	194	160.0
1606457153.75	160000	36.56343	0.0	58430914	557	160.0
1606457154.01	160000	37.307377	0.0	16292703	152	160.0
1606457154.39	160000	37.922768	0.0	25587422	241	160.0
1606457154.77	160000	38.550487	0.0	23982306	230	160.0
1606457154.98	160000	39.339348	0.0	13347845	129	160.0
1606457155.2	160000	40.119745	0.0	14337991	138	160.0
1606457155.42	160000	40.902187	0.0	14584990	135	160.0
1606457155.63	160000	41.691526	0.0	13962401	130	160.0
1606457155.85	160000	42.475642	0.0	14393788	134	160.0
1606457156.07	160000	43.251921	0.0	14649457	134	160.0
1606457156.27	160000	44.052172	0.0	13409715	123	160.0
1606457156.47	160000	44.857416	0.0	13909605	117	160.0
1606457156.66	160000	45.670722	0.0	13301968	110	160.0
1606457156.93	160000	46.397499	0.0	19025846	159	160.0
1606457157.22	160000	47.11923	0.0	19295426	168	160.0
1606457157.49	160000	47.840826	0.0	18261873	156	160.0
1606457157.78	160000	48.549878	0.0	19847604	172	160.0
1606457158.06	160000	49.279991	0.0	18767181	163	160.0
1606457158.4	160000	49.932453	0.0	22420858	215	160.0
1606457158.93	160000	50.401304	0.0	19324333	415	160.0
1606457161.66	160000	48.671942	0.0	20392234	2617	160.0
1606457162.37	160000	48.963348	0.0	7671072	631	160.0
1606457163.53	160000	48.806579	0.0	17781906	1054	160.0
1606457163.92	160000	49.418389	0.0	12839336	314	160.0
1606457164.25	160000	50.089749	0.0	10779770	264	160.0
1606457164.6	160000	50.744393	0.0	14606687	265	160.0
1606457165.6	160000	50.741198	0.0	41866951	761	160.0
1606457166.65	160000	50.694684	0.0	37238410	821	160.0
1606457167.03	160000	51.308363	0.0	14347759	307	160.0
1606457167.34	160000	52.000384	0.0	11399187	244	160.0
1606457168.18	160000	52.162356	0.0	10358641	772	160.0
1606457169.29	160000	52.057183	0.0	14315696	1026	160.0
1606457170.09	160000	52.252098	0.0	23283631	665	160.0
1606457171.17	160000	52.178523	0.0	37521367	859	160.0
1606457171.78	160000	52.572034	0.0	22241104	483	160.0
1606457172.23	160000	53.124272	0.0	15813346	343	160.0
1606457172.74	160000	53.61155	0.0	17116450	413	160.0
1606457173.3	160000	54.050955	0.0	18867054	453	160.0
1606457173.78	160000	54.569399	0.0	17393609	380	160.0
1606457174.46	160000	54.892493	0.0	24759401	538	160.0
1606457175.26	160000	55.090509	0.0	25782433	614	160.0
1606457175.95	160000	55.410766	0.0	25885372	520	160.0
1606457176.64	160000	55.720183	0.0	26242011	523	160.0
1606457177.29	160000	56.068345	0.0	23865378	504	160.0
1606457177.89	160000	56.471998	0.0	25470681	456	160.0
1606457178.52	160000	56.836261	0.0	27258768	474	160.0
1606457178.93	160000	57.428631	0.0	17853711	307	160.0
1606457179.27	160000	58.094312	0.0	14829893	254	160.0
1606457179.88	160000	58.481534	0.0	27779697	446	160.0
1606457180.49	160000	58.87378	0.0	27714923	440	160.0
1606457181.11	160000	59.25923	0.0	25946474	462	160.0
1606457181.55	160000	59.814842	0.0	19596259	325	160.0
1606457182.48	160000	59.922263	0.0	23774167	286	160.0
1606457183.83	160000	59.673207	0.0	19373656	237	160.0
1606457184.73	160000	59.674172	0.0	23977420	258	160.0
1606457185.6	160000	59.925237	0.0	24493733	224	160.0
1606457186.83	160000	59.676223	0.0	14528511	150	160.0
1606457187.61	160000	59.927256	0.0	16841176	175	160.0
1606457188.85	160000	59.67825	0.0	16743604	141	160.0
1606457189.62	160000	59.92915	0.0	17975224	166	160.0
1606457190.46	160000	59.930163	0.0	22329548	210	160.0
1606457191.72	160000	59.681178	0.0	16001583	161	160.0
1606457192.5	160000	59.932216	0.0	18238584	164	160.0
1606457193.8	160000	59.683224	0.0	21308824	173	160.0
1606457194.56	160000	59.934257	0.0	17749058	163	160.0
1606457195.85	160000	59.685149	0.0	14127787	205	160.0
1606457197.23	160000	59.148261	0.0	17525699	1282	160.0
1606457197.69	160000	59.700229	0.0	14240042	371	160.0
1606457198.52	160000	59.938255	0.0	20324139	218	160.0
1606457199.78	160000	59.689246	0.0	21993033	135	160.0
1606457200.65	160000	59.940261	0.0	18863108	258	160.0
1606457201.63	160000	59.754776	0.0	15964734	884	160.0
1606457202.77	160000	59.686828	0.0	8284939	585	160.0
1606457203.58	160000	59.81037	0.0	9004706	751	160.0
1606457204.71	160000	59.694249	0.0	6955279	82	160.0
1606457205.89	160000	59.695194	0.0	10701639	97	160.0
1606457206.83	160000	59.696279	0.0	9459459	373	160.0
1606457207.64	160000	59.947242	0.0	3212828	284	160.0
1606457208.7	160000	59.698154	0.0	2509989	38	160.0
1606457209.77	160000	59.699261	0.0	2004927	41	160.0
1606457210.87	160000	59.70027	0.0	591360	79	160.0
1606457212.33	160000	59.634997	0.0	2394426	442	160.0
1606457213.15	40000	1.000999	0.457	337339	443	-73.12
1606457215.67	40000	1.483258	1.727	14648397	2401	-236.32
1606457216.87	60000	1.434966	0.081	20421673	1028	27.04
1606457217.12	60000	2.188399	0.0	13063186	164	60.0
1606457217.29	60000	3.020727	0.0	8954217	113	60.0
1606457217.52	80000	3.877249	0.0	11497228	150	60.0
1606457217.64	80000	4.75151	0.0	6232523	80	80.0
1606457217.74	80000	5.655383	0.0	5425476	59	80.0
1606457218.3	80000	6.1157	0.0	29583867	327	80.0
1606457218.8	110000	6.65125	0.0	28884539	328	80.0
1606457219.22	110000	7.226582	0.0	26873304	265	110.0
1606457219.76	110000	7.705676	0.0	33588177	350	110.0
1606457220.11	110000	8.36185	0.0	25684661	205	110.0
1606457220.26	110000	9.210088	0.0	10838546	86	110.0
1606457220.57	160000	9.902307	0.0	22224402	177	110.0
1606457220.87	160000	10.608041	0.0	22578365	162	160.0
1606457220.98	160000	11.49462	0.0	8346702	53	160.0
1606457221.18	160000	12.293377	0.0	15775481	106	160.0
1606457221.3	160000	13.173979	0.0	9163235	63	160.0
1606457221.87	160000	13.606718	0.0	41307095	279	160.0
1606457222.24	160000	14.236476	0.0	28763893	206	160.0
1606457222.53	160000	14.951275	0.0	21266416	153	160.0
1606457222.85	160000	15.629729	0.0	23702229	178	160.0
1606457223.16	160000	16.322782	0.0	27580394	152	160.0
1606457223.4	160000	17.078442	0.0	20329780	112	160.0
1606457223.59	160000	17.8899	0.0	16109183	88	160.0
1606457224.41	160000	18.067959	0.0	58830800	313	160.0
1606457225.15	160000	18.332048	0.0	66935122	376	160.0
1606457225.35	160000	19.130391	0.0	15251076	110	160.0
1606457225.56	160000	19.926448	0.0	16574034	103	160.0
1606457225.71	160000	20.771	0.0	13009028	81	160.0
1606457225.86	160000	21.629267	0.0	12791674	65	160.0
1606457225.98	160000	22.50545	0.0	11137898	55	160.0
1606457226.12	160000	23.369549	0.0	11485310	66	160.0
1606457226.25	160000	24.234937	0.0	12428518	61	160.0
1606457226.37	160000	25.12416	0.0	9963766	50	160.0
1606457226.52	160000	25.979739	0.0	12189364	61	160.0
1606457226.64	160000	26.856	0.0	10142396	54	160.0
1606457226.76	160000	27.735786	0.0	10185488	57	160.0
1606457226.91	160000	28.579671	0.0	14061455	71	160.0
1606457227.14	160000	29.360628	0.0	20074099	103	160.0
1606457227.65	160000	29.851188	0.0	46115254	236	160.0
1606457228.12	160000	30.37775	0.0	40906522	230	160.0
1606457228.23	160000	31.271727	0.0	7891151	50	160.0
1606457228.47	160000	32.033616	0.0	21012466	119	160.0
1606457228.73	160000	32.76769	0.0	23519424	134	160.0
1606457228.93	160000	33.568025	0.0	18715420	95	160.0
1606457229.12	160000	34.387032	0.0	17000816	82	160.0
1606457229.29	160000	35.21793	0.0	14448126	70	160.0
1606457229.37	160000	36.133171	0.0	6958676	33	160.0
1606457229.47	160000	37.031841	0.0	9088791	44	160.0
1606457229.56	160000	37.94757	0.0	7211881	35	160.0
1606457229.6	160000	38.907468	0.0	3063586	15	160.0
1606457229.65	160000	39.85838	0.0	2782179	25	160.0
1606457229.76	160000	40.749888	0.0	9958410	49	160.0
1606457229.9	160000	41.61122	0.0	12158708	67	160.0
1606457230.04	160000	42.469334	0.0	12300216	68	160.0
1606457230.22	160000	43.28824	0.0	15815684	88	160.0
1606457230.42	160000	44.095622	0.0	13526256	75	160.0
1606457230.56	160000	44.955129	0.0	11995130	66	160.0
1606457230.71	160000	45.804954	0.0	13394791	74	160.0
1606457230.87	160000	46.653359	0.0	14135828	69	160.0
