1606477158.65	40000	1.000999	0.045	334476	28	-7.200000000000003
1606477160.01	40000	1.44239	0.432	14648397	1235	-29.120000000000005
1606477161.88	60000	1.351638	0.758	20421673	1726	-81.28
1606477167.07	60000	1.433933	4.251	13063186	5118	-620.16
1606477167.83	60000	1.698173	0.0	8954217	703	60.0
1606477168.69	80000	1.85337	0.0	11497228	787	60.0
1606477169.18	80000	2.364595	0.0	6232523	448	80.0
1606477169.58	80000	2.968424	0.0	5425476	359	80.0
1606477172.17	80000	1.385692	0.0	29583867	2343	80.0
1606477174.12	110000	1.326787	0.894	28884539	1798	-63.03999999999999
1606477175.0	110000	1.446441	0.0	26873304	721	110.0
1606477175.83	110000	1.617856	0.0	33588177	635	110.0
1606477176.37	110000	2.07475	0.0	25684661	396	110.0
1606477176.61	110000	2.841957	0.0	10838546	162	110.0
1606477177.07	160000	3.378468	0.0	22224402	327	110.0
1606477177.54	160000	3.913588	0.0	22578365	329	160.0
1606477177.83	160000	4.621963	0.0	8346702	237	160.0
1606477178.39	160000	5.065177	0.0	15775481	460	160.0
1606477178.99	160000	5.468141	0.0	9163235	537	160.0
1606477181.5	160000	3.953649	0.0	41307095	2228	160.0
1606477183.49	160000	2.967812	0.0	28763893	1823	160.0
1606477185.2	160000	2.261137	0.0	21266416	1569	160.0
1606477187.73	160000	1.482034	0.75	23702229	2414	40.0
1606477190.01	160000	1.450519	1.249	27580394	2148	-39.84
1606477190.87	160000	1.591155	0.0	20329780	730	160.0
1606477191.2	160000	2.264467	0.0	16109183	231	160.0
1606477192.53	160000	1.934982	0.0	58830800	864	160.0
1606477193.86	160000	1.599303	0.0	66935122	958	160.0
1606477194.4	160000	2.067615	0.0	15251076	441	160.0
1606477197.89	160000	1.489084	1.916	16574034	3410	-146.56
1606477198.64	160000	1.737423	0.0	13009028	675	160.0
1606477202.84	160000	1.407319	2.869	12791674	4136	-299.04
1606477203.75	160000	1.503153	0.0	11137898	841	160.0
1606477204.63	160000	1.6244	0.0	11485310	813	160.0
1606477205.71	160000	1.546014	0.0	12428518	1007	160.0
1606477206.54	160000	1.710529	0.0	9963766	778	160.0
1606477207.73	160000	1.529848	0.0	12189364	1111	160.0
1606477208.56	160000	1.697773	0.0	10142396	764	160.0
1606477209.43	160000	1.831829	0.0	10185488	804	160.0
1606477210.71	160000	1.553874	0.0	14061455	1190	160.0
1606477212.37	160000	1.284977	0.392	20074099	1557	97.28
1606477216.3	160000	1.34898	2.999	46115254	3708	-319.84
1606477219.83	160000	1.428416	2.603	40906522	3316	-256.48
1606477220.45	160000	1.805798	0.0	7891151	573	160.0
1606477222.36	160000	1.283572	0.388	21012466	1807	97.92
1606477224.33	160000	1.422402	1.101	23519424	1848	-16.159999999999997
1606477225.74	160000	1.266463	0.251	18715420	1310	119.84
1606477227.05	160000	1.281061	0.329	17000816	1228	107.36
1606477228.29	160000	1.361135	0.311	14448126	1157	110.24000000000001
1606477228.81	160000	1.834347	0.0	6958676	480	160.0
1606477229.61	160000	2.035785	0.0	9088791	744	160.0
1606477230.32	160000	2.329243	0.0	7211881	662	160.0
1606477230.64	160000	3.011574	0.0	3063586	293	160.0
1606477230.9	160000	3.752306	0.0	2782179	237	160.0
1606477231.69	160000	3.964419	0.0	9958410	730	160.0
1606477232.65	160000	4.007167	0.0	12158708	890	160.0
1606477233.55	160000	4.103885	0.0	12300216	832	160.0
1606477234.74	160000	3.914927	0.0	15815684	1098	160.0
1606477235.75	160000	3.907225	0.0	13526256	934	160.0
1606477236.78	160000	3.88112	0.0	11995130	953	160.0
1606477237.78	160000	3.874101	0.0	13394791	931	160.0
1606477238.98	160000	3.683684	0.0	14135828	1105	160.0
1606477240.35	160000	3.310554	0.0	15366126	1290	160.0
1606477241.72	160000	2.944396	0.0	14248439	1284	160.0
1606477242.75	160000	2.923254	0.0	13843717	943	160.0
1606477243.56	160000	3.102907	0.0	14665119	726	160.0
1606477244.55	160000	3.118322	0.0	21079187	867	160.0
1606477245.53	160000	3.138667	0.0	25480074	837	160.0
1606477246.25	160000	3.417568	0.0	23021754	590	160.0
1606477246.99	160000	3.680278	0.0	27527834	583	160.0
1606477247.67	160000	4.002395	0.0	26155848	515	160.0
1606477248.11	160000	4.556066	0.0	17849379	342	160.0
1606477248.54	160000	5.133011	0.0	16546531	321	160.0
1606477249.0	160000	5.674854	0.0	17718949	343	160.0
1606477249.42	160000	6.257428	0.0	17337137	318	160.0
1606477249.9	160000	6.769697	0.0	20008245	373	160.0
1606477251.26	160000	6.417602	0.0	58430914	1027	160.0
1606477251.6	160000	7.077566	0.0	16292703	237	160.0
1606477252.11	160000	7.564574	0.0	25587422	367	160.0
1606477252.56	160000	8.113732	0.0	23982306	319	160.0
1606477252.82	160000	8.857451	0.0	13347845	178	160.0
1606477253.08	160000	9.597141	0.0	14337991	181	160.0
1606477253.34	160000	10.341122	0.0	14584990	173	160.0
1606477253.59	160000	11.087754	0.0	13962401	175	160.0
1606477253.84	160000	11.838204	0.0	14393788	171	160.0
1606477254.1	160000	12.584105	0.0	14649457	174	160.0
1606477254.34	160000	13.347294	0.0	13409715	161	160.0
1606477254.58	160000	14.103961	0.0	13909605	166	160.0
1606477254.82	160000	14.869275	0.0	13301968	160	160.0
1606477255.17	160000	15.525838	0.0	19025846	226	160.0
1606477255.51	160000	16.181716	0.0	19295426	227	160.0
1606477255.83	160000	16.862468	0.0	18261873	215	160.0
1606477256.18	160000	17.509646	0.0	19847604	226	160.0
1606477256.5	160000	18.193119	0.0	18767181	206	160.0
1606477256.88	160000	18.818156	0.0	22420858	247	160.0
1606477257.19	160000	19.500041	0.0	19324333	189	160.0
1606477257.5	160000	20.193751	0.0	20392234	187	160.0
1606477257.62	160000	21.072146	0.0	7671072	71	160.0
1606477257.89	160000	21.808327	0.0	17781906	163	160.0
1606477258.07	160000	22.622763	0.0	12839336	110	160.0
1606477258.23	160000	23.473159	0.0	10779770	84	160.0
1606477258.42	160000	24.281307	0.0	14606687	112	160.0
1606477258.99	160000	24.715369	0.0	41866951	324	160.0
1606477259.49	160000	25.217051	0.0	37238410	276	160.0
1606477259.67	160000	26.030184	0.0	14347759	106	160.0
1606477259.82	160000	26.881319	0.0	11399187	85	160.0
1606477259.96	160000	27.741554	0.0	10358641	77	160.0
1606477260.16	160000	28.546308	0.0	14315696	116	160.0
1606477260.49	160000	29.213803	0.0	23283631	203	160.0
1606477261.02	160000	29.692294	0.0	37521367	304	160.0
1606477261.3	160000	30.405006	0.0	22241104	165	160.0
1606477261.52	160000	31.191537	0.0	15813346	117	160.0
1606477261.74	160000	31.966882	0.0	17116450	127	160.0
1606477262.0	160000	32.716825	0.0	18867054	140	160.0
1606477262.22	160000	33.488732	0.0	17393609	129	160.0
1606477262.55	160000	34.16801	0.0	24759401	183	160.0
1606477262.88	160000	34.834579	0.0	25782433	192	160.0
1606477263.24	160000	35.475241	0.0	25885372	194	160.0
1606477263.59	160000	36.128533	0.0	26242011	200	160.0
1606477263.93	160000	36.793803	0.0	23865378	182	160.0
1606477264.28	160000	37.443079	0.0	25470681	207	160.0
1606477264.67	160000	38.051446	0.0	27258768	228	160.0
1606477264.92	160000	38.798354	0.0	17853711	150	160.0
1606477265.13	160000	39.595528	0.0	14829893	121	160.0
1606477265.51	160000	40.217677	0.0	27779697	221	160.0
1606477265.88	160000	40.846817	0.0	27714923	221	160.0
1606477266.24	160000	41.482606	0.0	25946474	211	160.0
1606477266.52	160000	42.207674	0.0	19596259	163	160.0
1606477266.85	160000	42.872875	0.0	23774167	198	160.0
1606477267.13	160000	43.599613	0.0	19373656	162	160.0
1606477267.46	160000	44.26782	0.0	23977420	203	160.0
1606477267.8	160000	44.925989	0.0	24493733	207	160.0
1606477268.02	160000	45.715891	0.0	14528511	121	160.0
1606477268.25	160000	46.480224	0.0	16841176	139	160.0
1606477268.49	160000	47.246369	0.0	16743604	138	160.0
1606477268.74	160000	47.994975	0.0	17975224	149	160.0
1606477269.06	160000	48.67813	0.0	22329548	184	160.0
1606477269.28	160000	49.452892	0.0	16001583	130	160.0
1606477269.53	160000	50.202038	0.0	18238584	148	160.0
1606477269.83	160000	50.903454	0.0	21308824	173	160.0
1606477270.08	160000	51.65777	0.0	17749058	144	160.0
1606477270.29	160000	52.450604	0.0	14127787	124	160.0
1606477270.55	160000	53.200271	0.0	17525699	150	160.0
1606477270.75	160000	53.99336	0.0	14240042	120	160.0
1606477271.04	160000	54.704951	0.0	20324139	174	160.0
1606477271.34	160000	55.401356	0.0	21993033	182	160.0
1606477271.61	160000	56.130899	0.0	18863108	155	160.0
1606477271.85	160000	56.900642	0.0	15964734	135	160.0
1606477271.97	160000	57.780845	0.0	8284939	68	160.0
1606477272.1	160000	58.652818	0.0	9004706	74	160.0
1606477272.2	160000	59.551106	0.0	6955279	55	160.0
1606477273.35	160000	59.525582	0.0	10701639	85	160.0
1606477273.99	160000	59.776692	0.0	9459459	74	160.0
1606477275.04	160000	59.777618	0.0	3212828	25	160.0
1606477276.08	160000	59.778626	0.0	2509989	18	160.0
1606477277.12	160000	59.779621	0.0	2004927	16	160.0
1606477278.14	160000	59.780635	0.0	591360	5	160.0
1606477279.69	160000	59.715412	0.0	2394426	20	160.0
1606477279.94	40000	1.000999	0.034	337339	2	-5.439999999999998
1606477280.26	40000	2.001999	0.0	14648397	113	40.0
1606477280.61	60000	2.773628	0.0	20421673	167	40.0
1606477280.79	60000	3.587343	0.0	13063186	107	60.0
1606477280.93	60000	4.454758	0.0	8954217	73	60.0
1606477281.1	80000	5.287127	0.0	11497228	94	60.0
1606477281.2	80000	6.185425	0.0	6232523	52	80.0
1606477281.28	80000	7.104031	0.0	5425476	40	80.0
1606477281.77	80000	7.613085	0.0	29583867	248	80.0
1606477282.19	110000	8.317173	0.0	28884539	243	80.0
1606477282.58	110000	8.949372	0.0	26873304	226	110.0
1606477283.05	110000	9.50244	0.0	33588177	281	110.0
1606477283.43	110000	10.1525	0.0	25684661	226	110.0
1606477283.58	110000	11.003312	0.0	10838546	89	110.0
1606477283.9	160000	11.724904	0.0	22224402	183	110.0
1606477284.21	160000	12.407112	0.0	22578365	185	160.0
1606477284.33	160000	13.290086	0.0	8346702	65	160.0
1606477284.55	160000	14.074614	0.0	15775481	125	160.0
1606477284.68	160000	14.967492	0.0	9163235	73	160.0
1606477285.29	160000	15.359956	0.0	41307095	327	160.0
1606477285.66	160000	15.983843	0.0	28763893	215	160.0
1606477285.95	160000	16.693439	0.0	21266416	158	160.0
1606477286.27	160000	17.379121	0.0	23702229	174	160.0
1606477286.63	160000	18.021234	0.0	27580394	208	160.0
1606477286.91	160000	18.741298	0.0	20329780	153	160.0
1606477287.13	160000	19.526833	0.0	16109183	121	160.0
1606477288.13	160000	19.523001	0.0	58830800	536	160.0
1606477289.02	160000	19.637297	0.0	66935122	513	160.0
1606477289.22	160000	20.430186	0.0	15251076	116	160.0
1606477289.43	160000	21.228278	0.0	16574034	102	160.0
1606477289.59	160000	22.071423	0.0	13009028	81	160.0
1606477289.74	160000	22.917344	0.0	12791674	80	160.0
1606477289.88	160000	23.776901	0.0	11137898	73	160.0
1606477290.02	160000	24.636289	0.0	11485310	71	160.0
1606477290.17	160000	25.489363	0.0	12428518	75	160.0
1606477290.29	160000	26.368721	0.0	9963766	61	160.0
1606477290.44	160000	27.223036	0.0	12189364	69	160.0
1606477290.56	160000	28.104957	0.0	10142396	57	160.0
1606477290.68	160000	28.986742	0.0	10185488	58	160.0
1606477290.84	160000	29.824757	0.0	14061455	79	160.0
1606477291.07	160000	30.594089	0.0	20074099	113	160.0
1606477291.62	160000	31.050829	0.0	46115254	275	160.0
1606477292.12	160000	31.553667	0.0	40906522	251	160.0
1606477292.22	160000	32.453251	0.0	7891151	49	160.0
1606477292.54	160000	33.13056	0.0	21012466	195	160.0
1606477292.9	160000	33.775866	0.0	23519424	217	160.0
1606477293.19	160000	34.485987	0.0	18715420	178	160.0
1606477293.5	160000	35.176717	0.0	17000816	205	160.0
1606477293.76	160000	35.915664	0.0	14448126	174	160.0
1606477293.89	160000	36.78565	0.0	6958676	84	160.0
1606477294.07	160000	37.613329	0.0	9088791	110	160.0
1606477294.2	160000	38.477676	0.0	7211881	87	160.0
1606477294.25	160000	39.429518	0.0	3063586	23	160.0
1606477294.29	160000	40.384875	0.0	2782179	21	160.0
1606477294.43	160000	41.247636	0.0	9958410	75	160.0
1606477294.6	160000	42.084317	0.0	12158708	93	160.0
1606477294.76	160000	42.919024	0.0	12300216	93	160.0
1606477294.98	160000	43.705357	0.0	15815684	119	160.0
1606477295.16	160000	44.524688	0.0	13526256	103	160.0
1606477295.32	160000	45.366324	0.0	11995130	89	160.0
1606477295.49	160000	46.191976	0.0	13394791	99	160.0
