1606477769.0	40000	1.000999	0.035	334476	21	-5.600000000000001
1606477769.97	20000	1.485371	0.095	11007815	796	-15.2
1606477770.94	20000	1.532756	0.0	8849724	836	20.0
1606477771.26	20000	2.223608	0.0	3191121	213	20.0
1606477772.89	160000	1.619866	0.0	19639705	1379	20.0
1606477773.06	20000	2.450028	0.0	1315024	75	-120.0
1606477773.18	20000	3.324201	0.0	698359	39	20.0
1606477773.31	20000	4.197104	0.0	730082	42	20.0
1606477773.65	20000	4.885396	0.0	4047415	232	20.0
1606477773.93	20000	5.605186	0.0	2863079	184	20.0
1606477774.54	20000	5.997701	0.0	4167844	503	20.0
1606477775.16	20000	6.373348	0.0	5571764	517	20.0
1606477775.64	20000	6.899867	0.0	4925652	366	20.0
1606477776.2	60000	7.340184	0.0	5612759	442	20.0
1606477777.61	160000	6.93027	0.0	22224402	1207	60.0
1606477778.38	160000	7.159527	0.0	22578365	571	160.0
1606477778.69	160000	7.855115	0.0	8346702	174	160.0
1606477779.14	160000	8.403723	0.0	15775481	279	160.0
1606477779.42	160000	9.127237	0.0	9163235	140	160.0
1606477780.48	160000	9.06405	0.0	41307095	624	160.0
1606477781.2	160000	9.343378	0.0	28763893	482	160.0
1606477782.02	160000	9.531798	0.0	21266416	603	160.0
1606477784.02	160000	8.527314	0.0	23702229	1793	160.0
1606477785.24	160000	8.311683	0.0	27580394	984	160.0
1606477786.75	160000	7.802836	0.0	20329780	1305	160.0
1606477788.07	160000	7.48366	0.0	16109183	1152	160.0
1606477793.76	160000	2.796393	0.0	58830800	5140	160.0
1606477794.72	80000	2.829728	0.0	37801487	668	0.0
1606477795.11	160000	3.445889	0.0	15251076	219	80.0
1606477795.53	160000	4.025267	0.0	16574034	242	160.0
1606477795.87	160000	4.68369	0.0	13009028	188	160.0
1606477796.21	160000	5.348455	0.0	12791674	186	160.0
1606477796.5	160000	6.052941	0.0	11137898	157	160.0
1606477796.81	160000	6.749518	0.0	11485310	162	160.0
1606477797.17	160000	7.385871	0.0	12428518	219	160.0
1606477797.59	160000	7.967404	0.0	9963766	286	160.0
1606477798.09	160000	8.473922	0.0	12189364	349	160.0
1606477801.32	160000	6.239311	0.0	10142396	3095	160.0
1606477801.99	160000	6.574606	0.0	10185488	528	160.0
1606477806.41	160000	3.159219	0.0	14061455	4256	160.0
1606477806.7	20000	3.86877	0.0	2536859	192	-120.0
1606477807.16	20000	4.409516	0.0	4742872	355	20.0
1606477807.62	20000	4.950683	0.0	4955535	351	20.0
1606477807.87	40000	5.697439	0.0	2182595	154	20.0
1606477808.48	40000	6.091677	0.0	6334422	493	40.0
1606477809.04	40000	6.534766	0.0	5516229	445	40.0
1606477809.44	40000	7.131861	0.0	3897146	304	40.0
1606477809.66	20000	7.909957	0.0	1666915	129	0.0
1606477809.87	20000	8.699708	0.0	1555467	121	20.0
1606477810.04	20000	9.537051	0.0	1008919	77	20.0
1606477810.24	20000	10.337888	0.0	1227619	112	20.0
1606477810.42	20000	11.159368	0.0	1015853	92	20.0
1606477810.53	20000	12.042135	0.0	384076	33	20.0
1606477810.64	20000	12.934652	0.0	295687	25	20.0
1606477810.85	20000	13.725156	0.0	1328674	122	20.0
1606477811.08	20000	14.49906	0.0	1492829	137	20.0
1606477812.15	160000	14.426927	0.0	12300216	925	20.0
1606477813.62	160000	13.973836	0.0	15815684	1289	160.0
1606477814.89	160000	13.689752	0.0	13526256	1127	160.0
1606477815.92	160000	13.669237	0.0	11995130	876	160.0
1606477817.15	160000	13.435475	0.0	13394791	1084	160.0
1606477818.52	160000	13.07162	0.0	14135828	1212	160.0
1606477819.84	160000	12.750223	0.0	15366126	1157	160.0
1606477821.09	160000	12.501652	0.0	14248439	1095	160.0
1606477822.51	160000	12.081454	0.0	13843717	1269	160.0
1606477823.74	160000	11.854179	0.0	14665119	1070	160.0
1606477825.72	160000	10.874037	0.0	21079187	1786	160.0
1606477827.94	160000	9.656786	0.0	25480074	1994	160.0
1606477829.75	160000	8.847228	0.0	23021754	1606	160.0
1606477832.12	160000	7.477613	0.0	27527834	2129	160.0
1606477834.6	160000	6.00107	0.0	26155848	2258	160.0
1606477836.08	160000	5.514464	0.0	17849379	1295	160.0
1606477837.37	160000	5.22572	0.0	16546531	1117	160.0
1606477838.79	160000	4.810903	0.0	17718949	1236	160.0
1606477840.29	160000	4.309115	0.0	17337137	1326	160.0
1606477841.93	160000	3.672242	0.0	20008245	1447	160.0
1606477845.9	110000	1.396905	0.701	44222240	3684	-52.16
1606477846.69	110000	1.605821	0.0	11574285	645	110.0
1606477847.65	110000	1.648937	0.0	17560011	778	110.0
1606477848.44	110000	1.855	0.0	16439864	624	110.0
1606477849.0	160000	2.299664	0.0	13347845	399	110.0
1606477849.54	160000	2.756688	0.0	14337991	379	160.0
1606477850.01	160000	3.291336	0.0	14584990	309	160.0
1606477850.45	160000	3.847887	0.0	13962401	291	160.0
1606477850.88	160000	4.418522	0.0	14393788	277	160.0
1606477851.33	160000	4.976144	0.0	14649457	284	160.0
1606477851.74	160000	5.563316	0.0	13409715	253	160.0
1606477852.16	160000	6.145706	0.0	13909605	266	160.0
1606477852.56	160000	6.749295	0.0	13301968	249	160.0
1606477853.1	160000	7.213794	0.0	19025846	350	160.0
1606477853.63	160000	7.677466	0.0	19295426	345	160.0
1606477854.13	160000	8.179267	0.0	18261873	321	160.0
1606477854.64	160000	8.671399	0.0	19847604	317	160.0
1606477855.09	160000	9.218212	0.0	18767181	274	160.0
1606477855.61	160000	9.70051	0.0	22420858	316	160.0
1606477856.06	160000	10.25386	0.0	19324333	257	160.0
1606477856.52	160000	10.79153	0.0	20392234	271	160.0
1606477856.74	160000	11.57493	0.0	7671072	91	160.0
1606477857.13	160000	12.183657	0.0	17781906	210	160.0
1606477857.44	160000	12.882785	0.0	12839336	153	160.0
1606477857.7	160000	13.615105	0.0	10779770	129	160.0
1606477858.03	160000	14.285739	0.0	14606687	175	160.0
1606477858.86	160000	14.463313	0.0	41866951	501	160.0
1606477859.6	160000	14.723838	0.0	37238410	438	160.0
1606477859.91	160000	15.409832	0.0	14347759	157	160.0
1606477860.18	160000	16.145842	0.0	11399187	125	160.0
1606477860.43	160000	16.897977	0.0	10358641	114	160.0
1606477860.72	160000	17.61631	0.0	14315696	131	160.0
1606477861.13	160000	18.193254	0.0	23283631	213	160.0
1606477861.75	160000	18.575729	0.0	37521367	322	160.0
1606477862.13	160000	19.203426	0.0	22241104	170	160.0
1606477862.42	160000	19.911978	0.0	15813346	123	160.0
1606477862.73	160000	20.603881	0.0	17116450	135	160.0
1606477863.05	160000	21.283068	0.0	18867054	140	160.0
1606477863.35	160000	21.981618	0.0	17393609	130	160.0
1606477863.77	160000	22.568607	0.0	24759401	201	160.0
1606477864.2	160000	23.135659	0.0	25782433	210	160.0
1606477864.65	160000	23.68753	0.0	25885372	218	160.0
1606477865.06	160000	24.274237	0.0	26242011	194	160.0
1606477865.47	160000	24.871167	0.0	23865378	176	160.0
1606477865.88	160000	25.463915	0.0	25470681	189	160.0
1606477866.33	160000	26.017223	0.0	27258768	202	160.0
1606477866.64	160000	26.703847	0.0	17853711	134	160.0
1606477866.91	160000	27.435966	0.0	14829893	113	160.0
1606477867.34	160000	27.999662	0.0	27779697	211	160.0
1606477867.81	160000	28.536434	0.0	27714923	229	160.0
1606477868.25	160000	29.091043	0.0	25946474	217	160.0
1606477868.6	160000	29.745561	0.0	19596259	161	160.0
1606477869.0	160000	30.344857	0.0	23774167	189	160.0
1606477869.35	160000	31.006837	0.0	19373656	154	160.0
1606477869.76	160000	31.589056	0.0	23977420	195	160.0
1606477870.17	160000	32.176421	0.0	24493733	205	160.0
1606477870.45	160000	32.900325	0.0	14528511	122	160.0
1606477870.77	160000	33.587132	0.0	16841176	142	160.0
1606477871.09	160000	34.267467	0.0	16743604	137	160.0
1606477871.42	160000	34.938485	0.0	17975224	151	160.0
1606477871.81	160000	35.546135	0.0	22329548	185	160.0
1606477872.12	160000	36.239251	0.0	16001583	133	160.0
1606477872.45	160000	36.908724	0.0	18238584	151	160.0
1606477872.82	160000	37.535283	0.0	21308824	173	160.0
1606477873.15	160000	38.204246	0.0	17749058	141	160.0
1606477873.42	160000	38.93557	0.0	14127787	114	160.0
1606477873.75	160000	39.608153	0.0	17525699	149	160.0
1606477874.03	160000	40.329613	0.0	14240042	120	160.0
1606477874.39	160000	40.970077	0.0	20324139	173	160.0
1606477874.77	160000	41.592857	0.0	21993033	181	160.0
1606477875.11	160000	42.250499	0.0	18863108	154	160.0
1606477875.41	160000	42.951737	0.0	15964734	132	160.0
1606477875.61	160000	43.760572	0.0	8284939	67	160.0
1606477875.81	160000	44.556555	0.0	9004706	75	160.0
1606477875.99	160000	45.381491	0.0	6955279	57	160.0
1606477876.21	160000	46.159093	0.0	10701639	86	160.0
1606477876.42	160000	46.952425	0.0	9459459	76	160.0
1606477876.54	160000	47.826968	0.0	3212828	27	160.0
1606477876.66	160000	48.715956	0.0	2509989	20	160.0
1606477876.74	160000	49.629521	0.0	2004927	15	160.0
1606477876.8	160000	50.572777	0.0	591360	4	160.0
1606477876.87	160000	51.940322	0.0	2394426	18	160.0
1606477877.25	40000	1.000999	0.029	336477	3	-4.640000000000001
1606477877.62	160000	1.959483	0.0	14912671	117	40.0
1606477878.1	160000	2.474778	0.0	24265636	183	160.0
1606477878.51	160000	3.073234	0.0	22711544	171	160.0
1606477878.85	160000	3.723694	0.0	19639705	152	160.0
1606477879.24	160000	4.412014	0.0	20946809	168	160.0
1606477879.48	160000	5.170207	0.0	11895609	92	160.0
1606477879.66	160000	5.990702	0.0	7597636	61	160.0
1606477880.66	160000	6.062687	0.0	56067905	445	160.0
1606477881.36	160000	6.396652	0.0	45444680	380	160.0
1606477882.19	160000	6.621878	0.0	54798068	458	160.0
1606477883.28	160000	6.528325	0.0	69464107	558	160.0
1606477884.03	160000	6.779998	0.0	50637608	405	160.0
1606477884.37	160000	7.439247	0.0	19559369	160	160.0
1606477884.76	160000	8.051971	0.0	22224402	184	160.0
1606477885.15	160000	8.660944	0.0	22578365	190	160.0
1606477885.35	160000	9.462038	0.0	8346702	70	160.0
1606477885.66	160000	10.160759	0.0	15775481	132	160.0
1606477885.87	160000	10.947967	0.0	9163235	75	160.0
1606477886.52	160000	11.302594	0.0	41307095	346	160.0
1606477887.01	160000	11.81016	0.0	28763893	238	160.0
1606477887.38	160000	12.439442	0.0	21266416	175	160.0
1606477887.8	160000	13.021937	0.0	23702229	191	160.0
1606477888.25	160000	13.576014	0.0	27580394	218	160.0
1606477888.62	160000	14.206436	0.0	20329780	160	160.0
1606477888.91	160000	14.916735	0.0	16109183	120	160.0
1606477889.78	160000	15.10246	0.0	58830800	440	160.0
1606477890.74	160000	15.174759	0.0	66935122	504	160.0
1606477891.04	160000	15.874841	0.0	15251076	140	160.0
