1606482242.6	40000	1.000999	0.044	334476	26	-7.039999999999999
1606482244.03	160000	1.271998	0.362	14912671	1217	-17.92
1606482246.28	160000	1.345121	1.296	24265636	2001	-47.360000000000014
1606482247.71	160000	1.43009	0.495	22711544	1237	80.8
1606482248.33	160000	1.836428	0.0	19639705	431	160.0
1606482249.17	160000	2.015874	0.0	20946809	653	160.0
1606482250.01	160000	2.20563	0.0	11895609	685	160.0
1606482250.71	160000	2.504247	0.0	7597636	583	160.0
1606482253.52	60000	1.461557	0.768	17832465	2636	-162.88
1606482254.43	60000	1.552457	0.0	9877442	778	60.0
1606482258.35	80000	1.480783	2.848	15275967	3770	-395.68
1606482259.02	20000	1.814527	0.0	5571764	554	-40.0
1606482259.58	20000	2.253623	0.0	4925652	456	20.0
1606482260.3	80000	2.540357	0.0	7412644	594	20.0
1606482261.13	80000	2.702982	0.0	9055732	714	80.0
1606482261.82	110000	3.017802	0.0	13101938	534	80.0
1606482262.09	110000	3.750881	0.0	5268213	160	110.0
1606482262.27	40000	4.566008	0.0	2715414	82	-30.0
1606482262.43	40000	5.413709	0.0	1997555	60	40.0
1606482262.71	20000	6.129304	0.0	6357933	166	0.0
1606482262.94	20000	6.899005	0.0	4814284	126	20.0
1606482263.13	20000	7.711966	0.0	3419258	89	20.0
1606482263.34	20000	8.508346	0.0	3944328	103	20.0
1606482263.51	20000	9.334875	0.0	4284196	74	20.0
1606482263.65	20000	10.196246	0.0	3022025	41	20.0
1606482263.77	20000	11.074711	0.0	2248581	30	20.0
1606482264.04	20000	11.809297	0.0	9946363	136	20.0
1606482264.34	20000	12.513864	0.0	11684632	159	20.0
1606482264.45	20000	13.40017	0.0	1849732	26	20.0
1606482264.56	20000	14.291452	0.0	1942795	19	20.0
1606482264.84	160000	15.015234	0.0	13009028	132	20.0
1606482265.11	160000	15.745122	0.0	12791674	124	160.0
1606482265.35	160000	16.504426	0.0	11137898	109	160.0
1606482265.6	160000	17.252638	0.0	11485310	118	160.0
1606482265.88	160000	17.973839	0.0	12428518	130	160.0
1606482266.12	160000	18.744066	0.0	9963766	105	160.0
1606482266.38	160000	19.47794	0.0	12189364	127	160.0
1606482267.03	160000	19.8321	0.0	10142396	517	160.0
1606482267.77	160000	20.089497	0.0	10185488	615	160.0
1606482269.12	160000	19.745307	0.0	14061455	1201	160.0
1606482270.84	160000	19.022739	0.0	20074099	1543	160.0
1606482273.57	160000	17.291418	0.0	46115254	2263	160.0
1606482274.52	160000	17.348765	0.0	40906522	652	160.0
1606482274.76	160000	18.104203	0.0	7891151	130	160.0
1606482275.3	160000	18.568278	0.0	21012466	347	160.0
1606482275.89	160000	18.980895	0.0	23519424	391	160.0
1606482276.37	160000	19.497344	0.0	18715420	305	160.0
1606482276.79	160000	20.08531	0.0	17000816	248	160.0
1606482277.13	160000	20.74238	0.0	14448126	199	160.0
1606482277.34	160000	21.534161	0.0	6958676	96	160.0
1606482277.59	160000	22.287715	0.0	9088791	127	160.0
1606482277.83	160000	23.039988	0.0	7211881	139	160.0
1606482277.98	160000	23.890748	0.0	3063586	58	160.0
1606482278.13	160000	24.746195	0.0	2782179	54	160.0
1606482278.45	160000	25.428105	0.0	9958410	191	160.0
1606482279.48	160000	25.398237	0.0	12158708	891	160.0
1606482280.17	160000	25.713952	0.0	12300216	544	160.0
1606482280.75	160000	26.129933	0.0	15815684	427	160.0
1606482281.07	160000	26.809526	0.0	13526256	178	160.0
1606482281.37	160000	27.517763	0.0	11995130	158	160.0
1606482281.68	160000	28.206193	0.0	13394791	168	160.0
1606482281.99	160000	28.8957	0.0	14135828	165	160.0
1606482282.32	160000	29.566647	0.0	15366126	179	160.0
1606482282.64	160000	30.244577	0.0	14248439	167	160.0
1606482283.13	160000	30.756963	0.0	13843717	342	160.0
1606482283.64	160000	31.249614	0.0	14665119	361	160.0
1606482286.12	160000	29.769374	0.0	21079187	2288	160.0
1606482290.49	160000	26.39703	0.0	25480074	4150	160.0
1606482292.17	160000	25.722631	0.0	23021754	1473	160.0
1606482297.39	160000	21.506982	0.0	27527834	4986	160.0
1606482299.66	160000	20.235889	0.0	26155848	2057	160.0
1606482300.89	110000	20.00778	0.0	11843178	1090	60.0
1606482301.83	110000	20.069276	0.0	10916331	808	110.0
1606482302.79	110000	20.10297	0.0	12021075	827	110.0
1606482303.5	110000	20.394943	0.0	11809774	570	110.0
1606482304.1	80000	20.797415	0.0	10111273	464	50.0
1606482306.95	160000	18.94671	0.0	58430914	2392	80.0
1606482307.56	160000	19.341732	0.0	16292703	430	160.0
1606482308.31	160000	19.58832	0.0	25587422	544	160.0
1606482308.98	160000	19.926765	0.0	23982306	454	160.0
1606482309.34	160000	20.564249	0.0	13347845	214	160.0
1606482309.72	160000	21.185369	0.0	14337991	231	160.0
1606482310.06	160000	21.842806	0.0	14584990	196	160.0
1606482310.4	160000	22.51118	0.0	13962401	186	160.0
1606482310.75	160000	23.162091	0.0	14393788	190	160.0
1606482311.06	160000	23.845964	0.0	14649457	162	160.0
1606482311.36	160000	24.552574	0.0	13409715	149	160.0
1606482311.66	160000	25.254812	0.0	13909605	154	160.0
1606482311.93	160000	25.984495	0.0	13301968	130	160.0
1606482312.29	160000	26.619888	0.0	19025846	185	160.0
1606482312.66	160000	27.256167	0.0	19295426	183	160.0
1606482312.99	160000	27.923052	0.0	18261873	163	160.0
1606482313.35	160000	28.560716	0.0	19847604	178	160.0
1606482313.7	160000	29.220023	0.0	18767181	166	160.0
1606482314.06	160000	29.853947	0.0	22420858	172	160.0
1606482314.4	160000	30.52324	0.0	19324333	150	160.0
1606482314.73	160000	31.185838	0.0	20392234	156	160.0
1606482314.91	160000	32.013987	0.0	7671072	56	160.0
1606482315.21	160000	32.7132	0.0	17781906	130	160.0
1606482315.44	160000	33.477795	0.0	12839336	93	160.0
1606482315.66	160000	34.264191	0.0	10779770	83	160.0
1606482315.92	160000	35.005526	0.0	14606687	111	160.0
1606482316.56	160000	35.369899	0.0	41866951	321	160.0
1606482317.23	160000	35.698608	0.0	37238410	379	160.0
1606482317.54	160000	36.384341	0.0	14347759	163	160.0
1606482317.81	160000	37.119533	0.0	11399187	130	160.0
1606482318.91	160000	37.018143	0.0	10358641	969	160.0
1606482320.4	160000	36.531887	0.0	14315696	1340	160.0
1606482322.52	160000	35.40992	0.0	23283631	1927	160.0
1606482323.43	160000	35.500346	0.0	37521367	623	160.0
1606482323.89	160000	36.044173	0.0	22241104	264	160.0
1606482325.35	160000	35.587016	0.0	15813346	1290	160.0
1606482327.11	160000	34.828145	0.0	17116450	1591	160.0
1606482328.74	160000	34.198974	0.0	18867054	1453	160.0
1606482330.22	160000	33.721523	0.0	17393609	1311	160.0
1606482332.17	160000	32.76592	0.0	24759401	1747	160.0
1606482334.56	160000	31.384306	0.0	25782433	2168	160.0
1606482336.93	160000	30.015485	0.0	25885372	2134	160.0
1606482339.02	160000	28.923698	0.0	26242011	1878	160.0
1606482341.09	160000	27.853834	0.0	23865378	1863	160.0
1606482343.21	160000	26.732476	0.0	25470681	1912	160.0
1606482345.73	160000	25.215328	0.0	27258768	2287	160.0
1606482347.24	160000	24.714139	0.0	17853711	1330	160.0
1606482348.63	160000	24.313296	0.0	14829893	1246	160.0
1606482351.32	160000	22.630179	0.0	27779697	2444	160.0
1606482353.59	160000	21.362255	0.0	27714923	2045	160.0
1606482356.01	160000	19.943217	0.0	25946474	2201	160.0
1606482357.68	160000	19.269664	0.0	19596259	1493	160.0
1606482359.63	160000	18.324746	0.0	23774167	1746	160.0
1606482361.25	160000	17.702685	0.0	19373656	1444	160.0
1606482363.21	160000	16.74253	0.0	23977420	1761	160.0
1606482365.39	160000	15.568034	0.0	24493733	1966	160.0
1606482366.59	160000	15.367578	0.0	14528511	1050	160.0
1606482368.03	160000	14.923265	0.0	16841176	1278	160.0
1606482369.49	160000	14.464327	0.0	16743604	1290	160.0
1606482371.11	160000	13.851035	0.0	17975224	1439	160.0
1606482373.0	160000	12.958851	0.0	22329548	1695	160.0
1606482374.65	160000	12.306125	0.0	16001583	1481	160.0
1606482376.19	160000	11.768069	0.0	18238584	1365	160.0
1606482377.86	160000	11.105853	0.0	21308824	1458	160.0
1606482379.55	160000	10.414749	0.0	17749058	1520	160.0
1606482380.74	160000	10.223219	0.0	14127787	1043	160.0
1606482382.22	160000	9.741282	0.0	17525699	1311	160.0
1606482383.56	160000	9.403323	0.0	14240042	1188	160.0
1606482393.32	160000	1.436652	0.796	20324139	9585	32.64
1606482393.62	20000	2.137246	0.0	2517454	192	-120.0
1606482393.85	20000	2.905243	0.0	1883143	143	20.0
1606482394.07	20000	3.686063	0.0	1726706	132	20.0
1606482394.21	20000	4.55049	0.0	707364	53	20.0
1606482394.36	20000	5.399815	0.0	796460	66	20.0
1606482394.49	20000	6.26776	0.0	596962	49	20.0
1606482394.66	20000	7.104858	0.0	947625	80	20.0
1606482394.81	20000	7.954085	0.0	832859	69	20.0
1606482394.9	20000	8.86392	0.0	151562	11	20.0
1606482394.98	20000	9.782228	0.0	90390	6	20.0
1606482395.05	20000	10.721683	0.0	50278	3	20.0
1606482395.09	20000	11.673571	0.0	26471	4	20.0
1606482395.13	20000	13.068289	0.0	56059	3	20.0
1606482395.46	40000	1.000999	0.022	336477	10	-3.520000000000003
1606482396.0	20000	1.737017	0.0	11007815	351	0.0
1606482396.36	20000	2.382179	0.0	8849724	230	20.0
1606482396.51	20000	3.230295	0.0	3191121	54	20.0
1606482396.63	20000	4.114191	0.0	1661718	28	20.0
1606482396.74	20000	5.005791	0.0	1315024	22	20.0
1606482396.83	20000	5.910889	0.0	698359	11	20.0
1606482396.93	20000	6.816754	0.0	730082	12	20.0
1606482397.1	20000	7.645969	0.0	4047415	68	20.0
1606482397.25	20000	8.526112	0.0	2863079	48	20.0
1606482397.41	20000	9.372014	0.0	4167844	51	20.0
1606482397.59	20000	10.189897	0.0	5571764	71	20.0
1606482397.75	20000	11.026644	0.0	4925652	63	20.0
1606482397.87	20000	11.932239	0.0	2030157	25	20.0
1606482397.99	20000	12.811067	0.0	2240782	28	20.0
1606482398.12	20000	13.680773	0.0	2211169	28	20.0
1606482398.21	20000	14.594154	0.0	382046	4	20.0
1606482398.34	20000	15.467457	0.0	1113969	40	20.0
1606482398.46	20000	16.347884	0.0	820127	29	20.0
1606482398.8	20000	17.006488	0.0	6357933	231	20.0
1606482400.8	160000	16.010046	0.0	28763893	1658	20.0
1606482401.48	160000	16.331556	0.0	21266416	482	160.0
1606482401.9	160000	16.913887	0.0	23702229	213	160.0
1606482402.37	160000	17.44344	0.0	27580394	247	160.0
1606482402.78	160000	18.037801	0.0	20329780	218	160.0
1606482403.11	160000	18.699503	0.0	16109183	172	160.0
1606482404.34	160000	18.476358	0.0	58830800	590	160.0
1606482406.11	160000	17.709252	0.0	66935122	1338	160.0
1606482406.69	160000	18.125681	0.0	15251076	431	160.0
