1606443630.54	40000	1.000999	0.092	334476	79	-14.719999999999999
1606443632.26	160000	1.384043	0.749	14912671	1504	-79.84
1606443633.61	160000	1.272659	0.21	24265636	1097	126.4
1606443634.06	160000	1.847739	0.0	22711544	239	160.0
1606443634.44	160000	2.466424	0.0	19639705	200	160.0
1606443634.76	160000	3.174714	0.0	20946809	128	160.0
1606443634.99	160000	3.976236	0.0	11895609	74	160.0
1606443635.15	160000	4.815068	0.0	7597636	45	160.0
1606443636.04	160000	4.986201	0.0	56067905	343	160.0
1606443636.74	160000	5.283314	0.0	45444680	398	160.0
1606443637.09	60000	5.932828	0.0	10988410	209	-40.0
1606443637.9	60000	6.122398	0.0	15230785	655	60.0
1606443639.03	60000	5.994597	0.0	13601559	981	60.0
1606443640.77	160000	5.260116	0.0	19559369	1550	60.0
1606443642.68	160000	4.347022	0.0	22224402	1714	160.0
1606443644.66	160000	3.366071	0.0	22578365	1787	160.0
1606443645.47	160000	3.558158	0.0	8346702	689	160.0
1606443646.77	160000	3.257433	0.0	15775481	1136	160.0
1606443647.5	160000	3.536816	0.0	9163235	601	160.0
1606443648.5	110000	3.53353	0.0	26576979	782	60.0
1606443649.33	110000	3.703762	0.0	19285617	647	110.0
1606443649.81	110000	4.222273	0.0	14817542	334	110.0
1606443650.34	110000	4.693054	0.0	17002609	366	110.0
1606443650.91	110000	5.124802	0.0	19316039	384	110.0
1606443651.34	110000	5.701477	0.0	13919609	277	110.0
1606443651.69	110000	6.352482	0.0	11073078	212	110.0
1606443655.23	110000	3.806597	0.0	44076779	3231	110.0
1606443659.58	160000	1.167829	0.712	66935122	3870	-3.9200000000000017
1606443659.76	20000	1.985538	0.0	1849732	89	-120.0
1606443659.95	20000	2.8034	0.0	1942795	91	20.0
1606443660.12	20000	3.634575	0.0	1704756	80	20.0
1606443660.29	20000	4.465385	0.0	1697111	80	20.0
1606443660.45	20000	5.30625	0.0	1529441	72	20.0
1606443660.59	20000	6.162176	0.0	1568649	56	20.0
1606443661.18	160000	6.572142	0.0	12428518	449	20.0
1606443661.75	160000	7.00567	0.0	9963766	440	160.0
1606443662.58	160000	7.178019	0.0	12189364	694	160.0
1606443663.13	160000	7.631773	0.0	10142396	419	160.0
1606443663.66	160000	8.100098	0.0	10185488	406	160.0
1606443664.32	160000	8.439425	0.0	14061455	513	160.0
1606443665.08	160000	8.681857	0.0	20074099	576	160.0
1606443666.9	160000	7.863619	0.0	46115254	1488	160.0
1606443668.46	160000	7.299317	0.0	40906522	1264	160.0
1606443670.95	160000	5.811666	0.0	7891151	2374	160.0
1606443672.71	160000	5.052142	0.0	21012466	1576	160.0
1606443674.98	160000	3.790015	0.0	23519424	2060	160.0
1606443675.53	60000	4.238597	0.0	6264914	436	-40.0
1606443675.77	20000	4.995342	0.0	1666915	152	-20.0
1606443676.0	20000	5.767748	0.0	1555467	141	20.0
1606443676.17	20000	6.594305	0.0	1008919	91	20.0
1606443676.37	20000	7.399181	0.0	1227619	111	20.0
1606443676.55	20000	8.224462	0.0	1015853	92	20.0
1606443676.65	20000	9.117648	0.0	384076	27	20.0
1606443676.75	20000	10.018254	0.0	295687	20	20.0
1606443676.94	20000	10.833136	0.0	1328674	102	20.0
1606443677.14	20000	11.637423	0.0	1492829	110	20.0
1606443677.33	20000	12.44269	0.0	1484812	110	20.0
1606443677.56	20000	13.218057	0.0	1868314	138	20.0
1606443678.77	160000	13.013095	0.0	13526256	1059	20.0
1606443679.74	160000	13.044621	0.0	11995130	835	160.0
1606443680.88	160000	12.895423	0.0	13394791	998	160.0
1606443682.06	160000	12.722936	0.0	14135828	1028	160.0
1606443683.29	160000	12.494322	0.0	15366126	1077	160.0
1606443684.61	160000	12.174607	0.0	14248439	1177	160.0
1606443685.8	160000	11.986678	0.0	13843717	1039	160.0
1606443687.07	160000	11.718939	0.0	14665119	1122	160.0
1606443688.86	160000	10.92631	0.0	21079187	1612	160.0
1606443691.12	160000	9.664082	0.0	25480074	2037	160.0
1606443693.06	160000	8.722802	0.0	23021754	1737	160.0
1606443695.25	160000	7.542431	0.0	27527834	1946	160.0
1606443697.57	160000	6.224454	0.0	26155848	2112	160.0
1606443699.08	160000	5.70906	0.0	17849379	1332	160.0
1606443700.52	160000	5.27464	0.0	16546531	1277	160.0
1606443702.17	160000	4.619242	0.0	17718949	1484	160.0
1606443703.72	160000	4.07979	0.0	17337137	1376	160.0
1606443704.8	110000	3.994859	0.0	13817529	924	60.0
1606443708.88	110000	1.226713	0.312	44222240	3798	60.08
1606443709.87	110000	1.344281	0.112	11574285	865	92.08
1606443711.6	110000	1.46565	0.849	17560011	1578	-25.840000000000003
1606443713.16	110000	1.316191	0.406	16439864	1404	45.040000000000006
1606443713.99	110000	1.48325	0.0	8847416	714	110.0
1606443715.28	160000	1.474786	0.279	14337991	1149	65.36
1606443716.59	160000	1.261052	0.092	14584990	1157	145.28
1606443717.77	160000	1.333534	0.251	13962401	1041	119.84
1606443718.8	160000	1.337347	0.033	14393788	884	154.72
1606443719.74	160000	1.397656	0.0	14649457	794	160.0
1606443720.58	160000	1.555159	0.0	13409715	696	160.0
1606443721.34	160000	1.800912	0.0	13909605	608	160.0
1606443722.01	160000	2.127122	0.0	13301968	533	160.0
1606443722.88	160000	2.261988	0.0	19025846	691	160.0
1606443724.59	160000	1.545978	0.0	19295426	1534	160.0
1606443725.64	160000	1.497694	0.0	18261873	876	160.0
1606443731.19	160000	1.395969	4.442	19847604	5376	-550.72
1606443732.39	160000	1.3393	0.142	18767181	1037	137.28
1606443732.82	60000	1.914117	0.0	7920104	299	-40.0
1606443733.08	40000	2.645949	0.0	4687332	154	20.0
1606443733.35	40000	3.380466	0.0	4811858	162	40.0
1606443733.54	60000	4.184957	0.0	3037981	100	40.0
1606443733.87	60000	4.856809	0.0	6591562	217	60.0
1606443734.12	60000	5.607198	0.0	4617597	147	60.0
1606443734.35	60000	6.380218	0.0	3982768	127	60.0
1606443734.56	40000	7.16906	0.0	3387394	110	20.0
1606443734.86	20000	7.877479	0.0	5664827	180	0.0
1606443735.1	20000	8.630735	0.0	4578115	143	20.0
1606443735.25	20000	9.488558	0.0	1783835	54	20.0
1606443735.37	20000	10.371185	0.0	1093613	33	20.0
1606443735.48	20000	11.25948	0.0	975642	29	20.0
1606443735.62	20000	12.122152	0.0	1658005	51	20.0
1606443735.81	20000	12.934816	0.0	3055257	94	20.0
1606443736.06	20000	13.676674	0.0	5355572	153	20.0
1606443736.25	20000	14.489865	0.0	3278424	92	20.0
1606443736.41	20000	15.33485	0.0	2318501	65	20.0
1606443736.57	20000	16.173625	0.0	2473561	69	20.0
1606443736.94	80000	16.81007	0.0	8446369	239	20.0
1606443737.24	80000	17.502479	0.0	7511410	194	80.0
1606443737.7	80000	18.050655	0.0	12247427	316	80.0
1606443738.57	160000	18.175846	0.0	25782433	648	80.0
1606443739.38	160000	18.373494	0.0	25885372	596	160.0
1606443740.16	160000	18.588324	0.0	26242011	558	160.0
1606443740.86	160000	18.889493	0.0	23865378	500	160.0
1606443741.59	160000	19.163184	0.0	25470681	503	160.0
1606443742.33	160000	19.428613	0.0	27258768	517	160.0
1606443742.82	160000	19.938381	0.0	17853711	317	160.0
1606443743.22	160000	20.533914	0.0	14829893	256	160.0
1606443743.93	160000	20.830904	0.0	27779697	487	160.0
1606443744.68	160000	21.072958	0.0	27714923	539	160.0
1606443745.34	160000	21.421388	0.0	25946474	442	160.0
1606443745.81	160000	21.94581	0.0	19596259	301	160.0
1606443746.36	160000	22.396709	0.0	23774167	359	160.0
1606443746.83	160000	22.931117	0.0	19373656	291	160.0
1606443747.42	160000	23.339358	0.0	23977420	395	160.0
1606443748.04	160000	23.725053	0.0	24493733	414	160.0
1606443748.59	160000	24.173364	0.0	14528511	397	160.0
1606443755.3	160000	18.469315	0.0	16841176	6533	160.0
1606443755.68	20000	19.081919	0.0	1806471	293	-120.0
1606443756.11	20000	19.655745	0.0	1945842	337	20.0
1606443756.88	20000	19.885276	0.0	2538877	680	20.0
1606443757.17	20000	20.602782	0.0	2298557	192	20.0
1606443757.42	20000	21.354148	0.0	2831497	156	20.0
1606443757.69	20000	22.083582	0.0	3200905	175	20.0
1606443757.9	20000	22.874654	0.0	2180586	117	20.0
1606443758.08	20000	23.697092	0.0	1500505	91	20.0
1606443758.32	20000	24.449887	0.0	1939246	159	20.0
1606443758.54	20000	25.231586	0.0	1599193	132	20.0
1606443758.83	20000	25.946954	0.0	2364826	195	20.0
1606443759.28	20000	26.493481	0.0	2517454	362	20.0
1606443759.95	20000	26.826844	0.0	1883143	576	20.0
1606443760.24	20000	27.54285	0.0	1726706	196	20.0
1606443760.39	20000	28.389672	0.0	707364	71	20.0
1606443760.55	20000	29.226464	0.0	796460	80	20.0
1606443761.29	160000	29.493474	0.0	6955279	620	20.0
1606443762.14	160000	29.642481	0.0	10701639	722	160.0
1606443762.98	160000	29.805943	0.0	9459459	712	160.0
1606443763.33	160000	30.457376	0.0	3212828	250	160.0
1606443763.62	160000	31.170224	0.0	2509989	202	160.0
1606443763.85	160000	31.942082	0.0	2004927	161	160.0
1606443763.94	160000	32.846431	0.0	591360	46	160.0
1606443764.13	160000	34.097219	0.0	2394426	135	160.0
1606443764.44	40000	1.000999	0.043	336477	5	-6.880000000000003
1606443764.93	160000	1.809007	0.0	14912671	254	40.0
1606443765.21	20000	2.530194	0.0	8849724	147	-120.0
1606443765.36	20000	3.381526	0.0	3191121	52	20.0
1606443765.47	20000	4.266545	0.0	1661718	28	20.0
1606443765.58	20000	5.158109	0.0	1315024	21	20.0
1606443765.71	40000	6.031496	0.0	1987360	32	20.0
1606443765.84	40000	6.904873	0.0	2185110	36	40.0
1606443766.12	40000	7.626494	0.0	9295618	153	40.0
1606443766.32	40000	8.451742	0.0	5971357	100	40.0
1606443766.66	60000	9.155386	0.0	10988410	183	40.0
1606443767.61	110000	9.256192	0.0	33588177	564	60.0
1606443768.89	160000	8.971331	0.0	50637608	797	110.0
1606443769.36	160000	9.498375	0.0	19559369	288	160.0
1606443769.88	160000	9.976124	0.0	22224402	335	160.0
1606443770.53	160000	10.329469	0.0	22578365	448	160.0
1606443770.86	160000	11.005386	0.0	8346702	206	160.0
1606443776.67	160000	6.191578	0.0	15775481	5645	160.0
1606443776.81	20000	7.050935	0.0	820127	54	-120.0
1606443777.35	20000	7.510329	0.0	6357933	429	20.0
1606443777.78	20000	8.083364	0.0	4814284	320	20.0
1606443778.11	20000	8.75993	0.0	3419258	225	20.0
1606443778.3	20000	9.570343	0.0	3944328	92	20.0
1606443778.5	20000	10.371182	0.0	4284196	99	20.0
1606443778.66	20000	11.209639	0.0	3022025	70	20.0
1606443778.81	20000	12.068706	0.0	2248581	52	20.0
1606443779.17	20000	12.704827	0.0	9946363	230	20.0
1606443779.48	20000	13.393907	0.0	11684632	174	20.0
