1606511304.7	40000	1.000999	1.546	334476	1536	-247.36
1606511305.96	40000	1.412145	0.316	14648397	1131	-10.560000000000002
1606511306.88	60000	1.523893	0.0	20421673	739	40.0
1606511307.83	60000	1.621199	0.0	13063186	872	60.0
1606511308.76	60000	1.731729	0.0	8954217	876	60.0
1606511309.73	80000	1.781586	0.0	11497228	891	60.0
1606511310.21	80000	2.307617	0.0	6232523	432	80.0
1606511310.61	80000	2.904639	0.0	5425476	365	80.0
1606511313.11	80000	1.40375	0.0	29583867	2264	80.0
1606511315.57	110000	1.325069	1.375	28884539	2300	-140.0
1606511316.89	110000	1.451349	0.447	26873304	1189	38.480000000000004
1606511320.12	110000	1.399043	2.178	33588177	3060	-238.48000000000002
1606511322.31	110000	1.328368	1.114	25684661	2054	-68.24000000000001
1606511323.25	110000	1.417205	0.029	10838546	873	105.36
1606511324.6	160000	1.472853	0.408	22224402	1227	44.72
1606511325.81	160000	1.381434	0.114	22578365	1086	141.76
1606511326.67	160000	1.519839	0.0	8346702	809	160.0
1606511327.96	160000	1.473166	0.246	15775481	1207	120.64
1606511328.75	160000	1.684269	0.0	9163235	734	160.0
1606511329.98	160000	1.453103	0.0	41307095	953	160.0
1606511332.29	160000	1.496288	1.351	28763893	2163	-56.16
1606511335.7	160000	1.347673	2.255	21266416	3286	-200.8
1606511337.54	160000	1.353443	0.846	23702229	1725	24.639999999999986
1606511339.43	160000	1.450234	0.99	27580394	1762	1.5999999999999943
1606511340.06	160000	1.821409	0.0	20329780	487	160.0
1606511340.55	160000	2.336236	0.0	16109183	391	160.0
1606511342.45	160000	1.434403	0.0	58830800	1447	160.0
1606511344.17	160000	1.314289	0.597	66935122	1385	64.48
1606511344.77	160000	1.718926	0.0	15251076	495	160.0
1606511345.5	160000	1.9869	0.0	16574034	633	160.0
1606511346.41	160000	2.072777	0.0	13009028	841	160.0
1606511347.55	160000	1.932337	0.0	12791674	1066	160.0
1606511348.52	160000	1.965674	0.0	11137898	903	160.0
1606511349.46	160000	2.03181	0.0	11485310	865	160.0
1606511350.37	160000	2.116951	0.0	12428518	844	160.0
1606511350.57	160000	2.923006	0.0	9963766	134	160.0
1606511350.8	160000	3.6898	0.0	12189364	163	160.0
1606511351.01	160000	4.48468	0.0	10142396	135	160.0
1606511351.21	160000	5.287338	0.0	10185488	137	160.0
1606511351.56	160000	5.930989	0.0	14061455	278	160.0
1606511352.16	160000	6.339421	0.0	20074099	471	160.0
1606511354.22	160000	5.273564	0.0	46115254	1810	160.0
1606511355.92	160000	4.577005	0.0	40906522	1457	160.0
1606511356.27	160000	5.245724	0.0	7891151	283	160.0
1606511357.18	160000	5.315542	0.0	21012466	799	160.0
1606511358.45	160000	5.054537	0.0	23519424	1116	160.0
1606511359.66	160000	4.845904	0.0	18715420	1100	160.0
1606511360.96	160000	4.542003	0.0	17000816	1206	160.0
1606511362.04	160000	4.462106	0.0	14448126	996	160.0
1606511362.64	160000	4.866142	0.0	6958676	551	160.0
1606511363.59	160000	4.913305	0.0	9088791	897	160.0
1606511364.4	160000	5.105482	0.0	7211881	761	160.0
1606511364.69	160000	5.819441	0.0	3063586	250	160.0
1606511364.94	160000	6.566011	0.0	2782179	229	160.0
1606511365.49	160000	7.020985	0.0	9958410	485	160.0
1606511365.73	160000	7.77725	0.0	12158708	172	160.0
1606511365.98	160000	8.531802	0.0	12300216	173	160.0
1606511366.31	160000	9.200685	0.0	15815684	225	160.0
1606511366.56	160000	9.95767	0.0	13526256	168	160.0
1606511366.77	160000	10.74706	0.0	11995130	142	160.0
1606511367.01	160000	11.504327	0.0	13394791	159	160.0
1606511367.26	160000	12.256493	0.0	14135828	168	160.0
1606511367.53	160000	12.990944	0.0	15366126	181	160.0
1606511367.78	160000	13.743809	0.0	14248439	169	160.0
1606511368.03	160000	14.494813	0.0	13843717	164	160.0
1606511368.3	160000	15.224384	0.0	14665119	185	160.0
1606511368.7	160000	15.826357	0.0	21079187	280	160.0
1606511369.18	160000	16.341441	0.0	25480074	348	160.0
1606511369.61	160000	16.912087	0.0	23021754	297	160.0
1606511370.1	160000	17.426758	0.0	27527834	337	160.0
1606511370.58	160000	17.953796	0.0	26155848	317	160.0
1606511370.88	160000	18.650034	0.0	17849379	195	160.0
1606511371.15	160000	19.373808	0.0	16546531	180	160.0
1606511371.45	160000	20.076324	0.0	17718949	193	160.0
1606511371.75	160000	20.777683	0.0	17337137	196	160.0
1606511372.08	160000	21.44805	0.0	20008245	218	160.0
1606511373.04	160000	21.487955	0.0	58430914	644	160.0
1606511373.33	160000	22.206747	0.0	16292703	181	160.0
1606511373.71	160000	22.82031	0.0	25587422	246	160.0
1606511374.08	160000	23.457131	0.0	23982306	223	160.0
1606511374.28	160000	24.25828	0.0	13347845	121	160.0
1606511374.49	160000	25.048957	0.0	14337991	129	160.0
1606511374.71	160000	25.828925	0.0	14584990	140	160.0
1606511374.92	160000	26.616985	0.0	13962401	133	160.0
1606511375.14	160000	27.399722	0.0	14393788	138	160.0
1606511375.36	160000	28.178792	0.0	14649457	140	160.0
1606511375.56	160000	28.979548	0.0	13409715	122	160.0
1606511375.77	160000	29.781504	0.0	13909605	119	160.0
1606511375.96	160000	30.581004	0.0	13301968	114	160.0
1606511376.24	160000	31.30373	0.0	19025846	164	160.0
1606511376.52	160000	32.028841	0.0	19295426	166	160.0
1606511376.77	160000	32.777825	0.0	18261873	145	160.0
1606511377.05	160000	33.497565	0.0	19847604	157	160.0
1606511377.31	160000	34.240463	0.0	18767181	147	160.0
1606511377.61	160000	34.939882	0.0	22420858	177	160.0
1606511377.88	160000	35.672113	0.0	19324333	152	160.0
1606511378.16	160000	36.394083	0.0	20392234	161	160.0
1606511378.27	160000	37.284158	0.0	7671072	60	160.0
1606511378.53	160000	38.03019	0.0	17781906	152	160.0
1606511378.71	160000	38.843916	0.0	12839336	99	160.0
1606511378.86	160000	39.697548	0.0	10779770	83	160.0
1606511379.06	160000	40.495987	0.0	14606687	113	160.0
1606511379.63	160000	40.932659	0.0	41866951	324	160.0
1606511380.14	160000	41.420464	0.0	37238410	294	160.0
1606511380.34	160000	42.224764	0.0	14347759	113	160.0
1606511380.49	160000	43.067145	0.0	11399187	91	160.0
1606511380.63	160000	43.928524	0.0	10358641	75	160.0
1606511380.82	160000	44.743206	0.0	14315696	103	160.0
1606511381.12	160000	45.439361	0.0	23283631	169	160.0
1606511381.62	160000	45.944203	0.0	37521367	272	160.0
1606511381.89	160000	46.680795	0.0	22241104	140	160.0
1606511382.08	160000	47.484721	0.0	15813346	100	160.0
1606511382.29	160000	48.278647	0.0	17116450	108	160.0
1606511382.52	160000	49.050257	0.0	18867054	119	160.0
1606511382.73	160000	49.842337	0.0	17393609	105	160.0
1606511383.02	160000	50.553786	0.0	24759401	149	160.0
1606511383.32	160000	51.255068	0.0	25782433	155	160.0
1606511383.65	160000	51.919208	0.0	25885372	165	160.0
1606511383.96	160000	52.611257	0.0	26242011	159	160.0
1606511384.26	160000	53.311619	0.0	23865378	145	160.0
1606511384.57	160000	54.010581	0.0	25470681	155	160.0
1606511384.89	160000	54.682658	0.0	27258768	161	160.0
1606511385.11	160000	55.463757	0.0	17853711	106	160.0
1606511385.29	160000	56.292652	0.0	14829893	87	160.0
1606511385.61	160000	56.969706	0.0	27779697	163	160.0
1606511385.97	160000	57.614072	0.0	27714923	197	160.0
1606511386.31	160000	58.270961	0.0	25946474	184	160.0
1606511386.57	160000	59.01452	0.0	19596259	141	160.0
1606511386.86	160000	59.724823	0.0	23774167	158	160.0
1606511388.11	160000	59.642943	0.0	19373656	129	160.0
1606511388.93	160000	59.893912	0.0	23977420	176	160.0
1606511389.8	160000	59.894993	0.0	24493733	231	160.0
1606511390.75	160000	59.89601	0.0	14528511	366	160.0
1606511392.52	160000	59.069234	0.0	16841176	1675	160.0
1606511393.75	160000	58.838601	0.0	16743604	1128	160.0
1606511395.19	160000	58.401685	0.0	17975224	1332	160.0
1606511396.8	160000	57.789051	0.0	22329548	1483	160.0
1606511397.22	160000	58.368731	0.0	16001583	320	160.0
1606511397.7	160000	58.896226	0.0	18238584	367	160.0
1606511398.3	160000	59.297448	0.0	21308824	470	160.0
1606511398.82	160000	59.779632	0.0	17749058	412	160.0
1606511399.77	160000	59.905086	0.0	14127787	370	160.0
1606511403.47	160000	57.126156	0.0	17525699	3598	160.0
1606511404.83	160000	56.771833	0.0	14240042	1277	160.0
1606511406.56	160000	56.036093	0.0	20324139	1618	160.0
1606511407.84	160000	55.756364	0.0	21993033	1162	160.0
1606511408.23	160000	56.376623	0.0	18863108	260	160.0
1606511408.55	160000	57.050905	0.0	15964734	220	160.0
1606511408.71	160000	57.889022	0.0	8284939	110	160.0
1606511408.88	160000	58.727532	0.0	9004706	106	160.0
1606511409.02	160000	59.58968	0.0	6955279	78	160.0
1606511409.71	160000	59.915023	0.0	10701639	127	160.0
1606511410.89	160000	59.91598	0.0	9459459	119	160.0
1606511411.95	160000	59.667064	0.0	3212828	40	160.0
1606511413.03	160000	59.668049	0.0	2509989	50	160.0
1606511414.08	160000	59.668993	0.0	2004927	26	160.0
1606511415.11	160000	59.670005	0.0	591360	6	160.0
1606511416.66	160000	59.604775	0.0	2394426	26	160.0
1606511416.87	40000	1.000999	0.026	337339	4	-4.159999999999997
1606511417.2	40000	2.001999	0.0	14648397	163	40.0
1606511417.59	60000	2.659466	0.0	20421673	227	40.0
1606511417.81	60000	3.441417	0.0	13063186	139	60.0
1606511417.96	60000	4.296163	0.0	8954217	90	60.0
1606511418.17	80000	5.090721	0.0	11497228	131	60.0
1606511418.28	80000	5.978469	0.0	6232523	62	80.0
1606511418.38	80000	6.881049	0.0	5425476	56	80.0
1606511418.93	80000	7.399639	0.0	29583867	298	80.0
1606511419.36	110000	7.968625	0.0	28884539	265	80.0
1606511419.77	110000	8.614059	0.0	26873304	247	110.0
1606511420.26	110000	9.145109	0.0	33588177	299	110.0
1606511420.63	110000	9.805092	0.0	25684661	218	110.0
1606511420.79	110000	10.648395	0.0	10838546	93	110.0
1606511421.12	160000	11.319719	0.0	22224402	196	110.0
1606511421.47	160000	11.986177	0.0	22578365	195	160.0
1606511421.6	160000	12.854392	0.0	8346702	74	160.0
1606511421.83	160000	13.622831	0.0	15775481	137	160.0
1606511421.96	160000	14.491725	0.0	9163235	75	160.0
1606511422.59	160000	14.863393	0.0	41307095	339	160.0
1606511422.99	160000	15.471423	0.0	28763893	228	160.0
1606511423.29	160000	16.178203	0.0	21266416	164	160.0
1606511423.61	160000	16.850331	0.0	23702229	182	160.0
1606511423.97	160000	17.487251	0.0	27580394	213	160.0
1606511424.26	160000	18.201792	0.0	20329780	157	160.0
1606511424.48	160000	18.986549	0.0	16109183	125	160.0
1606511425.41	160000	19.056296	0.0	58830800	471	160.0
1606511426.84	160000	18.626995	0.0	66935122	1051	160.0
1606511428.38	160000	18.084654	0.0	15251076	1438	160.0
1606511429.87	160000	17.607479	0.0	16574034	1379	160.0
1606511430.05	160000	18.412983	0.0	13009028	107	160.0
1606511430.24	160000	19.233798	0.0	12791674	105	160.0
1606511430.39	160000	20.075548	0.0	11137898	91	160.0
1606511430.56	160000	20.91131	0.0	11485310	94	160.0
1606511430.73	160000	21.739142	0.0	12428518	103	160.0
1606511430.88	160000	22.594586	0.0	9963766	83	160.0
1606511431.05	160000	23.422927	0.0	12189364	104	160.0
1606511431.2	160000	24.273603	0.0	10142396	87	160.0
1606511431.36	160000	25.117901	0.0	10185488	87	160.0
1606511431.56	160000	25.916858	0.0	14061455	121	160.0
1606511431.85	160000	26.631572	0.0	20074099	171	160.0
1606511432.49	160000	26.993637	0.0	46115254	381	160.0
1606511433.06	160000	27.418454	0.0	40906522	338	160.0
1606511433.2	160000	28.29822	0.0	7891151	72	160.0
1606511433.51	160000	28.971983	0.0	21012466	194	160.0
1606511433.86	160000	29.619078	0.0	23519424	222	160.0
1606511434.23	160000	30.250958	0.0	18715420	260	160.0
1606511434.57	160000	30.91643	0.0	17000816	236	160.0
1606511434.85	160000	31.630368	0.0	14448126	201	160.0
1606511434.97	160000	32.515872	0.0	6958676	72	160.0
1606511435.12	160000	33.367071	0.0	9088791	93	160.0
1606511435.24	160000	34.248579	0.0	7211881	74	160.0
1606511435.3	160000	35.193206	0.0	3063586	31	160.0
1606511435.35	160000	36.141192	0.0	2782179	30	160.0
1606511435.51	160000	36.982113	0.0	9958410	102	160.0
1606511435.71	160000	37.785841	0.0	12158708	124	160.0
1606511435.92	160000	38.576911	0.0	12300216	136	160.0
1606511436.23	160000	39.283287	0.0	15815684	202	160.0
1606511436.48	160000	40.016936	0.0	13526256	174	160.0
1606511436.7	160000	40.792028	0.0	11995130	153	160.0
1606511436.94	160000	41.555362	0.0	13394791	161	160.0
1606511437.19	160000	42.307554	0.0	14135828	162	160.0
