1606529535.91	40000	1.000999	0.04	334476	26	-6.399999999999999
1606529537.28	40000	1.429556	0.428	14648397	1238	-28.480000000000004
1606529539.65	60000	1.340088	1.249	20421673	2220	-159.84
1606529540.77	60000	1.433636	0.196	13063186	1051	28.64
1606529541.04	60000	2.164419	0.0	8954217	216	60.0
1606529541.25	80000	2.977531	0.0	11497228	126	60.0
1606529541.37	80000	3.865721	0.0	6232523	69	80.0
1606529541.46	80000	4.767275	0.0	5425476	60	80.0
1606529542.04	80000	5.196793	0.0	29583867	325	80.0
1606529542.5	110000	5.753493	0.0	28884539	287	80.0
1606529542.92	110000	6.340532	0.0	26873304	259	110.0
1606529543.73	110000	6.527427	0.0	33588177	619	110.0
1606529545.65	110000	5.603882	0.0	25684661	1778	110.0
1606529546.54	110000	5.723191	0.0	10838546	813	110.0
1606529548.38	160000	4.875113	0.0	22224402	1712	110.0
1606529550.23	160000	4.036092	0.0	22578365	1698	160.0
1606529551.01	160000	4.2548	0.0	8346702	725	160.0
1606529552.31	160000	3.950855	0.0	15775481	1203	160.0
1606529553.24	160000	4.024836	0.0	9163235	869	160.0
1606529556.93	160000	1.372179	0.043	41307095	3398	153.12
1606529557.76	160000	1.546016	0.0	28763893	659	160.0
1606529558.33	160000	1.977577	0.0	21266416	433	160.0
1606529558.92	160000	2.390903	0.0	23702229	454	160.0
1606529559.64	160000	2.675035	0.0	27580394	550	160.0
1606529560.18	160000	3.131905	0.0	20329780	410	160.0
1606529560.56	160000	3.759916	0.0	16109183	273	160.0
1606529562.02	160000	3.29479	0.0	58830800	971	160.0
1606529575.81	160000	1.286923	10.78	66935122	13458	-1564.8
1606529577.17	160000	1.39525	0.469	15251076	1280	84.96
1606529578.5	160000	1.365159	0.305	16574034	1249	111.2
1606529579.45	160000	1.417555	0.0	13009028	872	160.0
1606529579.99	160000	1.877266	0.0	12791674	467	160.0
1606529580.5	160000	2.372204	0.0	11137898	436	160.0
1606529581.04	160000	2.836165	0.0	11485310	468	160.0
1606529581.74	160000	3.13553	0.0	12428518	630	160.0
1606529582.78	160000	3.093316	0.0	9963766	981	160.0
1606529584.06	160000	2.813551	0.0	12189364	1210	160.0
1606529586.15	160000	1.730633	0.0	10142396	2022	160.0
1606529589.06	160000	1.42831	1.61	10185488	2860	-97.60000000000002
1606529590.93	160000	1.288733	0.728	14061455	1797	43.519999999999996
1606529592.46	160000	1.266906	0.512	20074099	1431	78.08
1606529596.01	160000	1.279311	2.557	46115254	3318	-249.12
1606529599.36	160000	1.337051	2.408	40906522	3139	-225.27999999999997
1606529599.62	160000	2.073756	0.0	7891151	214	160.0
1606529600.32	160000	2.380507	0.0	21012466	570	160.0
1606529601.03	160000	2.663958	0.0	23519424	583	160.0
1606529601.65	160000	3.052069	0.0	18715420	502	160.0
1606529602.24	160000	3.459539	0.0	17000816	490	160.0
1606529603.44	160000	3.264464	0.0	14448126	1103	160.0
1606529603.98	160000	3.722553	0.0	6958676	496	160.0
1606529604.72	160000	3.981726	0.0	9088791	681	160.0
1606529605.33	160000	4.370602	0.0	7211881	563	160.0
1606529605.59	160000	5.113376	0.0	3063586	231	160.0
1606529605.83	160000	5.873256	0.0	2782179	210	160.0
1606529606.65	160000	6.056519	0.0	9958410	758	160.0
1606529607.64	160000	6.066589	0.0	12158708	914	160.0
1606529608.59	160000	6.117849	0.0	12300216	877	160.0
1606529609.9	160000	5.815608	0.0	15815684	1210	160.0
1606529611.19	160000	5.519601	0.0	13526256	1213	160.0
1606529612.22	160000	5.499286	0.0	11995130	950	160.0
1606529613.4	160000	5.31651	0.0	13394791	1100	160.0
1606529614.57	160000	5.146304	0.0	14135828	1090	160.0
1606529615.83	160000	4.882672	0.0	15366126	1172	160.0
1606529617.17	160000	4.540061	0.0	14248439	1261	160.0
1606529618.5	160000	4.219864	0.0	13843717	1241	160.0
1606529619.88	160000	3.835421	0.0	14665119	1296	160.0
1606529620.75	160000	3.968191	0.0	21079187	740	160.0
1606529621.33	160000	4.391957	0.0	25480074	433	160.0
1606529621.75	160000	4.966584	0.0	23021754	288	160.0
1606529622.24	160000	5.484426	0.0	27527834	324	160.0
1606529622.69	160000	6.03488	0.0	26155848	286	160.0
1606529622.97	160000	6.749078	0.0	17849379	180	160.0
1606529623.25	160000	7.477456	0.0	16546531	167	160.0
1606529623.54	160000	8.182721	0.0	17718949	177	160.0
1606529623.81	160000	8.911842	0.0	17337137	167	160.0
1606529624.13	160000	9.602709	0.0	20008245	192	160.0
1606529625.07	160000	9.657657	0.0	58430914	616	160.0
1606529625.36	160000	10.372208	0.0	16292703	182	160.0
1606529625.76	160000	10.974422	0.0	25587422	258	160.0
1606529626.13	160000	11.602871	0.0	23982306	237	160.0
1606529626.34	160000	12.39492	0.0	13347845	131	160.0
1606529627.1	160000	12.637056	0.0	14337991	675	160.0
1606529628.27	160000	12.463279	0.0	14584990	1088	160.0
1606529629.31	160000	12.4229	0.0	13962401	958	160.0
1606529629.67	160000	13.060758	0.0	14393788	282	160.0
1606529629.94	160000	13.793559	0.0	14649457	187	160.0
1606529630.2	160000	14.547453	0.0	13409715	171	160.0
1606529630.45	160000	15.28608	0.0	13909605	175	160.0
1606529631.03	160000	15.710974	0.0	13301968	497	160.0
1606529632.09	160000	15.652275	0.0	19025846	944	160.0
1606529633.52	160000	15.22351	0.0	19295426	1313	160.0
1606529634.65	160000	15.089212	0.0	18261873	1030	160.0
1606529635.03	160000	15.716813	0.0	19847604	254	160.0
1606529635.37	160000	16.372222	0.0	18767181	241	160.0
1606529635.79	160000	16.953772	0.0	22420858	297	160.0
1606529636.17	160000	17.57982	0.0	19324333	259	160.0
1606529636.56	160000	18.186033	0.0	20392234	277	160.0
1606529636.77	160000	18.975502	0.0	7671072	160	160.0
1606529637.25	160000	19.501322	0.0	17781906	367	160.0
1606529637.65	160000	20.108099	0.0	12839336	315	160.0
1606529638.24	160000	20.51178	0.0	10779770	526	160.0
1606529639.66	160000	20.09237	0.0	14606687	1337	160.0
1606529643.58	160000	17.17258	0.0	41866951	3682	160.0
1606529645.97	160000	15.788361	0.0	37238410	2166	160.0
1606529646.26	160000	16.495045	0.0	14347759	206	160.0
1606529646.49	160000	17.263367	0.0	11399187	158	160.0
1606529646.71	160000	18.053137	0.0	10358641	144	160.0
1606529646.98	160000	18.774372	0.0	14315696	197	160.0
1606529647.43	160000	19.326589	0.0	23283631	320	160.0
1606529648.15	160000	19.613224	0.0	37521367	495	160.0
1606529648.56	160000	20.204168	0.0	22241104	285	160.0
1606529648.85	160000	20.916422	0.0	15813346	192	160.0
1606529649.15	160000	21.609462	0.0	17116450	208	160.0
1606529649.49	160000	22.272183	0.0	18867054	228	160.0
1606529649.81	160000	22.965287	0.0	17393609	209	160.0
1606529650.25	160000	23.520832	0.0	24759401	295	160.0
1606529650.7	160000	24.070309	0.0	25782433	309	160.0
1606529651.16	160000	24.611102	0.0	25885372	304	160.0
1606529651.61	160000	25.158113	0.0	26242011	309	160.0
1606529652.35	160000	25.422404	0.0	23865378	575	160.0
1606529654.84	160000	23.931442	0.0	25470681	2355	160.0
1606529655.87	160000	23.903561	0.0	27258768	862	160.0
1606529656.09	160000	24.680831	0.0	17853711	116	160.0
1606529656.28	160000	25.499217	0.0	14829893	96	160.0
1606529656.62	160000	26.16015	0.0	27779697	180	160.0
1606529656.95	160000	26.822472	0.0	27714923	189	160.0
1606529657.28	160000	27.498655	0.0	25946474	177	160.0
1606529657.52	160000	28.254009	0.0	19596259	134	160.0
1606529657.9	160000	28.877049	0.0	23774167	241	160.0
1606529658.15	160000	29.634528	0.0	19373656	120	160.0
1606529658.43	160000	30.346681	0.0	23977420	148	160.0
1606529658.73	160000	31.053927	0.0	24493733	152	160.0
1606529658.98	160000	31.803273	0.0	14528511	165	160.0
1606529659.27	160000	32.517084	0.0	16841176	183	160.0
1606529659.56	160000	33.224019	0.0	16743604	189	160.0
1606529659.83	160000	33.956915	0.0	17975224	159	160.0
1606529660.15	160000	34.63756	0.0	22329548	185	160.0
1606529660.38	160000	35.408761	0.0	16001583	129	160.0
1606529660.64	160000	36.153212	0.0	18238584	147	160.0
1606529661.07	160000	36.725579	0.0	21308824	296	160.0
1606529661.43	160000	37.364525	0.0	17749058	245	160.0
1606529661.7	160000	38.088812	0.0	14127787	197	160.0
1606529662.06	160000	38.737168	0.0	17525699	251	160.0
1606529662.36	160000	39.439307	0.0	14240042	208	160.0
1606529662.77	160000	40.03048	0.0	20324139	287	160.0
1606529663.11	160000	40.681658	0.0	21993033	224	160.0
1606529663.43	160000	41.375276	0.0	18863108	192	160.0
1606529663.69	160000	42.106935	0.0	15964734	162	160.0
1606529663.91	160000	42.887625	0.0	8284939	167	160.0
1606529664.15	160000	43.653088	0.0	9004706	182	160.0
1606529664.33	160000	44.467882	0.0	6955279	140	160.0
1606529664.62	160000	45.186958	0.0	10701639	216	160.0
1606529666.24	160000	44.561498	0.0	9459459	1564	160.0
1606529666.52	160000	45.281678	0.0	3212828	253	160.0
1606529666.74	160000	46.06058	0.0	2509989	197	160.0
1606529666.92	160000	46.882424	0.0	2004927	159	160.0
1606529666.99	160000	47.820269	0.0	591360	45	160.0
1606529667.2	160000	49.041177	0.0	2394426	190	160.0
1606529667.57	40000	1.000999	0.084	337339	25	-13.439999999999998
1606529669.68	40000	1.446521	1.197	14648397	1989	-151.52
1606529678.86	60000	1.442594	8.146	20421673	9027	-1263.36
1606529680.28	60000	1.425013	0.442	13063186	1355	-10.719999999999999
1606529680.9	60000	1.82951	0.0	8954217	561	60.0
1606529681.77	80000	1.988422	0.0	11497228	767	60.0
1606529682.06	80000	2.692392	0.0	6232523	250	80.0
1606529682.32	80000	3.439066	0.0	5425476	218	80.0
1606529683.76	80000	2.998247	0.0	29583867	1196	80.0
1606529684.76	110000	2.996285	0.0	28884539	832	80.0
1606529685.68	110000	3.076695	0.0	26873304	762	110.0
1606529686.74	110000	3.021224	0.0	33588177	859	110.0
1606529687.48	110000	3.274877	0.0	25684661	600	110.0
1606529687.8	110000	3.958067	0.0	10838546	252	110.0
1606529688.45	160000	4.307861	0.0	22224402	514	110.0
1606529689.13	160000	4.634012	0.0	22578365	536	160.0
1606529689.39	160000	5.376376	0.0	8346702	205	160.0
1606529689.87	160000	5.892466	0.0	15775481	389	160.0
1606529690.15	160000	6.619343	0.0	9163235	216	160.0
1606529692.44	160000	5.322279	0.0	41307095	2010	160.0
1606529694.58	160000	4.185063	0.0	28763893	1973	160.0
1606529696.05	160000	3.721186	0.0	21266416	1325	160.0
1606529696.85	160000	3.923907	0.0	23702229	650	160.0
1606529697.54	160000	4.238851	0.0	27580394	528	160.0
1606529698.06	160000	4.70855	0.0	20329780	384	160.0
1606529698.45	160000	5.322638	0.0	16109183	290	160.0
1606529699.87	160000	4.907304	0.0	58830800	953	160.0
1606529701.28	160000	4.499211	0.0	66935122	1034	160.0
1606529701.54	160000	5.23345	0.0	15251076	177	160.0
1606529701.83	160000	5.942738	0.0	16574034	193	160.0
1606529702.06	160000	6.715802	0.0	13009028	143	160.0
1606529702.28	160000	7.501226	0.0	12791674	138	160.0
1606529702.47	160000	8.314198	0.0	11137898	120	160.0
1606529702.66	160000	9.119774	0.0	11485310	123	160.0
1606529702.87	160000	9.915592	0.0	12428518	134	160.0
1606529703.04	160000	10.742122	0.0	9963766	105	160.0
1606529703.24	160000	11.541613	0.0	12189364	132	160.0
1606529703.41	160000	12.373085	0.0	10142396	109	160.0
1606529703.58	160000	13.20342	0.0	10185488	110	160.0
1606529703.82	160000	13.969083	0.0	14061455	152	160.0
1606529704.12	160000	14.666552	0.0	20074099	180	160.0
1606529704.77	160000	15.018951	0.0	46115254	378	160.0
1606529705.36	160000	15.434304	0.0	40906522	333	160.0
1606529705.47	160000	16.315619	0.0	7891151	64	160.0
1606529705.77	160000	17.021887	0.0	21012466	172	160.0
1606529706.14	160000	17.651714	0.0	23519424	233	160.0
1606529706.46	160000	18.335293	0.0	18715420	206	160.0
1606529706.75	160000	19.048713	0.0	17000816	187	160.0
1606529706.99	160000	19.806937	0.0	14448126	155	160.0
1606529707.08	160000	20.716464	0.0	6958676	45	160.0
1606529707.2	160000	21.601445	0.0	9088791	59	160.0
1606529707.29	160000	22.508253	0.0	7211881	39	160.0
1606529707.34	160000	23.463697	0.0	3063586	20	160.0
1606529707.38	160000	24.419639	0.0	2782179	18	160.0
1606529707.5	160000	25.298558	0.0	9958410	64	160.0
1606529707.65	160000	26.150775	0.0	12158708	79	160.0
1606529707.82	160000	26.988316	0.0	12300216	79	160.0
1606529708.01	160000	27.789881	0.0	15815684	99	160.0
1606529708.17	160000	28.634265	0.0	13526256	80	160.0
1606529708.31	160000	29.494215	0.0	11995130	71	160.0
1606529708.47	160000	30.337509	0.0	13394791	79	160.0
