1606465549.47	40000	1.000999	0.044	334476	31	-7.039999999999999
1606465550.61	20000	1.44579	0.252	11007815	984	-40.32
1606465551.38	20000	1.682082	0.0	8849724	635	20.0
1606465551.71	20000	2.454305	0.0	3191121	235	20.0
1606465553.55	160000	1.643085	0.0	19639705	1591	20.0
1606465555.33	160000	1.321683	0.441	20946809	1601	89.44
1606465556.47	160000	1.263303	0.083	11895609	1005	146.72
1606465557.09	160000	1.638988	0.0	7597636	507	160.0
1606465557.86	40000	1.871581	0.0	9295618	639	-80.0
1606465558.78	60000	1.959843	0.0	9877442	777	40.0
1606465559.76	60000	1.973919	0.0	10988410	850	60.0
1606465561.16	60000	1.582106	0.0	15230785	1234	60.0
1606465562.3	60000	1.443199	0.0	13601559	982	60.0
1606465563.74	110000	1.351202	0.345	10838546	1303	4.799999999999997
1606465568.06	110000	1.447083	3.411	12783186	4173	-435.76
1606465570.72	110000	1.359575	1.585	13101938	2529	-143.6
1606465570.87	20000	2.214912	0.0	382046	60	-70.0
1606465571.14	20000	2.947251	0.0	1113969	183	20.0
1606465571.35	20000	3.732615	0.0	820127	135	20.0
1606465572.25	20000	3.835119	0.0	6357933	792	20.0
1606465572.85	20000	4.236499	0.0	4814284	500	20.0
1606465573.3	20000	4.793527	0.0	3419258	349	20.0
1606465573.79	20000	5.296024	0.0	3944328	401	20.0
1606465575.88	110000	4.215273	0.0	19316039	1894	20.0
1606465576.25	20000	4.840411	0.0	3022025	276	-70.0
1606465576.53	20000	5.560789	0.0	2248581	190	20.0
1606465577.47	20000	5.621364	0.0	9946363	807	20.0
1606465578.34	20000	5.756564	0.0	11684632	725	20.0
1606465578.94	110000	6.158424	0.0	10019282	459	20.0
1606465579.81	160000	6.285156	0.0	16574034	707	110.0
1606465580.47	160000	6.630414	0.0	13009028	512	160.0
1606465581.04	160000	7.056644	0.0	12791674	433	160.0
1606465581.55	160000	7.553981	0.0	11137898	368	160.0
1606465582.03	160000	8.072444	0.0	11485310	348	160.0
1606465582.54	160000	8.566624	0.0	12428518	368	160.0
1606465582.93	160000	9.169479	0.0	9963766	272	160.0
1606465583.41	160000	9.698669	0.0	12189364	335	160.0
1606465583.86	160000	10.243061	0.0	10142396	323	160.0
1606465584.32	160000	10.789848	0.0	10185488	326	160.0
1606465584.82	160000	11.28749	0.0	14061455	355	160.0
1606465585.51	160000	11.603285	0.0	20074099	499	160.0
1606465586.65	160000	11.46123	0.0	46115254	639	160.0
1606465587.49	160000	11.619285	0.0	40906522	546	160.0
1606465587.71	160000	12.399017	0.0	7891151	102	160.0
1606465588.18	160000	12.936453	0.0	21012466	272	160.0
1606465588.7	160000	13.417638	0.0	23519424	321	160.0
1606465589.16	160000	13.953321	0.0	18715420	277	160.0
1606465589.67	160000	14.447388	0.0	17000816	338	160.0
1606465590.49	160000	14.622212	0.0	14448126	678	160.0
1606465593.28	160000	12.841051	0.0	6958676	2665	160.0
1606465594.92	160000	12.200421	0.0	9088791	1517	160.0
1606465595.91	160000	12.211559	0.0	7211881	875	160.0
1606465596.21	160000	12.911596	0.0	3063586	209	160.0
1606465596.5	160000	13.62578	0.0	2782179	189	160.0
1606465597.32	160000	13.805437	0.0	9958410	694	160.0
1606465598.38	160000	13.745373	0.0	12158708	912	160.0
1606465598.61	20000	14.517721	0.0	1484812	130	-120.0
1606465598.88	20000	15.250433	0.0	1868314	180	20.0
1606465599.08	20000	16.045956	0.0	1253406	120	20.0
1606465599.25	20000	16.879672	0.0	887933	84	20.0
1606465599.44	20000	17.686788	0.0	1153403	110	20.0
1606465600.56	160000	17.579485	0.0	14135828	960	20.0
1606465601.8	160000	17.327815	0.0	15366126	1096	160.0
1606465602.97	160000	17.159729	0.0	14248439	1024	160.0
1606465604.08	160000	17.056896	0.0	13843717	952	160.0
1606465605.25	160000	16.88216	0.0	14665119	1021	160.0
1606465607.0	160000	16.130588	0.0	21079187	1565	160.0
1606465608.98	160000	15.160046	0.0	25480074	1761	160.0
1606465610.96	160000	14.181612	0.0	23021754	1779	160.0
1606465613.2	160000	12.935577	0.0	27527834	2024	160.0
1606465615.28	160000	11.859017	0.0	26155848	1865	160.0
1606465616.85	160000	11.290553	0.0	17849379	1397	160.0
1606465618.49	160000	10.647919	0.0	16546531	1479	160.0
1606465619.89	160000	10.247329	0.0	17718949	1212	160.0
1606465621.44	160000	9.705943	0.0	17337137	1370	160.0
1606465623.51	160000	8.637001	0.0	20008245	1888	160.0
1606465628.39	160000	4.758714	0.0	58430914	4418	160.0
1606465632.17	160000	1.971237	0.0	16292703	3602	160.0
1606465635.47	160000	1.2237	1.539	25587422	3086	-86.24000000000001
1606465635.8	20000	1.890963	0.0	3324070	226	-120.0
1606465636.11	40000	2.577642	0.0	3078962	217	20.0
1606465636.57	60000	3.128363	0.0	4851731	344	40.0
1606465636.94	40000	3.750841	0.0	3535232	266	20.0
1606465637.3	40000	4.399037	0.0	3285443	255	40.0
1606465637.67	40000	5.031047	0.0	3494448	272	40.0
1606465638.08	40000	5.614417	0.0	3529670	319	40.0
1606465638.46	40000	6.238653	0.0	3123898	282	40.0
1606465638.68	20000	7.017833	0.0	1473412	133	0.0
1606465638.89	20000	7.814628	0.0	1498968	117	20.0
1606465639.15	20000	8.550579	0.0	2247334	176	20.0
1606465639.49	20000	9.210145	0.0	3156442	247	20.0
1606465639.73	20000	9.975776	0.0	1895098	148	20.0
1606465639.92	20000	10.783578	0.0	1939135	96	20.0
1606465640.1	20000	11.606783	0.0	1842874	91	20.0
1606465640.3	20000	12.408248	0.0	2235830	111	20.0
1606465640.5	20000	13.211761	0.0	2202171	109	20.0
1606465641.64	160000	13.066253	0.0	20392234	958	20.0
1606465642.69	160000	13.01812	0.0	7671072	932	160.0
1606465645.43	160000	11.276046	0.0	17781906	2571	160.0
1606465646.46	160000	11.255822	0.0	12839336	877	160.0
1606465647.34	160000	11.36819	0.0	10779770	755	160.0
1606465652.12	160000	7.59208	0.0	14606687	4620	160.0
1606465655.3	160000	5.414914	0.0	41866951	2871	160.0
1606465655.57	20000	6.140823	0.0	4578115	168	-120.0
1606465655.74	20000	6.977852	0.0	1783835	65	20.0
1606465655.86	20000	7.855317	0.0	1093613	39	20.0
1606465655.98	20000	8.73707	0.0	975642	37	20.0
1606465656.13	20000	9.58819	0.0	1658005	63	20.0
1606465656.34	20000	10.378434	0.0	3055257	117	20.0
1606465656.65	20000	11.072583	0.0	5355572	204	20.0
1606465657.05	40000	11.670686	0.0	6507505	290	20.0
1606465657.38	40000	12.344008	0.0	4368401	225	40.0
1606465657.72	40000	12.999347	0.0	4682869	241	40.0
1606465658.29	60000	13.431062	0.0	6132241	454	40.0
1606465658.83	60000	13.896186	0.0	5426584	431	60.0
1606465660.2	160000	13.52574	0.0	24759401	1160	60.0
1606465661.44	160000	13.287814	0.0	25782433	1008	160.0
1606465662.65	160000	13.083226	0.0	25885372	998	160.0
1606465663.9	160000	12.82763	0.0	26242011	1030	160.0
1606465665.16	160000	12.572789	0.0	23865378	1055	160.0
1606465670.11	160000	8.620592	0.0	25470681	4722	160.0
1606465677.56	160000	2.175856	0.0	27258768	7210	160.0
1606465678.28	60000	2.459076	0.0	6285842	598	-40.0
1606465678.74	40000	2.991282	0.0	3322499	369	20.0
1606465679.16	20000	3.579213	0.0	2926720	307	0.0
1606465679.55	20000	4.183568	0.0	2991202	300	20.0
1606465679.95	20000	4.786206	0.0	3002106	301	20.0
1606465680.36	20000	5.375276	0.0	2015412	319	20.0
1606465682.09	40000	4.647512	0.0	6033322	1614	20.0
1606465683.01	20000	4.730796	0.0	2185316	824	0.0
1606465684.32	20000	4.420103	0.0	3370605	1214	20.0
1606465685.99	110000	3.754656	0.0	17077492	1489	20.0
1606465687.06	110000	3.680399	0.0	9645423	947	110.0
1606465687.46	60000	4.284766	0.0	5898498	283	10.0
1606465687.65	20000	5.09894	0.0	1806471	85	-20.0
1606465687.83	20000	5.917149	0.0	1945842	93	20.0
1606465688.04	20000	6.704035	0.0	2538877	121	20.0
1606465688.22	20000	7.525365	0.0	2298557	87	20.0
1606465688.43	20000	8.323982	0.0	2831497	107	20.0
1606465688.64	20000	9.108372	0.0	3200905	122	20.0
1606465688.81	20000	9.937852	0.0	2180586	83	20.0
1606465688.97	20000	10.781774	0.0	1500505	71	20.0
1606465689.09	20000	11.663585	0.0	1939246	32	20.0
1606465689.2	20000	12.553889	0.0	1599193	24	20.0
1606465689.33	20000	13.427661	0.0	2364826	35	20.0
1606465689.46	20000	14.296365	0.0	2517454	37	20.0
1606465689.59	20000	15.170204	0.0	1883143	28	20.0
1606465689.7	20000	16.05886	0.0	1726706	25	20.0
1606465689.79	20000	16.968365	0.0	707364	10	20.0
1606465689.88	20000	17.876778	0.0	796460	11	20.0
1606465689.97	20000	18.789381	0.0	596962	8	20.0
1606465690.07	20000	19.69535	0.0	947625	13	20.0
1606465690.16	20000	20.60239	0.0	832859	12	20.0
1606465690.24	20000	21.522014	0.0	151562	1	20.0
1606465690.32	20000	22.445743	0.0	90390	0	20.0
1606465690.38	20000	23.388193	0.0	50278	3	20.0
1606465690.43	20000	24.340893	0.0	26471	4	20.0
1606465690.46	20000	25.739701	0.0	56059	0	20.0
1606465690.79	40000	1.000999	0.016	336477	4	-2.5600000000000023
1606465691.16	20000	1.922422	0.0	11007815	158	0.0
1606465691.42	20000	2.665773	0.0	8849724	125	20.0
1606465691.56	20000	3.52233	0.0	3191121	45	20.0
1606465692.1	160000	3.985894	0.0	19639705	280	20.0
1606465692.65	160000	4.51167	0.0	20946809	352	160.0
1606465692.98	160000	5.202411	0.0	11895609	199	160.0
1606465693.26	160000	5.954114	0.0	7597636	148	160.0
1606465694.98	160000	5.235533	0.0	56067905	1161	160.0
1606465696.31	160000	4.920071	0.0	45444680	1031	160.0
1606465697.86	160000	4.373304	0.0	54798068	1196	160.0
1606465699.76	160000	3.478502	0.0	69464107	1350	160.0
1606465700.93	160000	3.303003	0.0	50637608	827	160.0
1606465701.41	160000	3.824701	0.0	19559369	293	160.0
1606465701.94	160000	4.298732	0.0	22224402	322	160.0
1606465702.47	160000	4.765545	0.0	22578365	330	160.0
1606465702.71	160000	5.527958	0.0	8346702	112	160.0
1606465703.09	160000	6.193671	0.0	15775481	218	160.0
1606465703.34	160000	7.032368	0.0	9163235	123	160.0
1606465704.19	160000	7.189243	0.0	41307095	556	160.0
1606465704.82	160000	7.561092	0.0	28763893	388	160.0
1606465705.29	160000	8.089641	0.0	21266416	286	160.0
1606465705.83	160000	8.550551	0.0	23702229	315	160.0
1606465706.42	160000	8.961261	0.0	27580394	367	160.0
1606465706.89	160000	9.490288	0.0	20329780	275	160.0
1606465707.27	160000	10.109881	0.0	16109183	219	160.0
1606465708.56	160000	9.819921	0.0	58830800	886	160.0
1606465709.84	160000	9.541113	0.0	66935122	858	160.0
