1606517744.11	40000	1.000999	0.035	334476	24	-5.600000000000001
1606517745.13	20000	1.375287	0.0	11007815	826	0.0
1606517745.98	20000	1.550164	0.0	8849724	710	20.0
1606517746.3	20000	2.232807	0.0	3191121	215	20.0
1606517746.73	40000	2.83961	0.0	4726840	320	20.0
1606517747.09	40000	3.485142	0.0	3421740	254	40.0
1606517747.34	40000	4.237689	0.0	1987360	154	40.0
1606517747.74	60000	4.833087	0.0	3830488	299	40.0
1606517749.46	60000	4.118565	0.0	17832465	1501	60.0
1606517750.83	80000	3.749967	0.0	15816325	1195	60.0
1606517752.28	80000	3.299466	0.0	15275967	1293	80.0
1606517754.11	80000	2.467519	0.0	20600381	1612	80.0
1606517754.61	80000	2.965987	0.0	17710542	324	80.0
1606517754.96	110000	3.626394	0.0	10838546	198	80.0
1606517755.5	160000	4.087485	0.0	22224402	333	110.0
1606517756.04	160000	4.545357	0.0	22578365	340	160.0
1606517756.42	160000	5.163067	0.0	8346702	249	160.0
1606517757.11	160000	5.479416	0.0	15775481	513	160.0
1606517758.12	160000	5.461575	0.0	9163235	890	160.0
1606517760.43	110000	4.161374	0.0	26576979	2038	60.0
1606517762.39	160000	3.203872	0.0	28763893	1720	110.0
1606517763.27	160000	3.319646	0.0	21266416	696	160.0
1606517764.04	160000	3.560225	0.0	23702229	551	160.0
1606517764.69	160000	3.89714	0.0	27580394	420	160.0
1606517765.18	160000	4.413606	0.0	20329780	292	160.0
1606517765.56	160000	5.030331	0.0	16109183	202	160.0
1606517766.32	80000	5.277748	0.0	34554431	441	0.0
1606517767.37	110000	5.226408	0.0	49215857	579	80.0
1606517767.7	160000	5.894997	0.0	15251076	160	110.0
1606517768.05	160000	6.546697	0.0	16574034	180	160.0
1606517768.46	160000	7.143325	0.0	13009028	259	160.0
1606517768.89	160000	7.707184	0.0	12791674	278	160.0
1606517769.94	160000	7.661452	0.0	11137898	910	160.0
1606517774.64	160000	3.958447	0.0	11485310	4554	160.0
1606517775.77	160000	3.833879	0.0	12428518	979	160.0
1606517776.62	160000	3.984676	0.0	9963766	711	160.0
1606517776.86	20000	4.747038	0.0	1894067	135	-120.0
1606517777.03	20000	5.575524	0.0	1186604	84	20.0
1606517777.2	20000	6.402445	0.0	1068386	87	20.0
1606517777.43	20000	7.174612	0.0	1700843	138	20.0
1606517777.73	20000	7.875184	0.0	2536859	206	20.0
1606517778.23	20000	8.377792	0.0	4742872	392	20.0
1606517778.76	20000	8.846531	0.0	4955535	426	20.0
1606517778.96	20000	9.651683	0.0	1260540	107	20.0
1606517779.42	20000	10.194694	0.0	3605246	358	20.0
1606517779.8	20000	10.809201	0.0	2770338	283	20.0
1606517780.09	20000	11.528365	0.0	1855168	190	20.0
1606517780.34	20000	12.272534	0.0	1666915	164	20.0
1606517781.75	160000	11.864096	0.0	14448126	1254	20.0
1606517782.37	160000	12.250976	0.0	6958676	501	160.0
1606517783.12	160000	12.503168	0.0	9088791	622	160.0
1606517783.76	160000	12.857935	0.0	7211881	532	160.0
1606517784.08	160000	13.539348	0.0	3063586	225	160.0
1606517784.4	160000	14.220482	0.0	2782179	227	160.0
1606517785.32	160000	14.303228	0.0	9958410	788	160.0
1606517786.33	160000	14.294586	0.0	12158708	869	160.0
1606517787.58	160000	14.040522	0.0	12300216	1112	160.0
1606517789.13	160000	13.494467	0.0	15815684	1383	160.0
1606517790.2	160000	13.422459	0.0	13526256	926	160.0
1606517791.21	160000	13.418714	0.0	11995130	865	160.0
1606517792.59	160000	13.036369	0.0	13394791	1235	160.0
1606517793.74	160000	12.887094	0.0	14135828	1000	160.0
1606517795.07	160000	12.556435	0.0	15366126	1167	160.0
1606517796.21	160000	12.426483	0.0	14248439	974	160.0
1606517797.53	160000	12.105635	0.0	13843717	1171	160.0
1606517798.81	160000	11.820983	0.0	14665119	1133	160.0
1606517800.61	160000	11.025574	0.0	21079187	1598	160.0
1606517802.81	160000	9.829191	0.0	25480074	1982	160.0
1606517804.92	160000	8.720656	0.0	23021754	1906	160.0
1606517807.04	160000	7.597484	0.0	27527834	1905	160.0
1606517809.75	160000	5.886591	0.0	26155848	2489	160.0
1606517811.0	160000	5.643705	0.0	17849379	1072	160.0
1606517811.89	160000	5.751898	0.0	16546531	718	160.0
1606517812.66	160000	5.97997	0.0	17718949	595	160.0
1606517813.31	160000	6.332062	0.0	17337137	470	160.0
1606517813.75	110000	6.89188	0.0	13817529	284	60.0
1606517814.93	110000	6.710121	0.0	44222240	860	110.0
1606517815.41	160000	7.242341	0.0	16292703	293	110.0
1606517816.09	160000	7.555778	0.0	25587422	470	160.0
1606517816.86	160000	7.78979	0.0	23982306	551	160.0
1606517817.34	160000	8.310885	0.0	13347845	332	160.0
1606517818.56	160000	8.088053	0.0	14337991	1073	160.0
1606517819.09	160000	8.563441	0.0	14584990	371	160.0
1606517819.56	160000	9.090364	0.0	13962401	314	160.0
1606517820.02	160000	9.632911	0.0	14393788	302	160.0
1606517820.49	160000	10.162227	0.0	14649457	310	160.0
1606517820.92	160000	10.739433	0.0	13409715	274	160.0
1606517821.34	160000	11.317812	0.0	13909605	274	160.0
1606517822.29	160000	11.369878	0.0	13301968	805	160.0
1606517825.23	160000	9.424765	0.0	19025846	2765	160.0
1606517826.6	160000	9.055033	0.0	19295426	1190	160.0
1606517827.38	160000	9.277887	0.0	18261873	600	160.0
1606517828.23	160000	9.433277	0.0	19847604	660	160.0
1606517828.88	160000	9.777782	0.0	18767181	477	160.0
1606517829.41	110000	10.253583	0.0	15265366	365	60.0
1606517829.86	110000	10.803629	0.0	13365138	302	110.0
1606517830.23	80000	11.434425	0.0	10113016	226	50.0
1606517830.52	160000	12.142642	0.0	7671072	170	80.0
1606517831.08	160000	12.585042	0.0	17781906	384	160.0
1606517831.5	160000	13.162892	0.0	12839336	278	160.0
1606517831.88	160000	13.788627	0.0	10779770	242	160.0
1606517832.36	160000	14.309153	0.0	14606687	328	160.0
1606517833.55	160000	14.116484	0.0	41866951	884	160.0
1606517834.62	160000	14.046698	0.0	37238410	795	160.0
1606517835.03	160000	14.642745	0.0	14347759	252	160.0
1606517835.37	160000	15.304215	0.0	11399187	202	160.0
1606517835.68	160000	15.99969	0.0	10358641	173	160.0
1606517836.08	160000	16.599826	0.0	14315696	239	160.0
1606517836.68	160000	16.995489	0.0	23283631	384	160.0
1606517837.6	160000	17.073291	0.0	37521367	632	160.0
1606517838.16	160000	17.519242	0.0	22241104	341	160.0
1606517838.56	160000	18.117428	0.0	15813346	237	160.0
1606517838.99	160000	18.695641	0.0	17116450	250	160.0
1606517839.44	160000	19.240415	0.0	18867054	276	160.0
1606517839.86	160000	19.818162	0.0	17393609	247	160.0
1606517840.44	160000	20.245234	0.0	24759401	347	160.0
1606517841.02	160000	20.665277	0.0	25782433	366	160.0
1606517841.61	160000	21.081498	0.0	25885372	368	160.0
1606517842.13	160000	21.555955	0.0	26242011	304	160.0
1606517842.62	160000	22.071522	0.0	23865378	280	160.0
1606517843.15	160000	22.542547	0.0	25470681	309	160.0
1606517843.71	160000	22.979829	0.0	27258768	344	160.0
1606517844.15	160000	23.544044	0.0	17853711	265	160.0
1606517844.53	160000	24.169484	0.0	14829893	221	160.0
1606517845.09	160000	24.602044	0.0	27779697	337	160.0
1606517845.67	160000	25.033022	0.0	27714923	338	160.0
1606517846.17	160000	25.523375	0.0	25946474	287	160.0
1606517846.58	160000	26.118435	0.0	19596259	219	160.0
1606517847.02	160000	26.680893	0.0	23774167	231	160.0
1606517847.4	160000	27.297054	0.0	19373656	188	160.0
1606517847.9	160000	27.796526	0.0	23977420	293	160.0
1606517848.44	160000	28.262675	0.0	24493733	321	160.0
1606517848.8	160000	28.89818	0.0	14528511	207	160.0
1606517849.21	160000	29.495421	0.0	16841176	236	160.0
1606517849.61	160000	30.095401	0.0	16743604	235	160.0
1606517849.99	160000	30.71151	0.0	17975224	206	160.0
1606517850.46	160000	31.243667	0.0	22329548	255	160.0
1606517850.8	160000	31.904344	0.0	16001583	173	160.0
1606517851.17	160000	32.531933	0.0	18238584	197	160.0
1606517851.59	160000	33.113524	0.0	21308824	230	160.0
1606517851.97	160000	33.74411	0.0	17749058	200	160.0
1606517852.28	160000	34.431015	0.0	14127787	156	160.0
1606517852.65	160000	35.061888	0.0	17525699	198	160.0
1606517852.95	160000	35.759243	0.0	14240042	156	160.0
1606517853.36	160000	36.35032	0.0	20324139	223	160.0
1606517853.81	160000	36.902945	0.0	21993033	250	160.0
1606517854.22	160000	37.499358	0.0	18863108	225	160.0
1606517854.58	160000	38.133589	0.0	15964734	189	160.0
1606517854.82	160000	38.901268	0.0	8284939	112	160.0
1606517855.05	160000	39.66742	0.0	9004706	111	160.0
1606517855.25	160000	40.469551	0.0	6955279	86	160.0
1606517855.51	160000	41.208869	0.0	10701639	131	160.0
1606517855.82	160000	41.900689	0.0	9459459	181	160.0
1606517855.98	160000	42.744401	0.0	3212828	61	160.0
1606517856.12	160000	43.602538	0.0	2509989	42	160.0
1606517856.23	160000	44.495707	0.0	2004927	38	160.0
1606517856.29	160000	45.431952	0.0	591360	12	160.0
1606517856.39	160000	46.770346	0.0	2394426	44	160.0
1606517856.76	40000	1.000999	0.044	336477	12	-7.039999999999999
1606517857.55	160000	1.537968	0.0	14912671	558	40.0
1606517858.3	160000	1.791791	0.0	24265636	455	160.0
1606517858.97	160000	2.189216	0.0	22711544	460	160.0
1606517859.6	160000	2.6078	0.0	19639705	437	160.0
1606517867.57	160000	1.249545	5.512	20946809	7784	-721.92
1606517867.71	20000	2.110529	0.0	698359	46	-120.0
1606517867.84	20000	2.975898	0.0	730082	48	20.0
1606517868.22	20000	3.602859	0.0	4047415	272	20.0
1606517868.51	20000	4.314817	0.0	2863079	192	20.0
1606517868.9	20000	4.924165	0.0	4167844	290	20.0
1606517869.4	20000	5.421074	0.0	5571764	394	20.0
1606517869.73	20000	6.095801	0.0	4925652	221	20.0
1606517869.98	80000	6.850844	0.0	7412644	119	20.0
1606517870.34	110000	7.491598	0.0	12783186	205	80.0
1606517870.62	80000	8.209616	0.0	9337721	150	50.0
1606517870.76	80000	9.068586	0.0	3201928	44	80.0
1606517870.97	80000	9.858433	0.0	6731501	94	80.0
1606517871.13	60000	10.698855	0.0	3263003	45	40.0
1606517871.34	20000	11.494897	0.0	6357933	87	-20.0
1606517871.51	20000	12.320971	0.0	4814284	67	20.0
1606517871.72	40000	13.116658	0.0	6254528	87	20.0
1606517871.96	40000	13.875818	0.0	7313446	121	40.0
1606517872.22	40000	14.618573	0.0	8054223	134	40.0
1606517872.47	60000	15.36352	0.0	8135330	135	40.0
1606517872.69	60000	16.146118	0.0	6391364	105	60.0
1606517873.41	60000	16.43114	0.0	27018238	490	60.0
1606517875.17	160000	15.667681	0.0	66935122	1066	60.0
1606517875.62	160000	16.217972	0.0	15251076	287	160.0
