1606486164.31	40000	1.000999	0.034	334476	22	-5.439999999999998
1606486166.47	160000	1.259394	1.034	14912671	1947	-125.44
1606486167.58	160000	1.292977	0.115	24265636	844	141.6
1606486168.27	160000	1.633591	0.0	22711544	487	160.0
1606486169.13	160000	1.815377	0.0	19639705	681	160.0
1606486169.87	160000	2.104294	0.0	20946809	549	160.0
1606486170.63	160000	2.369598	0.0	11895609	619	160.0
1606486171.4	160000	2.601407	0.0	7597636	655	160.0
1606486171.84	20000	3.155528	0.0	4047415	344	-120.0
1606486172.18	20000	3.819408	0.0	2863079	244	20.0
1606486172.66	20000	4.340307	0.0	4167844	382	20.0
1606486173.2	20000	4.804533	0.0	5571764	430	20.0
1606486173.42	20000	5.584903	0.0	4925652	118	20.0
1606486174.08	160000	5.923592	0.0	19559369	469	20.0
1606486174.8	160000	6.203373	0.0	22224402	518	160.0
1606486175.57	160000	6.438252	0.0	22578365	568	160.0
1606486175.92	160000	7.08554	0.0	8346702	225	160.0
1606486176.5	160000	7.510527	0.0	15775481	413	160.0
1606486176.85	160000	8.154997	0.0	9163235	230	160.0
1606486178.27	160000	7.74227	0.0	41307095	1023	160.0
1606486179.04	160000	7.970365	0.0	28763893	536	160.0
1606486179.99	160000	8.024631	0.0	21266416	747	160.0
1606486180.98	160000	8.026763	0.0	23702229	793	160.0
1606486181.72	160000	8.297785	0.0	27580394	510	160.0
1606486182.24	160000	8.770682	0.0	20329780	326	160.0
1606486182.62	160000	9.393963	0.0	16109183	214	160.0
1606486183.89	160000	9.129501	0.0	58830800	734	160.0
1606486185.13	160000	8.891079	0.0	66935122	803	160.0
1606486186.98	160000	8.038698	0.0	15251076	1689	160.0
1606486188.4	160000	7.619845	0.0	16574034	1256	160.0
1606486189.39	160000	7.630618	0.0	13009028	847	160.0
1606486189.91	160000	8.106747	0.0	12791674	385	160.0
1606486190.35	160000	8.672683	0.0	11137898	303	160.0
1606486190.72	160000	9.307037	0.0	11485310	233	160.0
1606486191.11	160000	9.911099	0.0	12428518	252	160.0
1606486191.42	160000	10.607208	0.0	9963766	180	160.0
1606486191.76	160000	11.266273	0.0	12189364	206	160.0
1606486192.07	160000	11.959467	0.0	10142396	178	160.0
1606486192.35	160000	12.677542	0.0	10185488	153	160.0
1606486192.67	160000	13.361266	0.0	14061455	155	160.0
1606486192.99	110000	14.04249	0.0	13956444	153	60.0
1606486193.49	80000	14.538274	0.0	26113743	283	50.0
1606486193.95	80000	15.082595	0.0	22860019	241	80.0
1606486194.15	160000	15.879977	0.0	7891151	84	80.0
1606486194.58	160000	16.45592	0.0	21012466	238	160.0
1606486195.06	160000	16.97127	0.0	23519424	266	160.0
1606486195.46	160000	17.580198	0.0	18715420	216	160.0
1606486195.83	160000	18.210238	0.0	17000816	205	160.0
1606486196.15	160000	18.883172	0.0	14448126	175	160.0
1606486196.35	160000	19.69138	0.0	6958676	80	160.0
1606486196.56	160000	20.476254	0.0	9088791	97	160.0
1606486196.75	160000	21.286368	0.0	7211881	77	160.0
1606486196.88	160000	22.164115	0.0	3063586	33	160.0
1606486197.0	160000	23.046076	0.0	2782179	30	160.0
1606486197.23	160000	23.813422	0.0	9958410	107	160.0
1606486197.49	160000	24.556789	0.0	12158708	120	160.0
1606486197.75	160000	25.294688	0.0	12300216	122	160.0
1606486198.07	160000	25.976696	0.0	15815684	158	160.0
1606486198.35	160000	26.696643	0.0	13526256	135	160.0
1606486198.62	160000	27.431365	0.0	11995130	132	160.0
1606486198.91	160000	28.143212	0.0	13394791	146	160.0
1606486199.22	160000	28.83533	0.0	14135828	160	160.0
1606486200.02	160000	29.033353	0.0	15366126	651	160.0
1606486201.39	160000	28.663922	0.0	14248439	1224	160.0
1606486202.75	160000	28.302166	0.0	13843717	1217	160.0
1606486204.14	160000	27.914779	0.0	14665119	1235	160.0
1606486206.09	160000	26.968487	0.0	21079187	1759	160.0
1606486208.29	160000	25.762806	0.0	25480074	1996	160.0
1606486210.31	160000	24.751314	0.0	23021754	1809	160.0
1606486212.6	160000	23.454828	0.0	27527834	2071	160.0
1606486214.79	160000	22.272623	0.0	26155848	1954	160.0
1606486216.4	160000	21.655589	0.0	17849379	1448	160.0
1606486217.73	160000	21.335804	0.0	16546531	1156	160.0
1606486219.22	160000	20.838802	0.0	17718949	1325	160.0
1606486220.83	160000	20.235065	0.0	17337137	1440	160.0
1606486222.76	160000	19.30707	0.0	20008245	1745	160.0
1606486227.67	160000	15.39151	0.0	58430914	4520	160.0
1606486228.68	160000	15.381736	0.0	16292703	841	160.0
1606486229.73	160000	15.333005	0.0	25587422	839	160.0
1606486230.6	160000	15.470386	0.0	23982306	656	160.0
1606486231.01	160000	16.056056	0.0	13347845	262	160.0
1606486231.44	160000	16.626659	0.0	14337991	285	160.0
1606486231.9	160000	17.182596	0.0	14584990	296	160.0
1606486232.33	160000	17.74223	0.0	13962401	286	160.0
1606486232.8	160000	18.271579	0.0	14393788	322	160.0
1606486233.3	160000	18.777738	0.0	14649457	345	160.0
1606486233.72	160000	19.357336	0.0	13409715	275	160.0
1606486234.12	160000	19.957355	0.0	13909605	248	160.0
1606486234.52	160000	20.561752	0.0	13301968	253	160.0
1606486235.03	160000	21.052936	0.0	19025846	322	160.0
1606486235.53	160000	21.546898	0.0	19295426	328	160.0
1606486236.05	160000	22.040235	0.0	18261873	336	160.0
1606486236.6	160000	22.484853	0.0	19847604	361	160.0
1606486237.07	160000	23.012752	0.0	18767181	300	160.0
1606486237.62	160000	23.464339	0.0	22420858	358	160.0
1606486238.11	160000	23.970199	0.0	19324333	313	160.0
1606486238.63	160000	24.457249	0.0	20392234	331	160.0
1606486238.85	160000	25.235422	0.0	7671072	107	160.0
1606486239.27	160000	25.820667	0.0	17781906	248	160.0
1606486239.59	160000	26.502132	0.0	12839336	179	160.0
1606486239.86	160000	27.233733	0.0	10779770	141	160.0
1606486240.2	160000	27.886575	0.0	14606687	189	160.0
1606486241.1	160000	27.9943	0.0	41866951	584	160.0
1606486241.91	160000	28.187458	0.0	37238410	518	160.0
1606486242.23	160000	28.868381	0.0	14347759	169	160.0
1606486242.5	160000	29.599629	0.0	11399187	135	160.0
1606486242.74	160000	30.351327	0.0	10358641	114	160.0
1606486243.05	160000	31.048367	0.0	14315696	156	160.0
1606486243.5	160000	31.595296	0.0	23283631	257	160.0
1606486244.2	160000	31.896148	0.0	37521367	415	160.0
1606486244.64	160000	32.456964	0.0	22241104	252	160.0
1606486244.99	160000	33.109495	0.0	15813346	181	160.0
1606486245.36	160000	33.737083	0.0	17116450	195	160.0
1606486245.76	160000	34.343022	0.0	18867054	222	160.0
1606486246.15	160000	34.954405	0.0	17393609	222	160.0
1606486246.67	160000	35.43649	0.0	24759401	316	160.0
1606486247.14	160000	35.964956	0.0	25782433	264	160.0
1606486247.64	160000	36.472766	0.0	25885372	266	160.0
1606486248.14	160000	36.966485	0.0	26242011	289	160.0
1606486248.6	160000	37.508438	0.0	23865378	240	160.0
1606486249.03	160000	38.07616	0.0	25470681	216	160.0
1606486249.5	160000	38.608433	0.0	27258768	237	160.0
1606486249.82	160000	39.287698	0.0	17853711	150	160.0
1606486250.1	160000	40.014253	0.0	14829893	124	160.0
1606486250.56	160000	40.556679	0.0	27779697	233	160.0
1606486251.02	160000	41.096003	0.0	27714923	243	160.0
1606486251.47	160000	41.649816	0.0	25946474	227	160.0
1606486251.83	160000	42.286892	0.0	19596259	184	160.0
1606486252.26	160000	42.854387	0.0	23774167	236	160.0
1606486252.63	160000	43.484737	0.0	19373656	192	160.0
1606486253.04	160000	44.082801	0.0	23977420	203	160.0
1606486253.46	160000	44.662323	0.0	24493733	220	160.0
1606486253.75	160000	45.37315	0.0	14528511	141	160.0
1606486254.07	160000	46.052432	0.0	16841176	157	160.0
1606486254.39	160000	46.734043	0.0	16743604	155	160.0
1606486254.73	160000	47.396315	0.0	17975224	166	160.0
1606486255.1	160000	48.022956	0.0	22329548	177	160.0
1606486255.39	160000	48.736538	0.0	16001583	127	160.0
1606486255.71	160000	49.420851	0.0	18238584	144	160.0
1606486256.09	160000	50.04139	0.0	21308824	184	160.0
1606486256.41	160000	50.720913	0.0	17749058	154	160.0
1606486256.68	160000	51.452805	0.0	14127787	123	160.0
1606486257.1	160000	52.033702	0.0	17525699	250	160.0
1606486257.45	160000	52.682493	0.0	14240042	204	160.0
1606486257.87	160000	53.268937	0.0	20324139	230	160.0
1606486258.24	160000	53.898232	0.0	21993033	179	160.0
1606486258.57	160000	54.563853	0.0	18863108	153	160.0
1606486258.91	160000	55.228774	0.0	15964734	166	160.0
1606486259.12	160000	56.020095	0.0	8284939	89	160.0
1606486259.34	160000	56.803503	0.0	9004706	96	160.0
1606486259.52	160000	57.61841	0.0	6955279	75	160.0
1606486259.77	160000	58.371123	0.0	10701639	119	160.0
1606486260.01	160000	59.128303	0.0	9459459	116	160.0
1606486260.15	160000	59.997282	0.0	3212828	39	160.0
1606486261.26	160000	59.919779	0.0	2509989	25	160.0
1606486262.35	160000	59.920771	0.0	2004927	22	160.0
1606486263.41	160000	59.921784	0.0	591360	6	160.0
1606486265.0	160000	59.606526	0.0	2394426	36	160.0
1606486265.35	40000	1.000999	0.036	336477	7	-5.759999999999998
1606486266.34	160000	1.352428	0.0	14912671	778	40.0
1606486267.34	160000	1.471552	0.0	24265636	710	160.0
1606486269.02	160000	1.387866	0.657	22711544	1493	54.879999999999995
1606486273.29	160000	1.494556	3.344	19639705	4092	-375.03999999999996
1606486274.45	40000	1.34945	0.0	3421740	1066	-80.0
1606486274.89	40000	1.914411	0.0	1987360	346	40.0
1606486275.03	20000	2.77343	0.0	730082	52	0.0
1606486275.43	20000	3.371093	0.0	4047415	293	20.0
1606486275.73	20000	4.071151	0.0	2863079	210	20.0
1606486276.14	20000	4.665704	0.0	4167844	302	20.0
1606486276.65	20000	5.157504	0.0	5571764	404	20.0
1606486277.31	20000	5.492928	0.0	4925652	562	20.0
1606486277.66	20000	6.152165	0.0	2030157	244	20.0
1606486277.88	20000	6.930541	0.0	2240782	132	20.0
1606486278.07	20000	7.740878	0.0	2211169	102	20.0
1606486278.17	20000	8.643687	0.0	382046	17	20.0
1606486278.3	20000	9.510723	0.0	1113969	51	20.0
1606486278.42	20000	10.390662	0.0	820127	38	20.0
1606486278.83	20000	10.988509	0.0	6357933	293	20.0
1606486279.13	20000	11.687084	0.0	4814284	199	20.0
1606486279.37	20000	12.448682	0.0	3419258	141	20.0
1606486279.63	20000	13.186627	0.0	3944328	163	20.0
1606486279.91	20000	13.913398	0.0	4284196	174	20.0
1606486280.13	20000	14.69226	0.0	3022025	118	20.0
1606486280.31	20000	15.511995	0.0	2248581	90	20.0
1606486280.84	20000	15.982301	0.0	9946363	402	20.0
1606486281.41	20000	16.411024	0.0	11684632	436	20.0
1606486282.09	160000	16.729847	0.0	15251076	524	20.0
