1606492099.31	40000	1.000999	0.048	334476	37	-7.68
1606492100.96	160000	1.435584	0.718	14912671	1436	-74.88
1606492103.07	160000	1.301946	0.949	24265636	1861	8.159999999999997
1606492105.2	160000	1.43657	1.237	22711544	1936	-37.91999999999999
1606492107.04	160000	1.30715	0.679	19639705	1656	51.36
1606492108.83	160000	1.305947	0.771	20946809	1610	36.64
1606492111.27	160000	1.32861	1.457	11895609	2298	-73.12
1606492112.51	160000	1.286512	0.198	7597636	1125	128.32
1606492113.96	60000	1.485369	0.649	17832465	1277	-143.84
1606492114.79	60000	1.66473	0.0	9877442	690	60.0
1606492115.69	60000	1.759594	0.0	10988410	761	60.0
1606492116.19	20000	2.258976	0.0	5571764	386	-20.0
1606492116.59	20000	2.862511	0.0	4925652	291	20.0
1606492116.92	40000	3.531364	0.0	3829326	226	20.0
1606492117.3	40000	4.148173	0.0	4447520	278	40.0
1606492117.9	60000	4.548639	0.0	7016601	480	40.0
1606492118.13	60000	5.324813	0.0	1942216	132	60.0
1606492118.5	60000	5.957523	0.0	4718233	258	60.0
1606492118.77	60000	6.6795	0.0	3263003	179	60.0
1606492119.8	60000	6.65417	0.0	15945082	862	60.0
1606492121.43	160000	6.025971	0.0	28763893	1397	60.0
1606492122.89	160000	5.569323	0.0	21266416	1269	160.0
1606492129.55	160000	1.391181	1.494	23702229	6478	-79.03999999999999
1606492130.59	60000	1.38392	0.029	11644166	890	-44.64
1606492130.96	20000	2.019135	0.0	3022025	264	-20.0
1606492131.26	20000	2.728278	0.0	2248581	196	20.0
1606492132.22	20000	2.759663	0.0	9946363	826	20.0
1606492133.05	20000	2.932231	0.0	11684632	688	20.0
1606492133.25	20000	3.731158	0.0	1849732	108	20.0
1606492133.42	20000	4.565	0.0	1942795	74	20.0
1606492133.57	20000	5.410084	0.0	1704756	64	20.0
1606492133.73	20000	6.255387	0.0	1697111	64	20.0
1606492133.94	40000	7.045662	0.0	2781171	104	20.0
1606492134.15	40000	7.840028	0.0	2867806	108	40.0
1606492134.35	40000	8.632672	0.0	3105896	108	40.0
1606492134.54	40000	9.447125	0.0	2659767	91	40.0
1606492134.76	40000	10.230626	0.0	3460653	117	40.0
1606492134.93	40000	11.057391	0.0	2382623	81	40.0
1606492135.1	40000	11.888121	0.0	2243677	75	40.0
1606492135.31	40000	12.679862	0.0	3408862	109	40.0
1606492135.55	40000	13.440488	0.0	5061692	132	40.0
1606492135.79	20000	14.209348	0.0	4742872	124	0.0
1606492136.05	20000	14.949087	0.0	4955535	147	20.0
1606492136.26	80000	15.732615	0.0	4146191	109	20.0
1606492137.18	160000	15.815283	0.0	21012466	732	80.0
1606492138.89	160000	15.110982	0.0	23519424	1507	160.0
1606492139.62	160000	15.375809	0.0	18715420	559	160.0
1606492140.12	160000	15.88261	0.0	17000816	319	160.0
1606492140.54	160000	16.460393	0.0	14448126	270	160.0
1606492140.78	160000	17.21768	0.0	6958676	130	160.0
1606492141.09	160000	17.920904	0.0	9088791	169	160.0
1606492141.34	160000	18.664969	0.0	7211881	132	160.0
1606492141.51	160000	19.489427	0.0	3063586	80	160.0
1606492141.68	160000	20.326225	0.0	2782179	73	160.0
1606492142.08	160000	20.926195	0.0	9958410	273	160.0
1606492143.07	160000	20.94174	0.0	12158708	849	160.0
1606492144.59	160000	20.420348	0.0	12300216	1383	160.0
1606492147.36	160000	18.650231	0.0	15815684	2601	160.0
1606492148.61	160000	18.400958	0.0	13526256	1104	160.0
1606492149.52	160000	18.495986	0.0	11995130	770	160.0
1606492149.99	160000	19.02203	0.0	13394791	332	160.0
1606492150.48	160000	19.529362	0.0	14135828	348	160.0
1606492151.0	160000	20.013884	0.0	15366126	365	160.0
1606492151.49	160000	20.523863	0.0	14248439	341	160.0
1606492151.98	160000	21.032269	0.0	13843717	352	160.0
1606492152.51	160000	21.508722	0.0	14665119	372	160.0
1606492153.25	160000	21.773617	0.0	21079187	538	160.0
1606492154.02	160000	22.000309	0.0	25480074	560	160.0
1606492154.77	160000	22.252437	0.0	23021754	546	160.0
1606492155.7	160000	22.317862	0.0	27527834	717	160.0
1606492156.54	160000	22.477734	0.0	26155848	625	160.0
1606492157.08	160000	22.940034	0.0	17849379	367	160.0
1606492157.61	160000	23.414823	0.0	16546531	341	160.0
1606492158.15	160000	23.87385	0.0	17718949	368	160.0
1606492158.64	160000	24.383233	0.0	17337137	318	160.0
1606492159.16	160000	24.872511	0.0	20008245	325	160.0
1606492160.69	160000	24.342229	0.0	58430914	924	160.0
1606492161.12	160000	24.913026	0.0	16292703	255	160.0
1606492161.72	160000	25.311199	0.0	25587422	397	160.0
1606492162.29	160000	25.738231	0.0	23982306	369	160.0
1606492162.64	160000	26.395648	0.0	13347845	201	160.0
1606492163.01	160000	27.025564	0.0	14337991	221	160.0
1606492163.37	160000	27.661967	0.0	14584990	217	160.0
1606492163.7	160000	28.336822	0.0	13962401	183	160.0
1606492164.04	160000	28.994087	0.0	14393788	187	160.0
1606492164.38	160000	29.653227	0.0	14649457	192	160.0
1606492164.69	160000	30.349835	0.0	13409715	162	160.0
1606492165.0	160000	31.036911	0.0	13909605	168	160.0
1606492165.31	160000	31.732961	0.0	13301968	160	160.0
1606492165.82	160000	32.225801	0.0	19025846	323	160.0
1606492166.36	160000	32.678767	0.0	19295426	369	160.0
1606492166.82	160000	33.22729	0.0	18261873	279	160.0
1606492167.3	160000	33.743671	0.0	19847604	300	160.0
1606492167.71	160000	34.340589	0.0	18767181	228	160.0
1606492168.15	160000	34.897148	0.0	22420858	247	160.0
1606492168.55	160000	35.499615	0.0	19324333	213	160.0
1606492168.93	160000	36.124551	0.0	20392234	192	160.0
1606492169.12	160000	36.931283	0.0	7671072	69	160.0
1606492169.45	160000	37.597658	0.0	17781906	167	160.0
1606492169.72	160000	38.330645	0.0	12839336	123	160.0
1606492169.96	160000	39.096282	0.0	10779770	101	160.0
1606492170.25	160000	39.803743	0.0	14606687	141	160.0
1606492170.98	160000	40.074373	0.0	41866951	417	160.0
1606492171.64	160000	40.411038	0.0	37238410	378	160.0
1606492171.94	160000	41.118147	0.0	14347759	143	160.0
1606492172.19	160000	41.869175	0.0	11399187	115	160.0
1606492172.42	160000	42.633383	0.0	10358641	104	160.0
1606492172.74	160000	43.323727	0.0	14315696	164	160.0
1606492173.19	160000	43.867877	0.0	23283631	257	160.0
1606492173.85	160000	44.207654	0.0	37521367	377	160.0
1606492174.24	160000	44.820294	0.0	22241104	194	160.0
1606492174.54	160000	45.520529	0.0	15813346	138	160.0
1606492174.85	160000	46.211725	0.0	17116450	143	160.0
1606492175.19	160000	46.871351	0.0	18867054	155	160.0
1606492175.51	160000	47.555615	0.0	17393609	146	160.0
1606492175.95	160000	48.114842	0.0	24759401	235	160.0
1606492176.41	160000	48.659283	0.0	25782433	244	160.0
1606492176.88	160000	49.193522	0.0	25885372	234	160.0
1606492177.33	160000	49.742174	0.0	26242011	236	160.0
1606492177.76	160000	50.307746	0.0	23865378	220	160.0
1606492178.22	160000	50.857235	0.0	25470681	239	160.0
1606492178.75	160000	51.331944	0.0	27258768	292	160.0
1606492179.38	160000	51.696857	0.0	17853711	456	160.0
1606492180.7	160000	51.37134	0.0	14829893	1175	160.0
1606492182.32	160000	50.757949	0.0	27779697	1390	160.0
1606492184.06	160000	50.018115	0.0	27714923	1509	160.0
1606492184.88	160000	50.194179	0.0	25946474	610	160.0
1606492185.42	160000	50.673875	0.0	19596259	345	160.0
1606492186.05	160000	51.028348	0.0	23774167	434	160.0
1606492186.6	160000	51.479391	0.0	19373656	358	160.0
1606492187.22	160000	51.864571	0.0	23977420	413	160.0
1606492188.18	160000	51.905708	0.0	24493733	752	160.0
1606492191.16	160000	49.92244	0.0	14528511	2834	160.0
1606492192.67	160000	49.410717	0.0	16841176	1345	160.0
1606492193.74	160000	49.351219	0.0	16743604	891	160.0
1606492194.14	160000	49.945182	0.0	17975224	235	160.0
1606492194.62	160000	50.465227	0.0	22329548	286	160.0
1606492194.95	160000	51.137249	0.0	16001583	157	160.0
1606492195.3	160000	51.787907	0.0	18238584	178	160.0
1606492195.44	20000	52.654405	0.0	3200905	31	-120.0
1606492195.55	20000	53.541248	0.0	2180586	21	20.0
1606492195.65	20000	54.439721	0.0	1500505	14	20.0
1606492195.76	20000	55.332094	0.0	1939246	17	20.0
1606492195.87	20000	56.228367	0.0	1599193	13	20.0
1606492195.98	20000	57.112687	0.0	2364826	21	20.0
1606492196.1	20000	57.993875	0.0	2517454	23	20.0
1606492196.21	20000	58.883738	0.0	1883143	17	20.0
1606492196.32	20000	59.778113	0.0	1726706	13	20.0
1606492197.42	20000	59.791037	0.0	707364	7	20.0
1606492198.61	160000	59.542024	0.0	9004706	69	20.0
1606492199.77	160000	59.543045	0.0	6955279	45	160.0
1606492200.47	160000	59.791845	0.0	10701639	65	160.0
1606492201.65	160000	59.54506	0.0	9459459	57	160.0
1606492202.77	160000	59.546016	0.0	3212828	19	160.0
1606492203.39	160000	59.797009	0.0	2509989	16	160.0
1606492204.47	160000	59.798007	0.0	2004927	12	160.0
1606492205.53	160000	59.798898	0.0	591360	4	160.0
1606492206.59	160000	59.983842	0.0	2394426	13	160.0
1606492206.93	40000	1.000999	0.024	336477	2	-3.8400000000000034
1606492207.24	160000	2.001999	0.0	14912671	81	40.0
1606492207.66	160000	2.626209	0.0	24265636	130	160.0
1606492208.0	160000	3.287925	0.0	22711544	130	160.0
1606492208.31	160000	3.979271	0.0	19639705	113	160.0
1606492208.62	160000	4.668156	0.0	20946809	120	160.0
1606492208.85	160000	5.47767	0.0	11895609	76	160.0
1606492209.02	160000	6.349548	0.0	7597636	49	160.0
1606492209.93	160000	6.482416	0.0	56067905	363	160.0
1606492210.5	160000	6.962248	0.0	45444680	250	160.0
1606492211.17	160000	7.306456	0.0	54798068	293	160.0
1606492212.08	160000	7.438648	0.0	69464107	375	160.0
1606492212.67	160000	7.848371	0.0	50637608	252	160.0
1606492212.96	160000	8.563056	0.0	19559369	107	160.0
1606492213.28	160000	9.243613	0.0	22224402	124	160.0
1606492213.59	160000	9.936174	0.0	22578365	106	160.0
1606492213.75	160000	10.774795	0.0	8346702	42	160.0
1606492214.02	160000	11.501571	0.0	15775481	114	160.0
1606492214.21	160000	12.309981	0.0	9163235	66	160.0
1606492214.8	160000	12.724517	0.0	41307095	299	160.0
1606492215.39	160000	13.142338	0.0	28763893	323	160.0
1606492215.82	160000	13.706609	0.0	21266416	239	160.0
1606492216.24	160000	14.287065	0.0	23702229	200	160.0
1606492216.7	160000	14.82644	0.0	27580394	233	160.0
1606492217.05	160000	15.48104	0.0	20329780	146	160.0
1606492217.33	160000	16.202714	0.0	16109183	116	160.0
1606492218.19	160000	16.34287	0.0	58830800	449	160.0
1606492219.22	160000	16.362671	0.0	66935122	568	160.0
1606492219.51	160000	17.095414	0.0	15251076	126	160.0
