1606527322.38	40000	1.000999	0.037	334476	23	-5.920000000000002
1606527323.49	40000	1.455616	0.212	14648397	987	6.079999999999998
1606527323.95	60000	2.002164	0.0	20421673	284	40.0
1606527324.21	60000	2.742518	0.0	13063186	181	60.0
1606527324.39	60000	3.568233	0.0	8954217	123	60.0
1606527324.61	80000	4.375017	0.0	11497228	134	60.0
1606527324.72	80000	5.260153	0.0	6232523	73	80.0
1606527324.82	80000	6.162223	0.0	5425476	63	80.0
1606527325.42	80000	6.619528	0.0	29583867	346	80.0
1606527325.87	110000	7.180815	0.0	28884539	278	80.0
1606527326.29	110000	7.794808	0.0	26873304	254	110.0
1606527327.18	110000	7.928456	0.0	33588177	692	110.0
1606527329.06	110000	7.0482	0.0	25684661	1733	110.0
1606527329.57	110000	7.54126	0.0	10838546	439	110.0
1606527330.08	160000	8.036803	0.0	22224402	371	110.0
1606527330.58	160000	8.532478	0.0	22578365	368	160.0
1606527330.76	160000	9.349709	0.0	8346702	132	160.0
1606527331.11	160000	9.999284	0.0	15775481	251	160.0
1606527331.32	160000	10.797272	0.0	9163235	146	160.0
1606527333.99	160000	9.120896	0.0	41307095	2385	160.0
1606527336.31	160000	7.799723	0.0	28763893	2153	160.0
1606527337.93	160000	7.18719	0.0	21266416	1475	160.0
1606527339.78	160000	6.33737	0.0	23702229	1719	160.0
1606527342.37	160000	4.747133	0.0	27580394	2412	160.0
1606527343.98	160000	4.137548	0.0	20329780	1480	160.0
1606527344.99	160000	4.132287	0.0	16109183	908	160.0
1606527347.06	160000	3.060303	0.0	58830800	1591	160.0
1606527349.02	160000	2.107149	0.0	66935122	1589	160.0
1606527349.51	160000	2.614431	0.0	15251076	396	160.0
1606527350.01	160000	3.108891	0.0	16574034	404	160.0
1606527350.41	160000	3.711371	0.0	13009028	310	160.0
1606527351.08	160000	4.049577	0.0	12791674	585	160.0
1606527352.75	160000	3.376599	0.0	11137898	1606	160.0
1606527353.59	160000	3.53474	0.0	11485310	774	160.0
1606527355.16	160000	2.971017	0.0	12428518	1488	160.0
1606527358.38	160000	1.282524	0.533	9963766	3167	74.72
1606527359.34	160000	1.320905	0.0	12189364	895	160.0
1606527360.06	160000	1.602426	0.0	10142396	656	160.0
1606527360.72	160000	1.948911	0.0	10185488	590	160.0
1606527361.37	160000	2.296036	0.0	14061455	571	160.0
1606527362.19	160000	2.47437	0.0	20074099	708	160.0
1606527363.71	160000	1.961484	0.0	46115254	1256	160.0
1606527364.74	160000	1.927473	0.0	40906522	791	160.0
1606527364.91	160000	2.764108	0.0	7891151	103	160.0
1606527365.31	160000	3.364583	0.0	21012466	275	160.0
1606527365.76	160000	3.907796	0.0	23519424	318	160.0
1606527366.2	160000	4.474462	0.0	18715420	323	160.0
1606527366.59	160000	5.083091	0.0	17000816	292	160.0
1606527366.91	160000	5.762924	0.0	14448126	228	160.0
1606527367.07	160000	6.609259	0.0	6958676	107	160.0
1606527367.26	160000	7.414173	0.0	9088791	140	160.0
1606527367.42	160000	8.257103	0.0	7211881	111	160.0
1606527367.49	160000	9.184546	0.0	3063586	46	160.0
1606527367.56	160000	10.118265	0.0	2782179	43	160.0
1606527367.78	160000	10.901253	0.0	9958410	157	160.0
1606527368.05	160000	11.634182	0.0	12158708	196	160.0
1606527368.33	160000	12.356417	0.0	12300216	199	160.0
1606527368.68	160000	13.004072	0.0	15815684	257	160.0
1606527368.94	160000	13.749272	0.0	13526256	172	160.0
1606527369.16	160000	14.526694	0.0	11995130	152	160.0
1606527369.41	160000	15.280692	0.0	13394791	169	160.0
1606527369.67	160000	16.01916	0.0	14135828	179	160.0
1606527370.0	160000	16.693741	0.0	15366126	236	160.0
1606527370.3	160000	17.391551	0.0	14248439	218	160.0
1606527370.59	160000	18.101525	0.0	13843717	212	160.0
1606527370.95	160000	18.747135	0.0	14665119	260	160.0
1606527371.46	160000	19.234736	0.0	21079187	391	160.0
1606527372.09	160000	19.605242	0.0	25480074	489	160.0
1606527372.68	160000	20.016221	0.0	23021754	455	160.0
1606527373.23	160000	20.465357	0.0	27527834	399	160.0
1606527373.78	160000	20.917661	0.0	26155848	390	160.0
1606527374.41	160000	21.292627	0.0	17849379	521	160.0
1606527381.86	160000	14.835115	0.0	16546531	7354	160.0
1606527384.08	160000	13.618451	0.0	17718949	2109	160.0
1606527385.65	160000	13.04575	0.0	17337137	1471	160.0
1606527387.39	160000	12.313511	0.0	20008245	1613	160.0
1606527392.5	160000	8.202414	0.0	58430914	4790	160.0
1606527393.78	160000	7.923665	0.0	16292703	1176	160.0
1606527395.64	160000	7.06558	0.0	25587422	1719	160.0
1606527397.47	160000	6.239379	0.0	23982306	1690	160.0
1606527398.16	160000	6.543439	0.0	13347845	614	160.0
1606527398.69	160000	7.019399	0.0	14337991	443	160.0
1606527399.31	160000	7.405065	0.0	14584990	535	160.0
1606527399.94	160000	7.768413	0.0	13962401	555	160.0
1606527400.69	160000	8.023592	0.0	14393788	665	160.0
1606527401.52	160000	8.195261	0.0	14649457	738	160.0
1606527403.19	160000	7.52312	0.0	13409715	1596	160.0
1606527404.83	160000	6.879034	0.0	13909605	1567	160.0
1606527405.81	160000	6.90852	0.0	13301968	897	160.0
1606527407.06	160000	6.655577	0.0	19025846	1140	160.0
1606527407.42	160000	7.293035	0.0	19295426	255	160.0
1606527407.78	160000	7.941084	0.0	18261873	240	160.0
1606527408.15	160000	8.56848	0.0	19847604	253	160.0
1606527408.5	160000	9.219456	0.0	18767181	236	160.0
1606527408.92	160000	9.803172	0.0	22420858	282	160.0
1606527409.27	160000	10.455663	0.0	19324333	230	160.0
1606527409.63	160000	11.097037	0.0	20392234	245	160.0
1606527409.77	160000	11.954634	0.0	7671072	93	160.0
1606527410.07	160000	12.658411	0.0	17781906	197	160.0
1606527410.27	160000	13.452111	0.0	12839336	132	160.0
1606527410.45	160000	14.276422	0.0	10779770	111	160.0
1606527410.69	160000	15.034742	0.0	14606687	150	160.0
1606527411.35	160000	15.382936	0.0	41866951	410	160.0
1606527411.92	160000	15.813771	0.0	37238410	349	160.0
1606527412.16	160000	16.575544	0.0	14347759	158	160.0
1606527412.34	160000	17.389619	0.0	11399187	120	160.0
1606527412.52	160000	18.216218	0.0	10358641	109	160.0
1606527412.75	160000	18.984996	0.0	14315696	152	160.0
1606527413.12	160000	19.615926	0.0	23283631	241	160.0
1606527413.71	160000	20.021399	0.0	37521367	378	160.0
1606527414.63	160000	20.111293	0.0	22241104	789	160.0
1606527415.1	160000	20.638348	0.0	15813346	374	160.0
1606527415.36	160000	21.377012	0.0	17116450	158	160.0
1606527415.65	160000	22.091982	0.0	18867054	174	160.0
1606527415.91	160000	22.832057	0.0	17393609	160	160.0
1606527416.26	160000	23.48162	0.0	24759401	211	160.0
1606527416.63	160000	24.115833	0.0	25782433	221	160.0
1606527417.02	160000	24.721311	0.0	25885372	228	160.0
1606527417.38	160000	25.360593	0.0	26242011	215	160.0
1606527417.74	160000	26.007117	0.0	23865378	200	160.0
1606527418.09	160000	26.653761	0.0	25470681	216	160.0
1606527418.5	160000	27.249358	0.0	27258768	232	160.0
1606527418.75	160000	27.997069	0.0	17853711	149	160.0
1606527418.97	160000	28.782619	0.0	14829893	123	160.0
1606527419.35	160000	29.396501	0.0	27779697	229	160.0
1606527419.74	160000	30.017256	0.0	27714923	230	160.0
1606527420.11	160000	30.646034	0.0	25946474	213	160.0
1606527420.39	160000	31.366395	0.0	19596259	162	160.0
1606527420.72	160000	32.032387	0.0	23774167	197	160.0
1606527421.0	160000	32.759603	0.0	19373656	159	160.0
1606527421.34	160000	33.418499	0.0	23977420	210	160.0
1606527421.7	160000	34.062477	0.0	24493733	220	160.0
1606527421.91	160000	34.851373	0.0	14528511	128	160.0
1606527422.15	160000	35.610959	0.0	16841176	141	160.0
1606527422.39	160000	36.375208	0.0	16743604	139	160.0
1606527422.64	160000	37.123384	0.0	17975224	144	160.0
1606527422.95	160000	37.811964	0.0	22329548	185	160.0
1606527423.19	160000	38.578406	0.0	16001583	136	160.0
1606527423.45	160000	39.317764	0.0	18238584	156	160.0
1606527423.76	160000	40.010299	0.0	21308824	182	160.0
1606527424.01	160000	40.753654	0.0	17749058	152	160.0
1606527424.21	160000	41.554948	0.0	14127787	120	160.0
1606527424.46	160000	42.305607	0.0	17525699	148	160.0
1606527424.67	160000	43.103916	0.0	14240042	120	160.0
1606527424.95	160000	43.818103	0.0	20324139	171	160.0
1606527425.27	160000	44.506929	0.0	21993033	184	160.0
1606527425.54	160000	45.233378	0.0	18863108	159	160.0
1606527425.77	160000	46.004155	0.0	15964734	134	160.0
1606527425.9	160000	46.876789	0.0	8284939	72	160.0
1606527426.03	160000	47.742169	0.0	9004706	75	160.0
1606527426.14	160000	48.64124	0.0	6955279	56	160.0
1606527426.29	160000	49.48878	0.0	10701639	86	160.0
1606527426.43	160000	50.351968	0.0	9459459	77	160.0
1606527426.48	160000	51.29736	0.0	3212828	27	160.0
1606527426.53	160000	52.253658	0.0	2509989	20	160.0
1606527426.56	160000	53.217128	0.0	2004927	17	160.0
1606527426.59	160000	54.191762	0.0	591360	2	160.0
1606527426.63	160000	55.583012	0.0	2394426	19	160.0
1606527426.97	40000	1.000999	0.071	337339	2	-11.36
1606527427.28	40000	2.001999	0.0	14648397	122	40.0
1606527427.64	60000	2.758786	0.0	20421673	173	40.0
1606527427.83	60000	3.571138	0.0	13063186	109	60.0
1606527427.96	60000	4.440111	0.0	8954217	74	60.0
1606527428.13	80000	5.271534	0.0	11497228	93	60.0
1606527428.22	80000	6.17946	0.0	6232523	51	80.0
1606527428.3	80000	7.099223	0.0	5425476	44	80.0
1606527428.78	80000	7.618995	0.0	29583867	240	80.0
1606527429.2	110000	8.271739	0.0	28884539	236	80.0
1606527429.59	110000	8.931217	0.0	26873304	226	110.0
1606527430.05	110000	9.465486	0.0	33588177	283	110.0
1606527430.42	110000	10.126358	0.0	25684661	211	110.0
1606527430.57	110000	10.984371	0.0	10838546	89	110.0
1606527430.9	160000	11.673709	0.0	22224402	184	110.0
1606527431.22	160000	12.351561	0.0	22578365	188	160.0
1606527431.34	160000	13.228312	0.0	8346702	71	160.0
1606527431.59	160000	14.006296	0.0	15775481	134	160.0
1606527431.72	160000	14.872521	0.0	9163235	78	160.0
1606527432.36	160000	15.237377	0.0	41307095	352	160.0
1606527432.77	160000	15.822804	0.0	28763893	243	160.0
1606527433.09	160000	16.505553	0.0	21266416	183	160.0
1606527433.43	160000	17.169129	0.0	23702229	192	160.0
1606527433.81	160000	17.788996	0.0	27580394	225	160.0
1606527434.11	160000	18.493694	0.0	20329780	165	160.0
1606527434.33	160000	19.266627	0.0	16109183	131	160.0
1606527435.29	160000	19.311204	0.0	58830800	478	160.0
1606527436.25	160000	19.353621	0.0	66935122	573	160.0
1606527436.47	160000	20.138245	0.0	15251076	125	160.0
1606527436.7	160000	20.902027	0.0	16574034	136	160.0
1606527436.89	160000	21.720114	0.0	13009028	106	160.0
1606527437.07	160000	22.541223	0.0	12791674	105	160.0
1606527437.23	160000	23.3806	0.0	11137898	94	160.0
1606527437.39	160000	24.218148	0.0	11485310	91	160.0
1606527437.57	160000	25.044291	0.0	12428518	97	160.0
1606527437.71	160000	25.904694	0.0	9963766	80	160.0
1606527437.88	160000	26.736636	0.0	12189364	98	160.0
1606527438.02	160000	27.592252	0.0	10142396	81	160.0
1606527438.17	160000	28.445963	0.0	10185488	83	160.0
1606527438.37	160000	29.244175	0.0	14061455	111	160.0
1606527438.65	160000	29.962715	0.0	20074099	166	160.0
1606527439.3	160000	30.319575	0.0	46115254	384	160.0
1606527439.88	160000	30.734425	0.0	40906522	345	160.0
1606527440.01	160000	31.610252	0.0	7891151	73	160.0
1606527440.31	160000	32.310873	0.0	21012466	176	160.0
1606527440.64	160000	32.982102	0.0	23519424	196	160.0
1606527440.91	160000	33.715058	0.0	18715420	157	160.0
1606527441.15	160000	34.473676	0.0	17000816	142	160.0
1606527441.36	160000	35.266304	0.0	14448126	121	160.0
1606527441.47	160000	36.159889	0.0	6958676	59	160.0
1606527441.6	160000	37.024936	0.0	9088791	76	160.0
1606527441.71	160000	37.91977	0.0	7211881	60	160.0
1606527441.76	160000	38.868982	0.0	3063586	26	160.0
1606527441.81	160000	39.82028	0.0	2782179	23	160.0
1606527441.95	160000	40.675475	0.0	9958410	84	160.0
1606527442.13	160000	41.502447	0.0	12158708	102	160.0
1606527442.32	160000	42.316005	0.0	12300216	112	160.0
1606527442.56	160000	43.07026	0.0	15815684	141	160.0
1606527442.76	160000	43.86971	0.0	13526256	123	160.0
1606527442.94	160000	44.692416	0.0	11995130	109	160.0
1606527443.15	160000	45.484284	0.0	13394791	127	160.0
1606527443.35	160000	46.287315	0.0	14135828	114	160.0
1606527443.56	160000	47.078755	0.0	15366126	125	160.0
