1606489579.83	40000	1.000999	0.045	334476	32	-7.200000000000003
1606489581.48	40000	1.263583	0.533	14648397	1521	-45.28
1606489583.1	60000	1.344153	0.675	20421673	1470	-68.0
1606489583.85	60000	1.613976	0.0	13063186	675	60.0
1606489584.31	60000	2.176417	0.0	8954217	392	60.0
1606489584.94	80000	2.569285	0.0	11497228	563	60.0
1606489585.33	80000	3.17918	0.0	6232523	346	80.0
1606489585.69	80000	3.845362	0.0	5425476	309	80.0
1606489588.03	80000	2.502725	0.0	29583867	2093	80.0
1606489589.34	110000	2.190895	0.0	28884539	1137	80.0
1606489590.14	110000	2.395485	0.0	26873304	631	110.0
1606489591.0	110000	2.533674	0.0	33588177	661	110.0
1606489591.57	110000	2.968003	0.0	25684661	421	110.0
1606489591.85	110000	3.683728	0.0	10838546	214	110.0
1606489592.48	160000	4.056923	0.0	22224402	492	110.0
1606489593.1	160000	4.442505	0.0	22578365	484	160.0
1606489593.33	160000	5.211452	0.0	8346702	175	160.0
1606489593.76	160000	5.783099	0.0	15775481	331	160.0
1606489593.96	160000	6.586504	0.0	9163235	141	160.0
1606489594.88	160000	6.667102	0.0	41307095	638	160.0
1606489595.44	160000	7.104057	0.0	28763893	405	160.0
1606489595.87	160000	7.684966	0.0	21266416	287	160.0
1606489596.29	160000	8.256012	0.0	23702229	284	160.0
1606489596.78	160000	8.764289	0.0	27580394	336	160.0
1606489597.41	160000	9.134841	0.0	20329780	494	160.0
1606489601.0	160000	6.551902	0.0	16109183	3485	160.0
1606489606.53	160000	2.027189	0.0	58830800	5057	160.0
1606489608.05	160000	1.50411	0.0	66935122	1134	160.0
1606489608.25	160000	2.303469	0.0	15251076	101	160.0
1606489608.48	160000	3.073991	0.0	16574034	110	160.0
1606489608.65	160000	3.908897	0.0	13009028	88	160.0
1606489608.82	160000	4.737972	0.0	12791674	87	160.0
1606489608.97	160000	5.586365	0.0	11137898	83	160.0
1606489609.13	160000	6.429734	0.0	11485310	82	160.0
1606489609.29	160000	7.264743	0.0	12428518	91	160.0
1606489609.43	160000	8.128395	0.0	9963766	72	160.0
1606489609.59	160000	8.969457	0.0	12189364	88	160.0
1606489609.73	160000	9.835918	0.0	10142396	74	160.0
1606489609.87	160000	10.691356	0.0	10185488	84	160.0
1606489610.09	160000	11.474762	0.0	14061455	124	160.0
1606489610.38	160000	12.181833	0.0	20074099	178	160.0
1606489611.42	160000	12.151035	0.0	46115254	768	160.0
1606489614.37	160000	10.193287	0.0	40906522	2722	160.0
1606489614.55	160000	11.015173	0.0	7891151	131	160.0
1606489614.96	160000	11.603716	0.0	21012466	293	160.0
1606489615.31	160000	12.268557	0.0	23519424	207	160.0
1606489615.59	160000	12.978533	0.0	18715420	175	160.0
1606489615.84	160000	13.730208	0.0	17000816	150	160.0
1606489616.05	160000	14.521969	0.0	14448126	123	160.0
1606489616.16	160000	15.417546	0.0	6958676	58	160.0
1606489616.3	160000	16.279243	0.0	9088791	76	160.0
1606489616.41	160000	17.168083	0.0	7211881	61	160.0
1606489616.46	160000	18.114428	0.0	3063586	26	160.0
1606489616.51	160000	19.067378	0.0	2782179	23	160.0
1606489616.65	160000	19.924476	0.0	9958410	84	160.0
1606489616.83	160000	20.754422	0.0	12158708	101	160.0
1606489617.0	160000	21.583318	0.0	12300216	100	160.0
1606489617.22	160000	22.357073	0.0	15815684	126	160.0
1606489617.41	160000	23.172018	0.0	13526256	110	160.0
1606489617.58	160000	24.007722	0.0	11995130	98	160.0
1606489617.77	160000	24.817736	0.0	13394791	108	160.0
1606489617.94	160000	25.642746	0.0	14135828	94	160.0
1606489618.13	160000	26.456599	0.0	15366126	102	160.0
1606489618.31	160000	27.284278	0.0	14248439	88	160.0
1606489618.47	160000	28.118149	0.0	13843717	85	160.0
1606489618.65	160000	28.940032	0.0	14665119	91	160.0
1606489618.9	160000	29.690512	0.0	21079187	131	160.0
1606489619.22	160000	30.370108	0.0	25480074	181	160.0
1606489619.52	160000	31.0723	0.0	23021754	163	160.0
1606489619.88	160000	31.715784	0.0	27527834	196	160.0
1606489620.28	160000	32.317854	0.0	26155848	238	160.0
1606489620.54	160000	33.053335	0.0	17849379	157	160.0
1606489620.79	160000	33.810479	0.0	16546531	145	160.0
1606489621.11	160000	34.490946	0.0	17718949	213	160.0
1606489621.43	160000	35.163781	0.0	17337137	225	160.0
1606489621.81	160000	35.78929	0.0	20008245	260	160.0
1606489628.3	160000	30.299128	0.0	58430914	6167	160.0
1606489629.8	160000	29.806173	0.0	16292703	1389	160.0
1606489630.44	160000	30.166668	0.0	25587422	498	160.0
1606489630.98	160000	30.622613	0.0	23982306	409	160.0
1606489631.24	160000	31.368105	0.0	13347845	179	160.0
1606489631.51	160000	32.095895	0.0	14337991	192	160.0
1606489631.8	160000	32.813047	0.0	14584990	195	160.0
1606489632.07	160000	33.540812	0.0	13962401	193	160.0
1606489632.35	160000	34.254427	0.0	14393788	206	160.0
1606489632.65	160000	34.963239	0.0	14649457	210	160.0
1606489632.91	160000	35.696307	0.0	13409715	191	160.0
1606489633.17	160000	36.437866	0.0	13909605	181	160.0
1606489633.42	160000	37.19073	0.0	13301968	173	160.0
1606489633.78	160000	37.831857	0.0	19025846	248	160.0
1606489634.17	160000	38.443497	0.0	19295426	283	160.0
1606489634.56	160000	39.053962	0.0	18261873	285	160.0
1606489634.99	160000	39.627818	0.0	19847604	310	160.0
1606489635.34	160000	40.283319	0.0	18767181	237	160.0
1606489635.75	160000	40.866546	0.0	22420858	282	160.0
1606489636.1	160000	41.516831	0.0	19324333	233	160.0
1606489636.44	160000	42.183037	0.0	20392234	219	160.0
1606489636.57	160000	43.051043	0.0	7671072	82	160.0
1606489636.86	160000	43.757615	0.0	17781906	190	160.0
1606489638.38	160000	43.240646	0.0	12839336	1443	160.0
1606489639.32	160000	43.30352	0.0	10779770	863	160.0
1606489640.46	160000	43.16384	0.0	14606687	1058	160.0
1606489643.28	160000	41.349974	0.0	41866951	2566	160.0
1606489644.68	160000	40.947636	0.0	37238410	1184	160.0
1606489645.18	160000	41.447981	0.0	14347759	416	160.0
1606489645.45	160000	42.183002	0.0	11399187	199	160.0
1606489645.69	160000	42.936832	0.0	10358641	181	160.0
1606489646.03	160000	43.601336	0.0	14315696	257	160.0
1606489646.56	160000	44.072925	0.0	23283631	397	160.0
1606489647.42	160000	44.219188	0.0	37521367	637	160.0
1606489647.92	160000	44.710121	0.0	22241104	376	160.0
1606489648.32	160000	45.316312	0.0	15813346	293	160.0
1606489648.75	160000	45.887142	0.0	17116450	327	160.0
1606489649.24	160000	46.399226	0.0	18867054	379	160.0
1606489649.7	160000	46.938301	0.0	17393609	352	160.0
1606489650.34	160000	47.295192	0.0	24759401	501	160.0
1606489651.01	160000	47.630417	0.0	25782433	522	160.0
1606489651.64	160000	48.011558	0.0	25885372	462	160.0
1606489652.26	160000	48.38433	0.0	26242011	471	160.0
1606489652.85	160000	48.795511	0.0	23865378	439	160.0
1606489653.47	160000	49.174692	0.0	25470681	478	160.0
1606489654.16	160000	49.482477	0.0	27258768	523	160.0
1606489655.39	160000	49.258412	0.0	17853711	1119	160.0
1606489656.35	160000	49.298342	0.0	14829893	878	160.0
1606489657.99	160000	48.657164	0.0	27779697	1478	160.0
1606489659.38	160000	48.268343	0.0	27714923	1238	160.0
1606489659.98	160000	48.670944	0.0	25946474	438	160.0
1606489661.19	160000	48.461847	0.0	19596259	1096	160.0
1606489662.2	160000	48.455994	0.0	23774167	870	160.0
1606489663.58	160000	48.078165	0.0	19373656	1266	160.0
1606489665.56	160000	47.099871	0.0	23977420	1847	160.0
1606489667.59	160000	46.068543	0.0	24493733	1890	160.0
1606489668.82	160000	45.832856	0.0	14528511	1153	160.0
1606489670.37	160000	45.291953	0.0	16841176	1441	160.0
1606489671.91	160000	44.749922	0.0	16743604	1442	160.0
1606489673.61	160000	44.048038	0.0	17975224	1594	160.0
1606489675.94	160000	42.719248	0.0	22329548	2197	160.0
1606489676.95	160000	42.714666	0.0	16001583	908	160.0
1606489677.44	160000	43.225075	0.0	18238584	380	160.0
1606489677.81	160000	43.854341	0.0	21308824	244	160.0
1606489678.12	160000	44.541791	0.0	17749058	201	160.0
1606489678.37	160000	45.299101	0.0	14127787	157	160.0
1606489678.66	160000	46.006163	0.0	17525699	193	160.0
1606489678.89	160000	46.773203	0.0	14240042	157	160.0
1606489679.25	160000	47.420626	0.0	20324139	234	160.0
1606489679.6	160000	48.065624	0.0	21993033	232	160.0
1606489679.92	160000	48.75072	0.0	18863108	199	160.0
1606489680.19	160000	49.479072	0.0	15964734	169	160.0
1606489680.34	160000	50.332512	0.0	8284939	90	160.0
1606489680.49	160000	51.179646	0.0	9004706	97	160.0
1606489680.61	160000	52.060666	0.0	6955279	75	160.0
1606489680.79	160000	52.884192	0.0	10701639	115	160.0
1606489680.96	160000	53.714597	0.0	9459459	101	160.0
1606489681.02	160000	54.653843	0.0	3212828	34	160.0
1606489681.07	160000	55.606011	0.0	2509989	27	160.0
1606489681.11	160000	56.565183	0.0	2004927	21	160.0
1606489681.13	160000	57.546063	0.0	591360	6	160.0
1606489681.19	160000	58.923117	0.0	2394426	26	160.0
1606489681.45	40000	1.000999	0.045	337339	2	-7.200000000000003
1606489681.77	40000	2.001999	0.0	14648397	156	40.0
1606489682.17	60000	2.66296	0.0	20421673	220	40.0
1606489682.39	60000	3.442924	0.0	13063186	144	60.0
1606489682.54	60000	4.291652	0.0	8954217	100	60.0
1606489682.75	80000	5.092193	0.0	11497228	127	60.0
1606489682.86	80000	5.975123	0.0	6232523	69	80.0
1606489682.96	80000	6.878328	0.0	5425476	60	80.0
1606489683.55	80000	7.348294	0.0	29583867	327	80.0
1606489684.06	110000	7.88555	0.0	28884539	320	80.0
1606489684.51	110000	8.442244	0.0	26873304	286	110.0
1606489685.07	110000	8.929649	0.0	33588177	362	110.0
1606489685.49	110000	9.509389	0.0	25684661	279	110.0
1606489685.67	110000	10.325152	0.0	10838546	120	110.0
1606489686.07	160000	10.955542	0.0	22224402	245	110.0
1606489686.46	160000	11.563945	0.0	22578365	258	160.0
1606489686.61	160000	12.413139	0.0	8346702	101	160.0
1606489686.9	160000	13.125551	0.0	15775481	191	160.0
1606489687.07	160000	13.957815	0.0	9163235	113	160.0
1606489687.81	160000	14.221865	0.0	41307095	451	160.0
1606489688.28	160000	14.746164	0.0	28763893	306	160.0
1606489688.7	160000	15.329655	0.0	21266416	286	160.0
1606489689.15	160000	15.875622	0.0	23702229	319	160.0
1606489689.71	160000	16.325253	0.0	27580394	400	160.0
1606489690.14	160000	16.895124	0.0	20329780	287	160.0
1606489690.44	160000	17.592456	0.0	16109183	208	160.0
1606489691.6	160000	17.432532	0.0	58830800	696	160.0
1606489692.81	160000	17.231234	0.0	66935122	818	160.0
1606489693.05	160000	17.986552	0.0	15251076	151	160.0
1606489693.31	160000	18.723015	0.0	16574034	165	160.0
1606489694.34	160000	18.70001	0.0	13009028	944	160.0
1606489695.54	160000	18.503114	0.0	12791674	1124	160.0
1606489696.38	160000	18.661959	0.0	11137898	774	160.0
1606489696.87	160000	19.16921	0.0	11485310	423	160.0
1606489697.38	160000	19.664429	0.0	12428518	432	160.0
1606489697.58	160000	20.459778	0.0	9963766	145	160.0
1606489697.84	160000	21.205894	0.0	12189364	178	160.0
1606489698.05	160000	21.994841	0.0	10142396	147	160.0
1606489698.26	160000	22.784256	0.0	10185488	148	160.0
1606489698.54	160000	23.504167	0.0	14061455	200	160.0
1606489698.95	160000	24.105156	0.0	20074099	288	160.0
1606489699.93	160000	24.11663	0.0	46115254	720	160.0
1606489701.07	160000	23.979	0.0	40906522	900	160.0
1606489701.34	160000	24.710456	0.0	7891151	216	160.0
1606489702.52	160000	24.529558	0.0	21012466	1064	160.0
1606489704.47	160000	23.590494	0.0	23519424	1807	160.0
1606489707.37	160000	21.679041	0.0	18715420	2795	160.0
1606489709.21	160000	20.844927	0.0	17000816	1729	160.0
1606489710.33	160000	20.72678	0.0	14448126	1032	160.0
1606489710.52	160000	21.539922	0.0	6958676	140	160.0
1606489710.72	160000	22.335874	0.0	9088791	147	160.0
1606489710.89	160000	23.171518	0.0	7211881	118	160.0
1606489710.96	160000	24.096329	0.0	3063586	50	160.0
1606489711.03	160000	25.027149	0.0	2782179	44	160.0
1606489711.26	160000	25.800051	0.0	9958410	162	160.0
1606489711.52	160000	26.542196	0.0	12158708	184	160.0
1606489711.76	160000	27.300253	0.0	12300216	170	160.0
1606489712.1	160000	27.963953	0.0	15815684	233	160.0
1606489712.37	160000	28.700691	0.0	13526256	188	160.0
1606489712.59	160000	29.473677	0.0	11995130	158	160.0
1606489712.85	160000	30.222291	0.0	13394791	175	160.0
1606489713.11	160000	30.95613	0.0	14135828	186	160.0
