1606519247.97	40000	1.000999	0.021	334476	9	-3.3599999999999994
1606519248.57	40000	1.782481	0.0	14648397	443	40.0
1606519249.2	60000	2.165998	0.0	20421673	450	40.0
1606519249.55	60000	2.824801	0.0	13063186	260	60.0
1606519249.78	60000	3.589763	0.0	8954217	176	60.0
1606519250.1	80000	4.293516	0.0	11497228	249	60.0
1606519250.28	80000	5.114542	0.0	6232523	134	80.0
1606519250.45	80000	5.978266	0.0	5425476	116	80.0
1606519252.1	80000	5.372919	0.0	29583867	1410	80.0
1606519253.45	110000	5.038252	0.0	28884539	1176	80.0
1606519254.37	110000	5.124148	0.0	26873304	754	110.0
1606519258.33	110000	2.163879	0.0	33588177	3763	110.0
1606519260.38	110000	1.309421	0.193	25684661	1916	79.12
1606519261.38	110000	1.30879	0.0	10838546	932	110.0
1606519263.29	160000	1.254289	0.861	22224402	1795	-27.75999999999999
1606519264.99	160000	1.347756	0.786	22578365	1578	34.239999999999995
1606519265.68	160000	1.657645	0.0	8346702	627	160.0
1606519267.23	160000	1.403927	0.297	15775481	1469	112.47999999999999
1606519267.69	160000	1.939451	0.0	9163235	401	160.0
1606519272.56	160000	1.45275	3.378	41307095	4609	-380.48
1606519274.33	160000	1.331662	0.651	28763893	1628	55.84
1606519275.31	160000	1.483925	0.122	21266416	845	140.48
1606519276.23	160000	1.559564	0.0	23702229	780	160.0
1606519277.24	160000	1.546762	0.0	27580394	853	160.0
1606519277.94	160000	1.855738	0.0	20329780	560	160.0
1606519278.46	160000	2.336896	0.0	16109183	413	160.0
1606519280.57	160000	1.228967	0.0	58830800	1638	160.0
1606519282.39	160000	1.361394	0.953	66935122	1503	7.52000000000001
1606519282.79	160000	1.960667	0.0	15251076	309	160.0
1606519283.24	160000	2.507245	0.0	16574034	345	160.0
1606519283.6	160000	3.147719	0.0	13009028	280	160.0
1606519283.97	160000	3.793337	0.0	12791674	280	160.0
1606519284.24	160000	4.513216	0.0	11137898	202	160.0
1606519284.52	160000	5.235596	0.0	11485310	210	160.0
1606519284.82	160000	5.935273	0.0	12428518	227	160.0
1606519285.07	160000	6.687921	0.0	9963766	187	160.0
1606519285.38	160000	7.376564	0.0	12189364	240	160.0
1606519285.65	160000	8.107616	0.0	10142396	205	160.0
1606519285.92	160000	8.840668	0.0	10185488	200	160.0
1606519286.28	160000	9.482629	0.0	14061455	274	160.0
1606519286.79	160000	9.973559	0.0	20074099	392	160.0
1606519287.82	160000	9.938528	0.0	46115254	777	160.0
1606519288.74	160000	10.026637	0.0	40906522	671	160.0
1606519288.92	160000	10.844315	0.0	7891151	129	160.0
1606519289.34	160000	11.421424	0.0	21012466	300	160.0
1606519289.81	160000	11.957245	0.0	23519424	331	160.0
1606519290.22	160000	12.551573	0.0	18715420	285	160.0
1606519290.61	160000	13.161063	0.0	17000816	289	160.0
1606519290.94	160000	13.832471	0.0	14448126	246	160.0
1606519291.18	160000	14.585203	0.0	6958676	201	160.0
1606519291.54	160000	15.226215	0.0	9088791	301	160.0
1606519291.83	160000	15.940216	0.0	7211881	239	160.0
1606519291.96	160000	16.812117	0.0	3063586	101	160.0
1606519294.72	160000	15.050281	0.0	2782179	2736	160.0
1606519298.36	160000	12.418188	0.0	9958410	3570	160.0
1606519300.1	160000	11.671956	0.0	12158708	1677	160.0
1606519301.0	160000	11.774715	0.0	12300216	822	160.0
1606519302.22	160000	11.56025	0.0	15815684	1118	160.0
1606519303.27	160000	11.504403	0.0	13526256	977	160.0
1606519304.24	160000	11.538122	0.0	11995130	894	160.0
1606519305.32	160000	11.465073	0.0	13394791	997	160.0
1606519306.43	160000	11.348212	0.0	14135828	1034	160.0
1606519307.61	160000	11.17699	0.0	15366126	1086	160.0
1606519308.74	160000	11.044754	0.0	14248439	1051	160.0
1606519310.01	160000	10.770938	0.0	13843717	1197	160.0
1606519311.14	160000	10.64743	0.0	14665119	1038	160.0
1606519312.76	160000	10.02736	0.0	21079187	1498	160.0
1606519314.82	160000	8.963389	0.0	25480074	1927	160.0
1606519316.92	160000	7.866853	0.0	23021754	1960	160.0
1606519319.3	160000	6.489285	0.0	27527834	2228	160.0
1606519321.35	160000	5.442781	0.0	26155848	1886	160.0
1606519322.8	160000	4.992108	0.0	17849379	1346	160.0
1606519324.29	160000	4.505396	0.0	16546531	1383	160.0
1606519325.78	160000	4.017126	0.0	17718949	1383	160.0
1606519327.24	160000	3.559481	0.0	17337137	1359	160.0
1606519328.92	160000	2.878484	0.0	20008245	1563	160.0
1606519333.65	160000	1.283331	2.135	58430914	4437	-181.60000000000002
1606519334.91	160000	1.492326	0.475	16292703	1163	84.0
1606519337.16	160000	1.468888	1.222	25587422	2121	-35.52000000000001
1606519339.26	160000	1.441762	1.079	23982306	1989	-12.639999999999986
1606519340.4	160000	1.307097	0.0	13347845	1057	160.0
1606519341.7	160000	1.251182	0.251	14337991	1231	119.84
1606519343.12	160000	1.274261	0.44	14584990	1343	89.6
1606519344.29	160000	1.464989	0.355	13962401	1095	103.2
1606519345.36	160000	1.397498	0.0	14393788	986	160.0
1606519346.43	160000	1.322926	0.0	14649457	995	160.0
1606519347.44	160000	1.322126	0.0	13409715	923	160.0
1606519348.64	160000	1.298762	0.185	13909605	1136	130.4
1606519349.98	160000	1.260482	0.299	13301968	1270	112.16
1606519352.21	160000	1.310205	1.28	19025846	2128	-44.80000000000001
1606519354.13	160000	1.341259	0.946	19295426	1821	8.639999999999986
1606519355.61	160000	1.288366	0.43	18261873	1389	91.2
1606519356.83	160000	1.469713	0.401	19847604	1117	95.84
1606519358.13	160000	1.371408	0.198	18767181	1203	128.32
1606519359.27	160000	1.287263	0.048	22420858	1018	152.32
1606519360.62	160000	1.369844	0.437	19324333	1252	90.08
1606519362.81	160000	1.307262	1.13	20392234	2092	-20.80000000000001
1606519363.37	160000	1.746976	0.0	7671072	512	160.0
1606519364.67	160000	1.452845	0.0	17781906	1191	160.0
1606519365.57	160000	1.554099	0.0	12839336	823	160.0
1606519366.03	160000	2.091163	0.0	10779770	402	160.0
1606519366.69	160000	2.438771	0.0	14606687	574	160.0
1606519368.97	160000	1.395391	0.236	41866951	2060	122.24000000000001
1606519371.23	160000	1.429875	1.3	37238410	2070	-48.0
1606519372.04	160000	1.620966	0.0	14347759	725	160.0
1606519372.63	160000	2.033205	0.0	11399187	520	160.0
1606519373.11	160000	2.551742	0.0	10358641	418	160.0
1606519373.76	160000	2.906311	0.0	14315696	565	160.0
1606519374.77	160000	2.894797	0.0	23283631	881	160.0
1606519376.29	160000	2.383459	0.0	37521367	1290	160.0
1606519376.95	160000	2.716348	0.0	22241104	541	160.0
1606519377.4	160000	3.26867	0.0	15813346	346	160.0
1606519377.93	160000	3.737222	0.0	17116450	427	160.0
1606519378.54	160000	4.129113	0.0	18867054	491	160.0
1606519378.99	160000	4.682754	0.0	17393609	345	160.0
1606519379.63	160000	5.048398	0.0	24759401	493	160.0
1606519380.3	160000	5.37444	0.0	25782433	527	160.0
1606519380.97	160000	5.705605	0.0	25885372	510	160.0
1606519381.63	160000	6.046062	0.0	26242011	509	160.0
1606519382.15	160000	6.534313	0.0	23865378	365	160.0
1606519382.69	160000	6.991299	0.0	25470681	389	160.0
1606519383.27	160000	7.413164	0.0	27258768	411	160.0
1606519383.65	160000	8.03352	0.0	17853711	274	160.0
1606519384.0	160000	8.682705	0.0	14829893	265	160.0
1606519384.62	160000	9.067374	0.0	27779697	447	160.0
1606519385.16	160000	9.522303	0.0	27714923	379	160.0
1606519385.67	160000	10.011306	0.0	25946474	355	160.0
1606519386.05	160000	10.634206	0.0	19596259	253	160.0
1606519386.51	160000	11.179143	0.0	23774167	311	160.0
1606519386.93	160000	11.762727	0.0	19373656	300	160.0
1606519387.44	160000	12.246689	0.0	23977420	377	160.0
1606519387.95	160000	12.743093	0.0	24493733	351	160.0
1606519388.24	160000	13.451699	0.0	14528511	200	160.0
1606519388.58	160000	14.113339	0.0	16841176	233	160.0
1606519388.91	160000	14.778934	0.0	16743604	229	160.0
1606519389.27	160000	15.42796	0.0	17975224	246	160.0
1606519389.7	160000	15.991039	0.0	22329548	303	160.0
1606519389.93	160000	16.763986	0.0	16001583	127	160.0
1606519390.18	160000	17.512822	0.0	18238584	145	160.0
1606519390.49	160000	18.205872	0.0	21308824	181	160.0
1606519390.76	160000	18.935098	0.0	17749058	157	160.0
1606519390.99	160000	19.712136	0.0	14127787	143	160.0
1606519391.27	160000	20.433736	0.0	17525699	177	160.0
1606519391.5	160000	21.200899	0.0	14240042	143	160.0
1606519391.87	160000	21.835223	0.0	20324139	251	160.0
1606519392.29	160000	22.413705	0.0	21993033	303	160.0
1606519392.67	160000	23.038878	0.0	18863108	259	160.0
1606519392.98	160000	23.725799	0.0	15964734	217	160.0
1606519393.14	160000	24.566635	0.0	8284939	104	160.0
1606519393.32	160000	25.396809	0.0	9004706	113	160.0
1606519393.46	160000	26.250598	0.0	6955279	87	160.0
1606519393.66	160000	27.048046	0.0	10701639	133	160.0
1606519393.85	160000	27.860992	0.0	9459459	127	160.0
1606519393.92	160000	28.790002	0.0	3212828	43	160.0
1606519393.98	160000	29.733271	0.0	2509989	34	160.0
1606519394.03	160000	30.686436	0.0	2004927	27	160.0
1606519394.05	160000	31.665143	0.0	591360	7	160.0
1606519394.1	160000	33.045062	0.0	2394426	32	160.0
1606519394.45	40000	1.000999	0.074	337339	4	-11.84
1606519394.82	40000	2.001999	0.0	14648397	212	40.0
1606519395.33	60000	2.50171	0.0	20421673	338	40.0
1606519395.62	60000	3.203929	0.0	13063186	216	60.0
1606519395.77	60000	4.06101	0.0	8954217	90	60.0
1606519395.96	80000	4.873062	0.0	11497228	117	60.0
1606519396.07	80000	5.764121	0.0	6232523	61	80.0
1606519396.16	80000	6.67348	0.0	5425476	55	80.0
1606519396.7	80000	7.195859	0.0	29583867	300	80.0
1606519397.18	110000	7.770428	0.0	28884539	288	80.0
1606519397.6	110000	8.365893	0.0	26873304	269	110.0
1606519398.16	110000	8.833519	0.0	33588177	347	110.0
1606519398.57	110000	9.419641	0.0	25684661	265	110.0
1606519398.75	110000	10.244133	0.0	10838546	112	110.0
1606519399.11	160000	10.899891	0.0	22224402	231	110.0
1606519399.49	160000	11.525552	0.0	22578365	234	160.0
1606519399.63	160000	12.388526	0.0	8346702	86	160.0
1606519399.87	160000	13.149539	0.0	15775481	141	160.0
1606519400.01	160000	14.012536	0.0	9163235	82	160.0
1606519400.66	160000	14.3601	0.0	41307095	370	160.0
1606519401.08	160000	14.939618	0.0	28763893	255	160.0
1606519401.4	160000	15.620336	0.0	21266416	187	160.0
1606519401.74	160000	16.278127	0.0	23702229	209	160.0
1606519402.19	160000	16.830665	0.0	27580394	297	160.0
1606519402.55	160000	17.477501	0.0	20329780	218	160.0
1606519402.83	160000	18.194596	0.0	16109183	185	160.0
1606519404.06	160000	17.964022	0.0	58830800	749	160.0
1606519405.19	160000	17.831839	0.0	66935122	766	160.0
1606519405.47	160000	18.557381	0.0	15251076	184	160.0
1606519405.77	160000	19.260824	0.0	16574034	199	160.0
1606519405.98	160000	20.049275	0.0	13009028	135	160.0
1606519406.2	160000	20.843976	0.0	12791674	132	160.0
1606519406.38	160000	21.649964	0.0	11137898	110	160.0
1606519406.57	160000	22.459241	0.0	11485310	118	160.0
1606519406.77	160000	23.261111	0.0	12428518	126	160.0
1606519406.93	160000	24.102828	0.0	9963766	98	160.0
1606519407.13	160000	24.90755	0.0	12189364	121	160.0
1606519407.29	160000	25.74734	0.0	10142396	101	160.0
1606519407.45	160000	26.584911	0.0	10185488	101	160.0
1606519407.67	160000	27.365872	0.0	14061455	139	160.0
1606519408.07	160000	27.972687	0.0	20074099	277	160.0
1606519409.05	160000	27.99663	0.0	46115254	716	160.0
1606519413.61	160000	24.430942	0.0	40906522	4318	160.0
1606519413.85	160000	25.192778	0.0	7891151	182	160.0
1606519414.34	160000	25.705144	0.0	21012466	364	160.0
1606519415.87	160000	25.175714	0.0	23519424	1394	160.0
1606519417.54	160000	24.514072	0.0	18715420	1550	160.0
1606519418.23	160000	24.813936	0.0	17000816	589	160.0
1606519418.71	160000	25.341319	0.0	14448126	391	160.0
1606519418.84	160000	26.20421	0.0	6958676	93	160.0
1606519419.0	160000	27.053353	0.0	9088791	93	160.0
1606519419.12	160000	27.932656	0.0	7211881	73	160.0
1606519419.18	160000	28.87662	0.0	3063586	31	160.0
1606519419.23	160000	29.822892	0.0	2782179	28	160.0
1606519419.39	160000	30.661516	0.0	9958410	101	160.0
1606519419.59	160000	31.466098	0.0	12158708	124	160.0
1606519419.79	160000	32.269953	0.0	12300216	125	160.0
1606519420.08	160000	32.976559	0.0	15815684	199	160.0
1606519420.33	160000	33.731619	0.0	13526256	169	160.0
1606519420.55	160000	34.512196	0.0	11995130	151	160.0
1606519420.79	160000	35.266258	0.0	13394791	168	160.0
1606519421.03	160000	36.035165	0.0	14135828	145	160.0
