1606511811.1	40000	1.000999	0.052	334476	39	-8.32
1606511812.27	20000	1.436018	0.23	11007815	1005	-36.8
1606511813.01	20000	1.695245	0.0	8849724	617	20.0
1606511813.32	20000	2.405018	0.0	3191121	214	20.0
1606511813.52	20000	3.203744	0.0	1661718	109	20.0
1606511813.7	20000	4.030177	0.0	1315024	88	20.0
1606511813.83	20000	4.920525	0.0	698359	46	20.0
1606511813.97	20000	5.783442	0.0	730082	51	20.0
1606511814.36	20000	6.394812	0.0	4047415	289	20.0
1606511816.98	110000	4.77417	0.0	28884539	2292	20.0
1606511819.23	110000	3.523012	0.0	26873304	2030	110.0
1606511822.07	110000	1.691805	0.0	33588177	2532	110.0
1606511823.53	80000	1.47868	0.245	17710542	1288	10.799999999999997
1606511824.54	110000	1.46499	0.0	10838546	871	80.0
1606511825.71	110000	1.466081	0.171	12783186	1029	82.64
1606511827.36	160000	1.399465	0.583	22578365	1460	16.72
1606511827.49	40000	2.269463	0.0	1103419	31	-80.0
1606511827.62	20000	3.146153	0.0	1113969	31	0.0
1606511827.73	20000	4.03726	0.0	820127	23	20.0
1606511828.03	20000	4.736972	0.0	6357933	185	20.0
1606511828.77	20000	4.993751	0.0	4814284	636	20.0
1606511830.71	160000	4.060738	0.0	21266416	1733	20.0
1606511832.27	160000	3.501444	0.0	23702229	1352	160.0
1606511832.93	160000	3.840933	0.0	27580394	428	160.0
1606511835.48	160000	2.293753	0.0	20329780	2354	160.0
1606511838.29	160000	1.490787	1.008	16109183	2643	-1.2800000000000011
1606511840.5	60000	1.251281	0.97	27018238	1992	-195.2
1606511841.46	20000	1.465342	0.172	11684632	812	-47.519999999999996
1606511841.97	60000	1.956247	0.0	5395812	398	20.0
1606511842.24	60000	2.686133	0.0	5799553	150	60.0
1606511842.51	80000	3.414484	0.0	6381056	152	60.0
1606511842.78	80000	4.146183	0.0	6393963	153	80.0
1606511843.09	110000	4.839397	0.0	7610374	183	80.0
1606511843.4	110000	5.528954	0.0	7822163	191	110.0
1606511843.73	110000	6.198509	0.0	8433079	203	110.0
1606511844.02	110000	6.913702	0.0	6951419	170	110.0
1606511844.47	160000	7.468137	0.0	12189364	300	110.0
1606511844.85	160000	8.085778	0.0	10142396	250	160.0
1606511845.22	160000	8.716033	0.0	10185488	238	160.0
1606511845.68	160000	9.259036	0.0	14061455	296	160.0
1606511846.28	160000	9.653658	0.0	20074099	419	160.0
1606511847.79	160000	9.151444	0.0	46115254	1056	160.0
1606511850.82	160000	7.115832	0.0	40906522	2732	160.0
1606511851.56	160000	7.382301	0.0	7891151	608	160.0
1606511853.28	160000	6.66069	0.0	21012466	1511	160.0
1606511853.81	160000	7.134176	0.0	23519424	317	160.0
1606511854.24	160000	7.698588	0.0	18715420	250	160.0
1606511854.82	160000	8.126973	0.0	17000816	399	160.0
1606511855.38	160000	8.565337	0.0	14448126	408	160.0
1606511855.79	160000	9.151755	0.0	6958676	289	160.0
1606511856.3	160000	9.647742	0.0	9088791	374	160.0
1606511856.71	160000	10.2339	0.0	7211881	293	160.0
1606511856.94	160000	11.012364	0.0	3063586	124	160.0
1606511857.15	160000	11.804435	0.0	2782179	112	160.0
1606511857.63	160000	12.323063	0.0	9958410	351	160.0
1606511858.2	160000	12.752148	0.0	12158708	425	160.0
1606511858.79	160000	13.167672	0.0	12300216	440	160.0
1606511859.54	160000	13.416808	0.0	15815684	585	160.0
1606511860.2	160000	13.750029	0.0	13526256	516	160.0
1606511860.93	160000	14.023614	0.0	11995130	586	160.0
1606511861.81	160000	14.147454	0.0	13394791	725	160.0
1606511862.9	160000	14.059529	0.0	14135828	933	160.0
1606511864.13	160000	13.825494	0.0	15366126	1077	160.0
1606511865.27	160000	13.691971	0.0	14248439	976	160.0
1606511866.8	160000	13.157149	0.0	13843717	1387	160.0
1606511868.24	160000	12.720065	0.0	14665119	1284	160.0
1606511868.74	160000	13.223183	0.0	21079187	299	160.0
1606511869.31	160000	13.649757	0.0	25480074	362	160.0
1606511869.8	160000	14.168552	0.0	23021754	274	160.0
1606511870.35	160000	14.613681	0.0	27527834	327	160.0
1606511870.88	160000	15.088263	0.0	26155848	309	160.0
1606511871.26	160000	15.703554	0.0	17849379	211	160.0
1606511871.66	160000	16.310657	0.0	16546531	218	160.0
1606511872.07	160000	16.900844	0.0	17718949	233	160.0
1606511872.46	160000	17.510718	0.0	17337137	219	160.0
1606511872.9	160000	18.068001	0.0	20008245	246	160.0
1606511874.04	160000	17.934593	0.0	58430914	668	160.0
1606511874.4	160000	18.573504	0.0	16292703	178	160.0
1606511874.89	160000	19.080248	0.0	25587422	279	160.0
1606511875.37	160000	19.615439	0.0	23982306	261	160.0
1606511875.67	160000	20.309177	0.0	13347845	142	160.0
1606511875.98	160000	20.992933	0.0	14337991	162	160.0
1606511876.3	160000	21.673906	0.0	14584990	164	160.0
1606511876.58	160000	22.395819	0.0	13962401	126	160.0
1606511876.87	160000	23.109077	0.0	14393788	127	160.0
1606511877.16	160000	23.824064	0.0	14649457	132	160.0
1606511877.43	160000	24.550408	0.0	13409715	126	160.0
1606511877.72	160000	25.270443	0.0	13909605	133	160.0
1606511878.0	160000	25.988285	0.0	13301968	123	160.0
1606511878.37	160000	26.617251	0.0	19025846	183	160.0
1606511878.72	160000	27.272893	0.0	19295426	166	160.0
1606511879.05	160000	27.933922	0.0	18261873	154	160.0
1606511879.42	160000	28.570655	0.0	19847604	169	160.0
1606511879.75	160000	29.245403	0.0	18767181	148	160.0
1606511880.13	160000	29.861034	0.0	22420858	173	160.0
1606511880.47	160000	30.523441	0.0	19324333	152	160.0
1606511880.82	160000	31.177199	0.0	20392234	160	160.0
1606511881.0	160000	31.995117	0.0	7671072	60	160.0
1606511881.31	160000	32.680969	0.0	17781906	140	160.0
1606511881.56	160000	33.431157	0.0	12839336	100	160.0
1606511881.79	160000	34.210822	0.0	10779770	83	160.0
1606511882.06	160000	34.937562	0.0	14606687	113	160.0
1606511882.7	160000	35.296008	0.0	41866951	327	160.0
1606511883.29	160000	35.705219	0.0	37238410	294	160.0
1606511883.55	160000	36.449425	0.0	14347759	103	160.0
1606511883.77	160000	37.229652	0.0	11399187	82	160.0
1606511883.99	160000	38.015465	0.0	10358641	76	160.0
1606511884.24	160000	38.759372	0.0	14315696	103	160.0
1606511884.6	160000	39.408399	0.0	23283631	146	160.0
1606511885.13	160000	39.877858	0.0	37521367	236	160.0
1606511885.46	160000	40.542393	0.0	22241104	140	160.0
1606511885.73	160000	41.274555	0.0	15813346	95	160.0
1606511886.01	160000	41.997889	0.0	17116450	104	160.0
1606511886.31	160000	42.703553	0.0	18867054	115	160.0
1606511886.59	160000	43.428472	0.0	17393609	105	160.0
1606511886.95	160000	44.060065	0.0	24759401	147	160.0
1606511887.33	160000	44.681614	0.0	25782433	162	160.0
1606511887.72	160000	45.298311	0.0	25885372	152	160.0
1606511888.09	160000	45.922187	0.0	26242011	155	160.0
1606511888.46	160000	46.564035	0.0	23865378	140	160.0
1606511888.86	160000	47.160738	0.0	25470681	179	160.0
1606511889.3	160000	47.720424	0.0	27258768	195	160.0
1606511889.59	160000	48.42488	0.0	17853711	119	160.0
1606511889.85	160000	49.17297	0.0	14829893	99	160.0
1606511890.26	160000	49.759973	0.0	27779697	184	160.0
1606511890.69	160000	50.332347	0.0	27714923	204	160.0
1606511891.11	160000	50.914716	0.0	25946474	190	160.0
1606511891.46	160000	51.561996	0.0	19596259	150	160.0
1606511891.89	160000	52.131552	0.0	23774167	225	160.0
1606511892.27	160000	52.761189	0.0	19373656	180	160.0
1606511893.04	160000	52.982861	0.0	23977420	572	160.0
1606511895.0	160000	52.025138	0.0	24493733	1749	160.0
1606511896.21	160000	51.814947	0.0	14528511	1055	160.0
1606511897.56	160000	51.466205	0.0	16841176	1179	160.0
1606511899.09	160000	50.941357	0.0	16743604	1354	160.0
1606511899.8	160000	51.228608	0.0	17975224	537	160.0
1606511900.45	160000	51.582285	0.0	22329548	448	160.0
1606511900.98	160000	52.058638	0.0	16001583	353	160.0
1606511901.57	160000	52.471313	0.0	18238584	409	160.0
1606511902.32	160000	52.715996	0.0	21308824	552	160.0
1606511906.07	160000	49.963017	0.0	17749058	3571	160.0
1606511907.53	160000	49.507682	0.0	14127787	1295	160.0
1606511909.15	160000	48.891792	0.0	17525699	1435	160.0
1606511909.36	20000	49.677837	0.0	1599193	111	-120.0
1606511909.62	20000	50.416189	0.0	2364826	165	20.0
1606511909.9	20000	51.13854	0.0	2517454	180	20.0
1606511910.13	20000	51.912825	0.0	1883143	134	20.0
1606511910.34	20000	52.699193	0.0	1726706	123	20.0
1606511910.48	20000	53.565505	0.0	707364	48	20.0
1606511910.58	20000	54.469259	0.0	796460	11	20.0
1606511910.67	20000	55.376938	0.0	596962	7	20.0
1606511910.77	20000	56.277066	0.0	947625	13	20.0
1606511910.87	20000	57.179163	0.0	832859	11	20.0
1606511910.95	20000	58.094015	0.0	151562	1	20.0
1606511911.03	20000	59.015035	0.0	90390	1	20.0
1606511911.1	20000	59.954748	0.0	50278	3	20.0
1606511912.66	160000	59.522558	0.0	591360	9	20.0
1606511913.74	160000	59.957263	0.0	2394426	31	160.0
1606511914.12	40000	1.000999	0.035	336477	3	-5.600000000000001
1606511914.46	20000	1.952317	0.0	11007815	129	0.0
1606511914.7	20000	2.704722	0.0	8849724	115	20.0
1606511915.05	60000	3.362029	0.0	13063186	171	20.0
1606511915.56	160000	3.847667	0.0	19639705	256	60.0
1606511916.04	160000	4.480982	0.0	20946809	258	160.0
1606511916.33	160000	5.187351	0.0	11895609	148	160.0
1606511916.54	160000	5.976667	0.0	7597636	93	160.0
1606511917.8	160000	5.765277	0.0	56067905	678	160.0
1606511918.62	160000	5.983923	0.0	45444680	470	160.0
1606511919.5	160000	6.099825	0.0	54798068	506	160.0
1606511920.82	160000	5.788636	0.0	69464107	775	160.0
1606511921.68	160000	5.922133	0.0	50637608	510	160.0
1606511922.05	160000	6.558896	0.0	19559369	179	160.0
1606511922.45	160000	7.153788	0.0	22224402	204	160.0
1606511922.85	160000	7.754574	0.0	22578365	191	160.0
1606511923.05	160000	8.559525	0.0	8346702	71	160.0
1606511923.35	160000	9.257683	0.0	15775481	134	160.0
1606511923.56	160000	10.049206	0.0	9163235	77	160.0
1606511924.23	160000	10.381941	0.0	41307095	359	160.0
1606511924.74	160000	10.871467	0.0	28763893	254	160.0
1606511925.11	160000	11.498679	0.0	21266416	174	160.0
1606511925.54	160000	12.077987	0.0	23702229	195	160.0
1606511925.98	160000	12.637559	0.0	27580394	212	160.0
1606511926.36	160000	13.289219	0.0	20329780	163	160.0
1606511926.66	160000	14.020641	0.0	16109183	124	160.0
1606511927.53	160000	14.145416	0.0	58830800	455	160.0
1606511928.52	160000	14.163508	0.0	66935122	553	160.0
1606511929.09	160000	14.588427	0.0	15251076	407	160.0
