1606461017.99	40000	1.000999	0.083	334476	68	-13.280000000000001
1606461019.86	40000	1.482634	0.986	14648397	1731	-117.75999999999999
1606461022.7	60000	1.322879	1.664	20421673	2686	-226.24
1606461024.73	60000	1.392827	1.075	13063186	1961	-112.0
1606461025.44	60000	1.721101	0.0	8954217	656	60.0
1606461026.38	80000	1.817718	0.0	11497228	857	60.0
1606461026.92	80000	2.278489	0.0	6232523	489	80.0
1606461027.45	80000	2.751487	0.0	5425476	487	80.0
1606461030.02	80000	1.184311	0.0	29583867	2318	80.0
1606461032.38	110000	1.318116	1.504	28884539	2202	-160.64
1606461034.36	110000	1.323993	0.975	26873304	1831	-46.0
1606461036.79	110000	1.300185	1.408	33588177	2262	-115.28
1606461039.2	110000	1.457669	1.569	25684661	2281	-141.04
1606461040.22	110000	1.441812	0.0	10838546	935	110.0
1606461044.02	160000	1.278402	2.642	22224402	3657	-312.72
1606461045.81	160000	1.410291	0.919	22578365	1670	12.960000000000008
1606461049.82	160000	1.340943	2.943	8346702	3966	-310.88
1606461058.19	160000	1.284831	7.31	15775481	8283	-1009.5999999999999
1606461058.88	160000	1.600037	0.0	9163235	628	160.0
1606461062.01	160000	1.234272	1.768	41307095	2877	-122.88
1606461064.52	160000	1.366268	1.643	28763893	2370	-102.88
1606461066.12	160000	1.247845	0.476	21266416	1479	83.84
1606461069.91	160000	1.487809	3.03	23702229	3667	-324.8
1606461074.95	160000	1.269457	3.821	27580394	4902	-451.36
1606461078.83	160000	1.341362	2.952	20329780	3767	-312.32
1606461080.23	160000	1.294415	0.353	16109183	1316	103.52000000000001
1606461098.72	160000	1.383656	17.572	58830800	18076	-2651.52
1606461105.92	160000	1.47173	6.289	66935122	6894	-846.24
1606461107.16	160000	1.260472	0.033	15251076	1146	154.72
1606461109.83	160000	1.294714	1.704	16574034	2584	-112.63999999999999
1606461110.98	160000	1.499914	0.347	13009028	1078	104.47999999999999
1606461111.99	160000	1.487701	0.0	12791674	938	160.0
1606461113.05	160000	1.454418	0.026	11137898	993	155.84
1606461114.14	160000	1.363553	0.0	11485310	1022	160.0
1606461115.08	160000	1.425377	0.0	12428518	869	160.0
1606461115.87	160000	1.636205	0.0	9963766	730	160.0
1606461116.82	160000	1.684653	0.0	12189364	882	160.0
1606461117.66	160000	1.853126	0.0	10142396	770	160.0
1606461118.57	160000	1.942824	0.0	10185488	849	160.0
1606461119.77	160000	1.745997	0.0	14061455	1112	160.0
1606461121.35	160000	1.382044	0.223	20074099	1488	124.32
1606461131.38	160000	1.355599	9.003	46115254	9801	-1280.48
1606461134.94	160000	1.360118	2.562	40906522	3354	-249.92000000000002
1606461135.56	160000	1.738438	0.0	7891151	570	160.0
1606461138.48	160000	1.424104	1.595	21012466	2808	-95.19999999999999
1606461143.41	160000	1.270602	3.775	23519424	4808	-444.0
1606461145.87	160000	1.296603	1.495	18715420	2372	-79.19999999999999
1606461147.19	160000	1.292076	0.311	17000816	1229	110.24000000000001
1606461148.27	160000	1.354673	0.137	14448126	1001	138.07999999999998
1606461148.79	160000	1.829186	0.0	6958676	481	160.0
1606461149.48	160000	2.139706	0.0	9088791	632	160.0
1606461150.04	160000	2.588271	0.0	7211881	506	160.0
1606461150.28	160000	3.348392	0.0	3063586	214	160.0
1606461150.5	160000	4.129104	0.0	2782179	194	160.0
1606461151.26	160000	4.370515	0.0	9958410	698	160.0
1606461152.51	160000	4.118887	0.0	12158708	1180	160.0
1606461155.57	160000	2.062786	0.0	12300216	2982	160.0
1606461157.01	160000	1.616485	0.0	15815684	1356	160.0
1606461158.03	160000	1.599427	0.0	13526256	943	160.0
1606461158.87	160000	1.760616	0.0	11995130	770	160.0
1606461159.88	160000	1.749859	0.0	13394791	934	160.0
1606461161.62	160000	1.25523	0.242	14135828	1662	121.28
1606461166.18	160000	1.497733	3.804	15366126	4487	-448.64
1606461174.94	160000	1.302311	7.563	14248439	8689	-1050.08
1606461176.13	160000	1.36642	0.245	13843717	1112	120.8
1606461178.38	160000	1.362382	1.255	14665119	2181	-40.80000000000001
1606461180.33	160000	1.36785	0.948	21079187	1838	8.319999999999993
1606461182.7	160000	1.317091	1.32	25480074	2246	-51.19999999999999
1606461190.34	160000	1.388506	6.715	23021754	7524	-914.4000000000001
1606461202.65	160000	1.302633	11.217	27527834	12167	-1634.72
1606461209.76	160000	1.323115	6.126	26155848	6967	-820.16
1606461211.23	160000	1.450627	0.605	17849379	1387	63.2
1606461212.74	160000	1.306482	0.355	16546531	1415	103.2
1606461214.26	160000	1.412356	0.628	17718949	1429	59.519999999999996
1606461215.84	160000	1.291449	0.459	17337137	1489	86.56
1606461217.42	160000	1.253765	0.544	20008245	1475	72.96
1606461222.06	160000	1.298614	3.679	58430914	4356	-428.64
1606461223.31	160000	1.478775	0.427	16292703	1159	91.68
1606461225.33	160000	1.406658	0.956	25587422	1907	7.039999999999992
1606461227.56	160000	1.363353	1.183	23982306	2110	-29.28
1606461228.73	160000	1.297315	0.107	13347845	1105	142.88
1606461229.89	160000	1.390895	0.25	14337991	1085	120.0
1606461231.12	160000	1.406273	0.245	14584990	1159	120.8
1606461232.48	160000	1.401741	0.35	13962401	1288	104.0
1606461234.14	160000	1.25453	0.511	14393788	1583	78.24
1606461235.2	160000	1.266918	0.076	14649457	992	147.84
1606461236.43	160000	1.344007	0.302	13409715	1151	111.68
1606461237.83	160000	1.396756	0.453	13909605	1334	87.52
1606461239.22	160000	1.350824	0.343	13301968	1324	105.12
1606461240.92	160000	1.444351	0.798	19025846	1605	32.31999999999999
1606461245.18	160000	1.493026	3.3	19295426	4158	-368.0
1606461246.63	160000	1.293175	0.252	18261873	1363	119.68
