1606470873.03	40000	1.000999	0.017	334476	6	-2.719999999999999
1606470873.43	40000	1.898783	0.0	14648397	246	40.0
1606470873.96	60000	2.466145	0.0	20421673	359	40.0
1606470874.27	60000	3.158549	0.0	13063186	227	60.0
1606470874.49	60000	3.946267	0.0	8954217	155	60.0
1606470874.77	80000	4.666059	0.0	11497228	208	60.0
1606470874.95	80000	5.518037	0.0	6232523	134	80.0
1606470875.15	80000	6.316657	0.0	5425476	165	80.0
1606470878.88	80000	3.677163	0.0	29583867	3483	80.0
1606470881.06	110000	2.490289	0.0	28884539	2014	80.0
1606470883.67	110000	1.330144	0.444	26873304	2473	38.959999999999994
1606470884.89	110000	1.220817	0.046	33588177	1039	102.64
1606470885.34	110000	1.770913	0.0	25684661	303	110.0
1606470885.54	110000	2.573632	0.0	10838546	123	110.0
1606470885.93	160000	3.182284	0.0	22224402	256	110.0
1606470886.73	160000	3.383928	0.0	22578365	662	160.0
1606470887.1	160000	4.0106	0.0	8346702	317	160.0
1606470888.24	160000	3.876019	0.0	15775481	1038	160.0
1606470888.95	160000	4.169445	0.0	9163235	643	160.0
1606470893.2	160000	1.313671	0.399	41307095	4005	96.16
1606470894.2	160000	1.37952	0.064	28763893	835	149.76
1606470894.94	160000	1.637773	0.0	21266416	609	160.0
1606470895.52	160000	2.064969	0.0	23702229	440	160.0
1606470896.17	160000	2.410349	0.0	27580394	497	160.0
1606470896.64	160000	2.947773	0.0	20329780	334	160.0
1606470897.0	160000	3.581142	0.0	16109183	263	160.0
1606470898.35	160000	3.235696	0.0	58830800	883	160.0
1606470899.98	160000	2.612729	0.0	66935122	1252	160.0
1606470900.54	160000	3.043821	0.0	15251076	476	160.0
1606470901.19	160000	3.402888	0.0	16574034	540	160.0
1606470901.73	160000	3.862034	0.0	13009028	459	160.0
1606470902.61	160000	3.982241	0.0	12791674	804	160.0
1606470903.67	160000	3.918064	0.0	11137898	998	160.0
1606470904.66	160000	3.935947	0.0	11485310	914	160.0
1606470905.79	160000	3.802371	0.0	12428518	1063	160.0
1606470906.66	160000	3.939425	0.0	9963766	803	160.0
1606470907.61	160000	3.9823	0.0	12189364	886	160.0
1606470908.48	160000	4.119	0.0	10142396	804	160.0
1606470909.57	160000	4.024539	0.0	10185488	1034	160.0
1606470911.23	160000	3.366262	0.0	14061455	1580	160.0
1606470912.21	160000	3.390771	0.0	20074099	863	160.0
1606470913.28	160000	3.330597	0.0	46115254	797	160.0
1606470914.22	160000	3.381706	0.0	40906522	708	160.0
1606470914.53	160000	4.074181	0.0	7891151	259	160.0
1606470915.58	160000	4.027425	0.0	21012466	914	160.0
1606470917.36	160000	3.240784	0.0	23519424	1648	160.0
1606470917.86	160000	3.74534	0.0	18715420	385	160.0
1606470918.3	160000	4.307194	0.0	17000816	340	160.0
1606470918.66	160000	4.956216	0.0	14448126	269	160.0
1606470918.84	160000	5.770519	0.0	6958676	129	160.0
1606470919.07	160000	6.543981	0.0	9088791	169	160.0
1606470919.26	160000	7.355501	0.0	7211881	143	160.0
1606470919.35	160000	8.258632	0.0	3063586	63	160.0
1606470919.44	160000	9.174742	0.0	2782179	57	160.0
1606470919.71	160000	9.908362	0.0	9958410	206	160.0
1606470920.03	160000	10.585253	0.0	12158708	252	160.0
1606470920.31	160000	11.304221	0.0	12300216	206	160.0
1606470920.63	160000	11.983223	0.0	15815684	230	160.0
1606470920.91	160000	12.706527	0.0	13526256	196	160.0
1606470921.16	160000	13.463281	0.0	11995130	174	160.0
1606470921.52	160000	14.102344	0.0	13394791	285	160.0
1606470921.9	160000	14.722385	0.0	14135828	300	160.0
1606470922.75	160000	14.871259	0.0	15366126	766	160.0
1606470924.07	160000	14.553323	0.0	14248439	1239	160.0
1606470925.85	160000	13.768607	0.0	13843717	1708	160.0
1606470928.99	160000	11.629807	0.0	14665119	3051	160.0
1606470930.42	160000	11.204129	0.0	21079187	1306	160.0
1606470931.01	160000	11.618271	0.0	25480074	443	160.0
1606470931.5	160000	12.122945	0.0	23021754	360	160.0
1606470932.05	160000	12.58004	0.0	27527834	391	160.0
1606470932.55	160000	13.084051	0.0	26155848	327	160.0
1606470932.85	160000	13.77756	0.0	17849379	203	160.0
1606470933.15	160000	14.479598	0.0	16546531	189	160.0
1606470933.46	160000	15.169063	0.0	17718949	199	160.0
1606470933.76	160000	15.874191	0.0	17337137	195	160.0
1606470934.1	160000	16.535107	0.0	20008245	225	160.0
1606470934.96	160000	16.670604	0.0	58430914	553	160.0
1606470935.21	160000	17.424662	0.0	16292703	147	160.0
1606470935.52	160000	18.12154	0.0	25587422	163	160.0
1606470935.8	160000	18.838508	0.0	23982306	150	160.0
1606470935.97	160000	19.665432	0.0	13347845	84	160.0
1606470936.15	160000	20.494768	0.0	14337991	91	160.0
1606470936.32	160000	21.320975	0.0	14584990	93	160.0
1606470936.5	160000	22.143023	0.0	13962401	99	160.0
1606470936.69	160000	22.950243	0.0	14393788	108	160.0
1606470936.88	160000	23.764301	0.0	14649457	105	160.0
1606470937.05	160000	24.59365	0.0	13409715	95	160.0
1606470937.23	160000	25.418193	0.0	13909605	99	160.0
1606470937.41	160000	26.233783	0.0	13301968	97	160.0
1606470937.67	160000	26.979393	0.0	19025846	138	160.0
1606470937.92	160000	27.729094	0.0	19295426	141	160.0
1606470938.16	160000	28.489906	0.0	18261873	133	160.0
1606470938.41	160000	29.239546	0.0	19847604	131	160.0
1606470938.63	160000	30.024846	0.0	18767181	108	160.0
1606470938.88	160000	30.770141	0.0	22420858	129	160.0
1606470939.11	160000	31.542724	0.0	19324333	112	160.0
1606470939.35	160000	32.310994	0.0	20392234	117	160.0
1606470939.44	160000	33.214072	0.0	7671072	43	160.0
1606470939.65	160000	34.008015	0.0	17781906	108	160.0
1606470939.8	160000	34.853323	0.0	12839336	78	160.0
1606470939.94	160000	35.722735	0.0	10779770	66	160.0
1606470940.11	160000	36.545713	0.0	14606687	96	160.0
1606470940.62	160000	37.037109	0.0	41866951	267	160.0
1606470941.09	160000	37.573357	0.0	37238410	251	160.0
1606470941.28	160000	38.396273	0.0	14347759	96	160.0
1606470941.42	160000	39.242968	0.0	11399187	73	160.0
1606470941.55	160000	40.11107	0.0	10358641	67	160.0
1606470941.73	160000	40.938408	0.0	14315696	93	160.0
1606470942.01	160000	41.6611	0.0	23283631	149	160.0
1606470942.46	160000	42.20801	0.0	37521367	242	160.0
1606470942.73	160000	42.942235	0.0	22241104	142	160.0
1606470942.93	160000	43.74456	0.0	15813346	102	160.0
1606470943.13	160000	44.537322	0.0	17116450	112	160.0
1606470943.39	160000	45.286098	0.0	18867054	136	160.0
1606470943.6	160000	46.072001	0.0	17393609	116	160.0
1606470943.9	160000	46.775222	0.0	24759401	163	160.0
1606470944.21	160000	47.462358	0.0	25782433	173	160.0
1606470944.53	160000	48.142207	0.0	25885372	169	160.0
1606470944.86	160000	48.813387	0.0	26242011	185	160.0
1606470945.17	160000	49.508914	0.0	23865378	158	160.0
1606470945.48	160000	50.200176	0.0	25470681	162	160.0
1606470945.81	160000	50.87214	0.0	27258768	166	160.0
1606470946.02	160000	51.661806	0.0	17853711	110	160.0
1606470946.19	160000	52.490872	0.0	14829893	90	160.0
1606470946.52	160000	53.160687	0.0	27779697	169	160.0
1606470946.84	160000	53.847612	0.0	27714923	167	160.0
1606470947.14	160000	54.54421	0.0	25946474	156	160.0
1606470947.37	160000	55.317431	0.0	19596259	118	160.0
1606470947.64	160000	56.049199	0.0	23774167	139	160.0
1606470947.86	160000	56.826895	0.0	19373656	115	160.0
1606470948.14	160000	57.548609	0.0	23977420	143	160.0
1606470948.42	160000	58.269253	0.0	24493733	145	160.0
1606470948.59	160000	59.105159	0.0	14528511	83	160.0
1606470948.78	160000	59.91225	0.0	16841176	97	160.0
1606470949.99	160000	59.891955	0.0	16743604	111	160.0
1606470951.2	160000	59.642952	0.0	17975224	109	160.0
1606470951.97	160000	59.893941	0.0	22329548	150	160.0
1606470953.16	160000	59.644958	0.0	16001583	95	160.0
1606470953.91	160000	59.896017	0.0	18238584	143	160.0
1606470955.2	160000	59.646966	0.0	21308824	163	160.0
1606470955.95	160000	59.897945	0.0	17749058	142	160.0
1606470957.17	160000	59.649006	0.0	14127787	135	160.0
1606470957.91	160000	59.899938	0.0	17525699	144	160.0
1606470959.08	160000	59.651034	0.0	14240042	85	160.0
1606470959.84	160000	59.901934	0.0	20324139	144	160.0
1606470961.16	160000	59.652939	0.0	21993033	187	160.0
1606470962.74	160000	58.968831	0.0	18863108	1471	160.0
1606470964.2	160000	58.50419	0.0	15964734	1373	160.0
1606470964.54	160000	59.171221	0.0	8284939	282	160.0
1606470964.74	160000	59.970955	0.0	9004706	146	160.0
1606470965.9	160000	59.907937	0.0	6955279	112	160.0
1606470967.08	160000	59.658936	0.0	10701639	118	160.0
1606470968.26	160000	59.659956	0.0	9459459	113	160.0
1606470968.93	160000	59.910965	0.0	3212828	142	160.0
1606470970.0	160000	59.911933	0.0	2509989	46	160.0
1606470971.08	160000	59.662946	0.0	2004927	53	160.0
1606470972.1	160000	59.663966	0.0	591360	10	160.0
1606470973.68	160000	59.598706	0.0	2394426	54	160.0
1606470974.33	40000	1.000999	0.343	334476	329	-54.88
1606470978.07	40000	1.370907	2.831	14648397	3621	-412.96
1606470979.65	60000	1.442718	0.621	20421673	1429	-59.36
1606470980.0	60000	2.092358	0.0	13063186	276	60.0
1606470980.25	60000	2.870307	0.0	8954217	189	60.0
1606470980.56	80000	3.55592	0.0	11497228	240	60.0
1606470980.67	80000	4.445685	0.0	6232523	71	80.0
1606470980.77	80000	5.372409	0.0	5425476	63	80.0
1606470981.38	80000	5.798711	0.0	29583867	340	80.0
1606470981.9	110000	6.27524	0.0	28884539	349	80.0
1606470982.39	110000	6.806924	0.0	26873304	333	110.0
1606470982.99	110000	7.209224	0.0	33588177	405	110.0
1606470983.45	110000	7.756652	0.0	25684661	308	110.0
1606470983.63	110000	8.562646	0.0	10838546	114	110.0
1606470983.99	160000	9.20952	0.0	22224402	223	110.0
1606470984.34	160000	9.859816	0.0	22578365	224	160.0
1606470984.48	160000	10.726913	0.0	8346702	83	160.0
1606470984.74	160000	11.462964	0.0	15775481	160	160.0
1606470984.89	160000	12.312914	0.0	9163235	94	160.0
1606470985.59	160000	12.621187	0.0	41307095	422	160.0
1606470986.1	160000	13.101748	0.0	28763893	343	160.0
1606470986.5	160000	13.706778	0.0	21266416	255	160.0
1606470986.83	160000	14.374882	0.0	23702229	197	160.0
1606470987.21	160000	14.997459	0.0	27580394	219	160.0
1606470987.5	160000	15.7063	0.0	20329780	160	160.0
1606470987.75	160000	16.461901	0.0	16109183	147	160.0
1606470988.78	160000	16.431812	0.0	58830800	562	160.0
1606470989.78	160000	16.439168	0.0	66935122	629	160.0
1606470990.03	160000	17.181431	0.0	15251076	159	160.0
1606470990.31	160000	17.908514	0.0	16574034	176	160.0
1606470990.52	160000	18.695046	0.0	13009028	139	160.0
1606470990.73	160000	19.489639	0.0	12791674	121	160.0
1606470990.9	160000	20.320412	0.0	11137898	100	160.0
1606470991.07	160000	21.148328	0.0	11485310	104	160.0
1606470991.25	160000	21.965353	0.0	12428518	112	160.0
1606470991.4	160000	22.815862	0.0	9963766	91	160.0
1606470991.59	160000	23.637381	0.0	12189364	110	160.0
1606470991.73	160000	24.49502	0.0	10142396	73	160.0
1606470991.86	160000	25.360276	0.0	10185488	75	160.0
1606470992.05	160000	26.178292	0.0	14061455	103	160.0
1606470992.31	160000	26.917047	0.0	20074099	148	160.0
1606470992.9	160000	27.325787	0.0	46115254	328	160.0
1606470993.4	160000	27.827367	0.0	40906522	261	160.0
1606470993.5	160000	28.725639	0.0	7891151	49	160.0
1606470993.77	160000	29.460135	0.0	21012466	146	160.0
1606470994.08	160000	30.15047	0.0	23519424	179	160.0
1606470994.33	160000	30.898719	0.0	18715420	143	160.0
1606470994.56	160000	31.667946	0.0	17000816	129	160.0
1606470994.74	160000	32.493802	0.0	14448126	89	160.0
1606470994.83	160000	33.405374	0.0	6958676	42	160.0
1606470994.94	160000	34.29203	0.0	9088791	53	160.0
1606470995.04	160000	35.200802	0.0	7211881	42	160.0
1606470995.08	160000	36.15652	0.0	3063586	19	160.0
1606470995.12	160000	37.116112	0.0	2782179	17	160.0
1606470995.24	160000	37.998659	0.0	9958410	59	160.0
1606470995.38	160000	38.856804	0.0	12158708	72	160.0
1606470995.53	160000	39.7106	0.0	12300216	74	160.0
1606470995.73	160000	40.50888	0.0	15815684	107	160.0
1606470995.92	160000	41.323611	0.0	13526256	108	160.0
1606470996.09	160000	42.15795	0.0	11995130	96	160.0
1606470996.27	160000	42.976851	0.0	13394791	108	160.0
1606470996.46	160000	43.785954	0.0	14135828	113	160.0
