1606533957.54	40000	1.000999	0.021	334476	5	-3.3599999999999994
1606533957.9	20000	1.929655	0.0	11007815	182	0.0
1606533958.74	20000	2.176605	0.0	8849724	716	20.0
1606533959.09	20000	2.827619	0.0	3191121	253	20.0
1606533960.79	160000	2.173721	0.0	19639705	1445	20.0
1606533962.76	160000	1.248963	0.024	20946809	1775	156.16
1606533963.89	160000	1.344856	0.2	11895609	998	128.0
1606533964.63	160000	1.609732	0.0	7597636	621	160.0
1606533967.13	80000	1.296642	1.192	29583867	2215	-190.72
1606533968.08	60000	1.489974	0.142	9877442	797	17.28
1606533969.02	60000	1.552818	0.0	10988410	805	60.0
1606533970.26	60000	1.351742	0.035	15230785	1084	54.4
1606533971.32	60000	1.420075	0.127	13601559	924	39.68
1606533971.94	80000	1.80018	0.0	7412644	503	60.0
1606533973.05	110000	1.69031	0.0	12783186	969	80.0
1606533973.57	110000	2.164687	0.0	13101938	384	110.0
1606533973.94	160000	2.799631	0.0	8346702	245	110.0
1606533974.36	160000	3.378394	0.0	15775481	254	160.0
1606533974.63	160000	4.107282	0.0	9163235	148	160.0
1606533975.25	110000	4.499233	0.0	26576979	390	60.0
1606533975.66	110000	5.08601	0.0	19285617	231	110.0
1606533976.11	160000	5.632144	0.0	21266416	255	110.0
1606533976.64	160000	6.107518	0.0	23702229	319	160.0
1606533977.23	160000	6.518264	0.0	27580394	368	160.0
1606533977.68	160000	7.064106	0.0	20329780	274	160.0
1606533978.08	160000	7.672677	0.0	16109183	218	160.0
1606533985.07	160000	1.68452	0.0	58830800	6372	160.0
1606533985.34	20000	2.412825	0.0	11684632	126	-120.0
1606533985.44	20000	3.306996	0.0	1849732	19	20.0
1606533985.55	20000	4.199495	0.0	1942795	21	20.0
1606533985.66	20000	5.09541	0.0	1704756	18	20.0
1606533985.76	20000	5.990871	0.0	1697111	17	20.0
1606533985.87	20000	6.888208	0.0	1529441	12	20.0
1606533985.97	20000	7.78386	0.0	1568649	16	20.0
1606533986.07	20000	8.68437	0.0	1677618	11	20.0
1606533986.17	20000	9.588527	0.0	1415096	8	20.0
1606533986.27	20000	10.487426	0.0	1894067	13	20.0
1606533986.37	20000	11.395146	0.0	1186604	6	20.0
1606533986.46	20000	12.299217	0.0	1068386	8	20.0
1606533986.56	20000	13.201717	0.0	1700843	11	20.0
1606533986.67	20000	14.094612	0.0	2536859	18	20.0
1606533986.8	20000	14.960477	0.0	4742872	33	20.0
1606533986.94	20000	15.824147	0.0	4955535	35	20.0
1606533987.03	20000	16.732952	0.0	1260540	9	20.0
1606533987.15	20000	17.616955	0.0	3605246	21	20.0
1606533987.26	20000	18.508545	0.0	2770338	17	20.0
1606533987.36	20000	19.41104	0.0	1855168	11	20.0
1606533987.45	20000	20.316058	0.0	1666915	9	20.0
1606533987.55	20000	21.223164	0.0	1555467	9	20.0
1606533987.64	20000	22.13533	0.0	1008919	6	20.0
1606533987.73	20000	23.045908	0.0	1227619	7	20.0
1606533987.82	20000	23.958577	0.0	1015853	6	20.0
1606533987.9	20000	24.874947	0.0	384076	4	20.0
1606533987.98	20000	25.791353	0.0	295687	2	20.0
1606533988.08	20000	26.695058	0.0	1328674	14	20.0
1606533988.18	20000	27.596437	0.0	1492829	16	20.0
1606533988.28	20000	28.496015	0.0	1484812	17	20.0
1606533988.39	20000	29.391865	0.0	1868314	21	20.0
1606533988.49	20000	30.293103	0.0	1253406	13	20.0
1606533988.58	20000	31.204328	0.0	887933	10	20.0
1606533988.67	20000	32.110442	0.0	1153403	13	20.0
1606533988.77	20000	33.015302	0.0	1249023	13	20.0
1606533988.87	20000	33.916352	0.0	1423973	16	20.0
1606533988.96	20000	34.822297	0.0	1060162	13	20.0
1606533989.06	20000	35.727357	0.0	1080597	12	20.0
1606533989.16	20000	36.633355	0.0	1156442	11	20.0
1606533989.55	160000	37.238122	0.0	21079187	203	20.0
1606533990.02	160000	37.778177	0.0	25480074	247	160.0
1606533990.54	160000	38.253043	0.0	23021754	326	160.0
1606533991.16	160000	38.640985	0.0	27527834	390	160.0
1606533991.98	160000	38.819864	0.0	26155848	604	160.0
1606533992.63	160000	39.166728	0.0	17849379	469	160.0
1606533993.4	160000	39.39389	0.0	16546531	610	160.0
1606533997.82	160000	35.979011	0.0	17718949	4239	160.0
1606533999.19	160000	35.612104	0.0	17337137	1199	160.0
1606534000.97	160000	34.833039	0.0	20008245	1596	160.0
1606534004.69	110000	32.106497	0.0	44222240	3419	60.0
1606534006.05	160000	31.758445	0.0	16292703	1177	110.0
1606534008.48	160000	30.319794	0.0	25587422	2226	160.0
1606534009.48	160000	30.322445	0.0	23982306	797	160.0
1606534009.86	160000	30.939802	0.0	13347845	232	160.0
1606534010.26	160000	31.541923	0.0	14337991	251	160.0
1606534010.61	160000	32.194833	0.0	14584990	203	160.0
1606534010.95	160000	32.857638	0.0	13962401	193	160.0
1606534011.3	160000	33.516869	0.0	14393788	197	160.0
1606534011.63	160000	34.178237	0.0	14649457	186	160.0
1606534011.94	160000	34.868701	0.0	13409715	171	160.0
1606534012.27	160000	35.545992	0.0	13909605	176	160.0
1606534012.69	160000	36.122501	0.0	13301968	285	160.0
1606534013.28	160000	36.531851	0.0	19025846	408	160.0
1606534014.06	160000	36.75564	0.0	19295426	599	160.0
1606534017.2	160000	34.616288	0.0	18261873	2970	160.0
1606534020.39	160000	32.425601	0.0	19847604	2998	160.0
1606534022.23	160000	31.594423	0.0	18767181	1658	160.0
1606534023.37	160000	31.44783	0.0	22420858	945	160.0
1606534024.03	160000	31.789777	0.0	19324333	471	160.0
1606534024.72	160000	32.100983	0.0	20392234	507	160.0
1606534025.03	160000	32.790262	0.0	7671072	193	160.0
1606534025.63	160000	33.193967	0.0	17781906	426	160.0
1606534026.08	160000	33.746722	0.0	12839336	296	160.0
1606534026.45	160000	34.375545	0.0	10779770	241	160.0
1606534026.91	160000	34.917566	0.0	14606687	313	160.0
1606534028.09	160000	34.734072	0.0	41866951	864	160.0
1606534029.12	160000	34.70673	0.0	37238410	739	160.0
1606534029.53	160000	35.305568	0.0	14347759	257	160.0
1606534029.86	160000	35.9735	0.0	11399187	191	160.0
1606534030.17	160000	36.668464	0.0	10358641	174	160.0
1606534030.52	160000	37.309922	0.0	14315696	208	160.0
1606534031.04	160000	37.79369	0.0	23283631	319	160.0
1606534031.82	160000	38.017245	0.0	37521367	482	160.0
1606534032.28	160000	38.553043	0.0	22241104	274	160.0
1606534032.65	160000	39.188681	0.0	15813346	201	160.0
1606534033.03	160000	39.808929	0.0	17116450	217	160.0
1606534033.47	160000	40.371314	0.0	18867054	259	160.0
1606534034.88	160000	39.959023	0.0	17393609	1247	160.0
1606534037.38	160000	38.468924	0.0	24759401	2282	160.0
1606534038.22	160000	38.621712	0.0	25782433	633	160.0
1606534038.85	160000	38.999925	0.0	25885372	395	160.0
1606534039.43	160000	39.407963	0.0	26242011	370	160.0
1606534039.95	160000	39.897543	0.0	23865378	293	160.0
1606534040.47	160000	40.374118	0.0	25470681	307	160.0
1606534041.07	160000	40.776885	0.0	27258768	355	160.0
1606534041.48	160000	41.369272	0.0	17853711	229	160.0
1606534041.85	160000	41.996116	0.0	14829893	224	160.0
1606534042.49	160000	42.355102	0.0	27779697	418	160.0
1606534044.44	160000	41.407546	0.0	27714923	1732	160.0
1606534048.06	160000	38.794309	0.0	25946474	3389	160.0
1606534049.61	160000	38.236836	0.0	19596259	1379	160.0
1606534050.29	160000	38.559339	0.0	23774167	479	160.0
1606534050.77	160000	39.084636	0.0	19373656	293	160.0
1606534051.32	160000	39.531499	0.0	23977420	345	160.0
1606534051.86	160000	39.992273	0.0	24493733	339	160.0
1606534052.22	160000	40.639158	0.0	14528511	204	160.0
1606534052.7	160000	41.15309	0.0	16841176	319	160.0
1606534053.31	160000	41.552528	0.0	16743604	437	160.0
1606534054.64	160000	41.21759	0.0	17975224	1151	160.0
1606534055.26	160000	41.600021	0.0	22329548	424	160.0
1606534055.64	160000	42.223183	0.0	16001583	215	160.0
1606534055.99	160000	42.872502	0.0	18238584	168	160.0
1606534056.38	160000	43.479755	0.0	21308824	203	160.0
1606534056.75	160000	44.11554	0.0	17749058	199	160.0
1606534057.06	160000	44.813402	0.0	14127787	160	160.0
1606534057.42	160000	45.442827	0.0	17525699	198	160.0
1606534057.68	160000	46.188696	0.0	14240042	110	160.0
1606534058.02	160000	46.848927	0.0	20324139	156	160.0
1606534058.38	160000	47.486749	0.0	21993033	171	160.0
1606534059.01	160000	47.864773	0.0	18863108	442	160.0
1606534059.6	160000	48.274585	0.0	15964734	430	160.0
1606534060.29	160000	48.581142	0.0	8284939	576	160.0
1606534061.18	160000	48.696319	0.0	9004706	765	160.0
1606534061.91	160000	48.964572	0.0	6955279	621	160.0
1606534062.94	160000	48.936123	0.0	10701639	898	160.0
1606534063.79	160000	49.090007	0.0	9459459	722	160.0
1606534064.12	160000	49.760031	0.0	3212828	239	160.0
1606534064.39	160000	50.488398	0.0	2509989	187	160.0
1606534064.6	160000	51.283241	0.0	2004927	140	160.0
1606534064.69	160000	52.194451	0.0	591360	39	160.0
1606534064.89	160000	53.420459	0.0	2394426	160	160.0
1606534065.29	40000	1.000999	0.058	336477	22	-9.280000000000001
1606534066.87	160000	1.34282	0.642	14912671	1396	-62.72
1606534068.9	160000	1.443817	1.102	24265636	1772	-16.319999999999993
1606534076.63	160000	1.410436	6.649	22711544	7538	-903.8399999999999
1606534076.85	20000	2.194191	0.0	1661718	122	-120.0
1606534077.03	20000	3.011905	0.0	1315024	97	20.0
1606534077.17	20000	3.905394	0.0	698359	51	20.0
1606534077.3	20000	4.771257	0.0	730082	53	20.0
1606534077.65	20000	5.42682	0.0	4047415	238	20.0
1606534077.83	20000	6.262842	0.0	2863079	91	20.0
1606534078.06	20000	7.030783	0.0	4167844	132	20.0
1606534078.34	20000	7.750657	0.0	5571764	178	20.0
1606534078.6	20000	8.490825	0.0	4925652	158	20.0
1606534078.74	20000	9.357441	0.0	2030157	46	20.0
1606534078.88	20000	10.218623	0.0	2240782	50	20.0
1606534079.02	20000	11.079938	0.0	2211169	50	20.0
1606534079.11	20000	11.99115	0.0	382046	8	20.0
1606534079.22	20000	12.882618	0.0	1113969	25	20.0
1606534079.32	20000	13.783076	0.0	820127	19	20.0
1606534079.57	20000	14.531874	0.0	6357933	144	20.0
1606534079.79	20000	15.316765	0.0	4814284	109	20.0
1606534079.96	20000	16.142288	0.0	3419258	78	20.0
1606534080.15	20000	16.954907	0.0	3944328	90	20.0
1606534080.35	20000	17.758064	0.0	4284196	99	20.0
1606534080.51	20000	18.596896	0.0	3022025	69	20.0
1606534080.65	20000	19.456923	0.0	2248581	51	20.0
1606534081.01	20000	20.099482	0.0	9946363	233	20.0
1606534081.42	20000	20.692692	0.0	11684632	273	20.0
1606534081.93	160000	21.185489	0.0	15251076	347	20.0
