1606471381.04	40000	1.000999	0.042	334476	29	-6.719999999999999
1606471382.14	20000	1.326914	0.064	11007815	932	-10.24
1606471384.13	160000	1.293452	0.928	24265636	1699	-128.48
1606471386.42	160000	1.432517	1.413	22711544	2106	-66.08000000000001
1606471386.66	20000	2.200954	0.0	1661718	143	-120.0
1606471386.84	20000	3.017892	0.0	1315024	100	20.0
1606471386.95	20000	3.939166	0.0	698359	17	20.0
1606471387.05	20000	4.839847	0.0	730082	19	20.0
1606471387.26	20000	5.631122	0.0	4047415	102	20.0
1606471387.42	20000	6.466667	0.0	2863079	75	20.0
1606471387.63	20000	7.277334	0.0	4167844	110	20.0
1606471387.87	20000	8.040275	0.0	5571764	133	20.0
1606471388.02	20000	8.884891	0.0	4925652	56	20.0
1606471388.44	160000	9.469931	0.0	19559369	223	20.0
1606471388.89	160000	10.016642	0.0	22224402	254	160.0
1606471389.76	160000	10.151469	0.0	22578365	667	160.0
1606471390.41	160000	10.50227	0.0	8346702	526	160.0
1606471391.65	160000	10.264137	0.0	15775481	1077	160.0
1606471392.53	160000	10.380427	0.0	9163235	758	160.0
1606471396.45	160000	7.463676	0.0	41307095	3517	160.0
1606471397.51	160000	7.408384	0.0	28763893	823	160.0
1606471398.21	160000	7.704521	0.0	21266416	500	160.0
1606471398.86	160000	8.061315	0.0	23702229	429	160.0
1606471399.54	160000	8.383848	0.0	27580394	454	160.0
1606471399.74	40000	9.175676	0.0	5596063	92	-80.0
1606471399.87	20000	10.045884	0.0	2248581	37	0.0
1606471400.15	20000	10.770659	0.0	9946363	149	20.0
1606471400.46	20000	11.461849	0.0	11684632	175	20.0
1606471400.66	60000	12.266999	0.0	5395812	81	20.0
1606471400.97	110000	12.95917	0.0	10921784	163	60.0
1606471401.28	110000	13.649754	0.0	8768798	181	110.0
1606471401.69	160000	14.233638	0.0	12791674	262	110.0
1606471402.04	160000	14.88483	0.0	11137898	215	160.0
1606471402.37	160000	15.557425	0.0	11485310	193	160.0
1606471402.73	160000	16.204671	0.0	12428518	209	160.0
1606471403.08	160000	16.855205	0.0	9963766	215	160.0
1606471403.61	160000	17.322374	0.0	12189364	392	160.0
1606471404.08	160000	17.851799	0.0	10142396	333	160.0
1606471404.57	160000	18.363947	0.0	10185488	358	160.0
1606471405.66	160000	18.27219	0.0	14061455	944	160.0
1606471407.51	160000	17.426822	0.0	20074099	1661	160.0
1606471411.55	160000	14.388067	0.0	46115254	3653	160.0
1606471415.13	160000	11.808913	0.0	40906522	3278	160.0
1606471415.39	160000	12.553964	0.0	7891151	137	160.0
1606471415.94	160000	13.002489	0.0	21012466	362	160.0
1606471416.55	160000	13.397156	0.0	23519424	407	160.0
1606471417.06	160000	13.883325	0.0	18715420	324	160.0
1606471417.79	160000	14.157853	0.0	17000816	559	160.0
1606471418.92	160000	14.025954	0.0	14448126	983	160.0
1606471419.65	160000	14.299378	0.0	6958676	608	160.0
1606471420.19	160000	14.755417	0.0	9088791	422	160.0
1606471420.45	160000	15.494114	0.0	7211881	148	160.0
1606471420.61	160000	16.338724	0.0	3063586	62	160.0
1606471420.76	160000	17.190529	0.0	2782179	57	160.0
1606471421.09	160000	17.860724	0.0	9958410	204	160.0
1606471421.46	160000	18.493373	0.0	12158708	229	160.0
1606471421.83	160000	19.125741	0.0	12300216	228	160.0
1606471422.3	160000	19.653667	0.0	15815684	310	160.0
1606471422.73	160000	20.227333	0.0	13526256	280	160.0
1606471423.11	160000	20.841808	0.0	11995130	246	160.0
1606471423.46	160000	21.496176	0.0	13394791	192	160.0
1606471423.81	160000	22.142442	0.0	14135828	206	160.0
1606471424.22	160000	22.736752	0.0	15366126	250	160.0
1606471424.68	160000	23.280291	0.0	14248439	302	160.0
1606471425.13	160000	23.833036	0.0	13843717	292	160.0
1606471426.74	160000	23.225054	0.0	14665119	1458	160.0
1606471430.01	160000	20.954387	0.0	21079187	3070	160.0
1606471433.22	160000	18.742605	0.0	25480074	2987	160.0
1606471433.82	160000	19.13889	0.0	23021754	402	160.0
1606471434.47	160000	19.497831	0.0	27527834	429	160.0
1606471435.05	160000	19.914174	0.0	26155848	372	160.0
1606471435.33	110000	20.638559	0.0	11843178	136	60.0
1606471435.59	110000	21.378477	0.0	10916331	121	110.0
1606471435.87	110000	22.101604	0.0	12021075	138	110.0
1606471436.14	110000	22.832213	0.0	11809774	135	110.0
1606471436.26	20000	23.712888	0.0	2505586	28	-70.0
1606471436.49	20000	24.48286	0.0	9620218	108	20.0
1606471436.61	20000	25.366122	0.0	2561608	28	20.0
1606471436.75	20000	26.231867	0.0	3633991	40	20.0
1606471436.88	20000	27.096404	0.0	3324070	33	20.0
1606471436.98	20000	27.995402	0.0	1560020	17	20.0
1606471437.08	20000	28.895371	0.0	1429188	16	20.0
1606471437.18	20000	29.794724	0.0	1754144	16	20.0
1606471437.28	20000	30.69564	0.0	1626020	15	20.0
1606471437.38	20000	31.595421	0.0	1739228	15	20.0
1606471437.48	20000	32.495917	0.0	1722735	15	20.0
1606471437.58	20000	33.397658	0.0	1538145	14	20.0
1606471437.68	20000	34.301884	0.0	1473412	14	20.0
1606471437.78	20000	35.205241	0.0	1498968	14	20.0
1606471437.88	20000	36.099568	0.0	2247334	20	20.0
1606471438.01	20000	36.979388	0.0	3156442	29	20.0
1606471438.11	20000	37.876789	0.0	1895098	17	20.0
1606471438.42	160000	38.570605	0.0	19847604	125	20.0
1606471438.71	160000	39.279572	0.0	18767181	118	160.0
1606471439.04	160000	39.945382	0.0	22420858	141	160.0
1606471439.35	160000	40.636613	0.0	19324333	134	160.0
1606471439.69	160000	41.305642	0.0	20392234	144	160.0
1606471439.86	160000	42.134657	0.0	7671072	55	160.0
1606471440.16	160000	42.838685	0.0	17781906	124	160.0
1606471440.4	160000	43.595184	0.0	12839336	92	160.0
1606471440.61	160000	44.38333	0.0	10779770	79	160.0
1606471440.87	160000	45.127107	0.0	14606687	106	160.0
1606471441.46	160000	45.541343	0.0	41866951	284	160.0
1606471441.94	160000	46.060512	0.0	37238410	213	160.0
1606471442.17	160000	46.829752	0.0	14347759	83	160.0
1606471442.38	160000	47.624346	0.0	11399187	69	160.0
1606471442.57	160000	48.431609	0.0	10358641	63	160.0
1606471442.81	160000	49.196787	0.0	14315696	88	160.0
1606471443.18	160000	49.836441	0.0	23283631	148	160.0
1606471443.71	160000	50.294291	0.0	37521367	251	160.0
1606471444.07	160000	50.93561	0.0	22241104	150	160.0
1606471444.33	160000	51.672287	0.0	15813346	102	160.0
1606471444.61	160000	52.3965	0.0	17116450	110	160.0
1606471444.91	160000	53.098352	0.0	18867054	122	160.0
1606471445.19	160000	53.819526	0.0	17393609	112	160.0
1606471445.57	160000	54.443249	0.0	24759401	160	160.0
1606471445.95	160000	55.066481	0.0	25782433	158	160.0
1606471446.33	160000	55.687811	0.0	25885372	167	160.0
1606471446.71	160000	56.299222	0.0	26242011	173	160.0
1606471447.08	160000	56.932827	0.0	23865378	161	160.0
1606471447.47	160000	57.55879	0.0	25470681	166	160.0
1606471447.87	160000	58.145479	0.0	27258768	177	160.0
1606471448.16	160000	58.857089	0.0	17853711	115	160.0
1606471448.42	160000	59.601359	0.0	14829893	96	160.0
1606471449.31	160000	59.939701	0.0	27779697	169	160.0
1606471450.21	160000	59.940646	0.0	27714923	167	160.0
1606471451.08	160000	59.941615	0.0	25946474	157	160.0
1606471452.38	160000	59.692736	0.0	19596259	113	160.0
1606471453.23	160000	59.943645	0.0	23774167	144	160.0
1606471454.54	160000	59.69467	0.0	19373656	119	160.0
1606471455.38	160000	59.695634	0.0	23977420	142	160.0
1606471456.28	160000	59.946661	0.0	24493733	191	160.0
1606471457.55	160000	59.697666	0.0	14528511	112	160.0
1606471458.35	160000	59.698653	0.0	16841176	134	160.0
1606471459.18	160000	59.949644	0.0	16743604	160	160.0
1606471460.51	160000	59.70066	0.0	17975224	153	160.0
1606471461.35	160000	59.701722	0.0	22329548	135	160.0
1606471462.13	160000	59.952666	0.0	16001583	113	160.0
1606471463.44	160000	59.703698	0.0	18238584	139	160.0
1606471465.13	160000	58.905965	0.0	21308824	1505	160.0
1606471466.93	160000	58.104662	0.0	17749058	1633	160.0
1606471467.54	160000	58.493339	0.0	14127787	467	160.0
1606471468.0	160000	59.040512	0.0	17525699	284	160.0
1606471468.38	160000	59.662983	0.0	14240042	231	160.0
1606471469.28	160000	59.959664	0.0	20324139	221	160.0
1606471470.24	160000	59.96066	0.0	21993033	259	160.0
1606471471.2	160000	59.845721	0.0	18863108	781	160.0
1606471472.21	160000	59.962656	0.0	15964734	334	160.0
1606471473.51	160000	59.713735	0.0	8284939	175	160.0
1606471474.28	160000	59.964764	0.0	9004706	152	160.0
1606471475.56	160000	59.715727	0.0	6955279	158	160.0
1606471476.49	160000	59.716702	0.0	10701639	305	160.0
1606471480.46	160000	56.588317	0.0	9459459	3831	160.0
1606471480.82	160000	57.229765	0.0	3212828	260	160.0
1606471481.11	160000	57.938661	0.0	2509989	202	160.0
1606471481.34	160000	58.707173	0.0	2004927	161	160.0
1606471481.44	160000	59.61346	0.0	591360	41	160.0
1606471482.65	160000	59.906398	0.0	2394426	165	160.0
1606471482.96	40000	1.000999	0.024	336477	7	-3.8400000000000034
1606471483.38	20000	1.889798	0.0	11007815	232	0.0
1606471483.61	20000	2.663728	0.0	8849724	99	20.0
1606471483.74	20000	3.533202	0.0	3191121	37	20.0
1606471483.85	20000	4.429029	0.0	1661718	19	20.0
1606471483.95	20000	5.329958	0.0	1315024	15	20.0
1606471484.04	20000	6.24096	0.0	698359	7	20.0
1606471484.13	20000	7.152919	0.0	730082	8	20.0
1606471484.27	20000	8.007033	0.0	4047415	47	20.0
1606471484.4	20000	8.882829	0.0	2863079	31	20.0
1606471484.55	20000	9.732425	0.0	4167844	51	20.0
1606471484.72	20000	10.561504	0.0	5571764	69	20.0
1606471484.89	20000	11.422771	0.0	4925652	61	20.0
1606471485.0	20000	12.310586	0.0	2030157	25	20.0
1606471485.11	20000	13.194578	0.0	2240782	27	20.0
1606471485.23	20000	14.078494	0.0	2211169	26	20.0
1606471485.35	60000	14.9639	0.0	1942216	24	20.0
1606471485.51	60000	15.825497	0.0	4718233	56	60.0
1606471485.65	60000	16.690715	0.0	3263003	39	60.0
1606471486.04	60000	17.301662	0.0	15945082	194	60.0
1606471486.67	160000	17.663864	0.0	28763893	340	60.0
1606471487.08	160000	18.263072	0.0	21266416	211	160.0
1606471487.53	160000	18.814491	0.0	23702229	239	160.0
1606471488.03	160000	19.309626	0.0	27580394	281	160.0
1606471488.43	160000	19.916122	0.0	20329780	208	160.0
1606471488.79	160000	20.557374	0.0	16109183	191	160.0
1606471490.09	160000	20.256794	0.0	58830800	665	160.0
1606471491.1	160000	20.242975	0.0	66935122	577	160.0
1606471491.41	160000	20.939982	0.0	15251076	147	160.0
1606471491.73	160000	21.616467	0.0	16574034	155	160.0
