1606530089.31	40000	1.000999	0.051	334476	27	-8.16
1606530090.4	20000	1.440784	0.182	11007815	929	-29.12
1606530091.42	20000	1.44278	0.0	8849724	894	20.0
1606530092.07	20000	1.816734	0.0	3191121	553	20.0
1606530092.29	20000	2.596203	0.0	1661718	134	20.0
1606530092.49	20000	3.404922	0.0	1315024	104	20.0
1606530092.62	20000	4.266668	0.0	698359	55	20.0
1606530092.77	20000	5.126737	0.0	730082	58	20.0
1606530093.19	20000	5.703051	0.0	4047415	325	20.0
1606530093.51	20000	6.382294	0.0	2863079	229	20.0
1606530093.94	20000	6.950401	0.0	4167844	334	20.0
1606530094.19	20000	7.701697	0.0	5571764	135	20.0
1606530094.35	20000	8.546288	0.0	4925652	54	20.0
1606530094.46	20000	9.435301	0.0	2030157	22	20.0
1606530094.58	20000	10.322071	0.0	2240782	24	20.0
1606530094.69	20000	11.208819	0.0	2211169	24	20.0
1606530094.78	20000	12.124309	0.0	382046	3	20.0
1606530094.87	20000	13.029351	0.0	1113969	13	20.0
1606530094.96	20000	13.938919	0.0	820127	9	20.0
1606530095.15	20000	14.758564	0.0	6357933	69	20.0
1606530095.3	20000	15.608657	0.0	4814284	46	20.0
1606530095.76	160000	16.147458	0.0	21266416	205	20.0
1606530096.23	160000	16.682072	0.0	23702229	229	160.0
1606530096.96	160000	16.949559	0.0	27580394	509	160.0
1606530098.79	160000	16.122162	0.0	20329780	1645	160.0
1606530100.16	160000	15.753863	0.0	16109183	1203	160.0
1606530105.37	160000	11.545648	0.0	58830800	4566	160.0
1606530110.79	160000	7.126596	0.0	66935122	4984	160.0
1606530111.27	160000	7.640398	0.0	15251076	324	160.0
1606530111.76	160000	8.155615	0.0	16574034	318	160.0
1606530112.15	160000	8.764114	0.0	13009028	249	160.0
1606530112.55	160000	9.365783	0.0	12791674	258	160.0
1606530112.91	160000	10.007746	0.0	11137898	225	160.0
1606530113.28	160000	10.639291	0.0	11485310	235	160.0
1606530113.63	160000	11.285738	0.0	12428518	208	160.0
1606530113.93	160000	11.988009	0.0	9963766	168	160.0
1606530114.28	160000	12.645926	0.0	12189364	207	160.0
1606530114.57	160000	13.356384	0.0	10142396	163	160.0
1606530114.86	160000	14.064609	0.0	10185488	163	160.0
1606530115.23	160000	14.690303	0.0	14061455	227	160.0
1606530117.39	160000	13.537944	0.0	20074099	1964	160.0
1606530128.21	160000	3.717738	0.0	46115254	10484	160.0
1606530128.69	20000	4.234495	0.0	4955535	377	-120.0
1606530128.87	20000	5.053419	0.0	1260540	97	20.0
1606530129.25	20000	5.679907	0.0	3605246	278	20.0
1606530129.58	20000	6.351046	0.0	2770338	236	20.0
1606530129.83	20000	7.10265	0.0	1855168	158	20.0
1606530130.06	20000	7.872997	0.0	1666915	142	20.0
1606530130.28	20000	8.655333	0.0	1555467	132	20.0
1606530130.55	60000	9.382749	0.0	2581365	179	20.0
1606530131.31	160000	9.623848	0.0	9088791	632	60.0
1606530132.16	160000	9.78018	0.0	7211881	734	160.0
1606530132.43	160000	10.503309	0.0	3063586	185	160.0
1606530132.63	160000	11.311283	0.0	2782179	101	160.0
1606530133.12	160000	11.824022	0.0	9958410	364	160.0
1606530133.73	160000	12.214265	0.0	12158708	475	160.0
1606530134.37	160000	12.574779	0.0	12300216	501	160.0
1606530135.37	160000	12.568691	0.0	15815684	841	160.0
1606530137.21	160000	11.731849	0.0	13526256	1692	160.0
1606530139.77	160000	10.172041	0.0	11995130	2426	160.0
1606530143.2	160000	7.745779	0.0	13394791	3277	160.0
1606530144.65	160000	7.294405	0.0	14135828	1291	160.0
1606530145.12	60000	7.828486	0.0	5270336	357	-40.0
1606530145.5	60000	8.451864	0.0	4123549	278	60.0
1606530146.01	80000	8.94334	0.0	5922485	396	60.0
1606530146.55	80000	9.398791	0.0	6487715	435	80.0
1606530147.4	80000	9.556365	0.0	10395993	711	80.0
1606530148.53	80000	9.420621	0.0	12476436	994	80.0
1606530149.46	80000	9.492197	0.0	10883852	796	80.0
1606530151.23	110000	8.721562	0.0	19021488	1567	80.0
1606530152.86	160000	8.099229	0.0	26155848	1410	110.0
1606530153.51	160000	8.448657	0.0	17849379	484	160.0
1606530154.09	160000	8.865855	0.0	16546531	410	160.0
1606530154.73	160000	9.237889	0.0	17718949	460	160.0
1606530155.4	160000	9.563129	0.0	17337137	499	160.0
1606530157.1	160000	8.858498	0.0	20008245	1510	160.0
1606530161.9	160000	5.06355	0.0	58430914	4404	160.0
1606530163.38	160000	4.58017	0.0	16292703	1316	160.0
1606530165.72	160000	3.24479	0.0	25587422	2124	160.0
1606530167.82	160000	2.140999	0.0	23982306	1903	160.0
1606530169.0	160000	1.975293	0.0	13347845	1022	160.0
1606530170.41	160000	1.552893	0.0	14337991	1266	160.0
1606530171.88	160000	1.316334	0.232	14584990	1331	122.88
1606530173.21	160000	1.298294	0.313	13962401	1179	109.92
1606530173.84	160000	1.674443	0.0	14393788	481	160.0
1606530174.24	160000	2.275753	0.0	14649457	247	160.0
1606530174.61	160000	2.904655	0.0	13409715	229	160.0
1606530174.92	160000	3.597162	0.0	13909605	164	160.0
1606530175.22	160000	4.300061	0.0	13301968	156	160.0
1606530175.62	160000	4.897125	0.0	19025846	224	160.0
1606530175.99	160000	5.530525	0.0	19295426	195	160.0
1606530176.34	160000	6.179999	0.0	18261873	184	160.0
1606530176.72	160000	6.798236	0.0	19847604	200	160.0
1606530177.08	160000	7.441189	0.0	18767181	181	160.0
1606530177.5	160000	8.027563	0.0	22420858	217	160.0
1606530177.9	160000	8.625042	0.0	19324333	208	160.0
1606530178.32	160000	9.211413	0.0	20392234	228	160.0
1606530178.52	160000	10.00997	0.0	7671072	86	160.0
1606530178.86	160000	10.663653	0.0	17781906	179	160.0
1606530179.14	160000	11.397936	0.0	12839336	127	160.0
1606530179.38	160000	12.151287	0.0	10779770	106	160.0
1606530179.67	160000	12.858607	0.0	14606687	144	160.0
1606530182.93	160000	10.598566	0.0	41866951	2940	160.0
1606530183.7	160000	10.833412	0.0	37238410	472	160.0
1606530184.39	160000	11.149258	0.0	14347759	535	160.0
1606530185.12	160000	11.416195	0.0	11399187	593	160.0
1606530185.96	160000	11.579788	0.0	10358641	697	160.0
1606530187.14	160000	11.397848	0.0	14315696	1034	160.0
1606530188.04	160000	11.506163	0.0	23283631	692	160.0
1606530188.82	160000	11.723783	0.0	37521367	486	160.0
1606530189.31	160000	12.230295	0.0	22241104	299	160.0
1606530189.7	160000	12.839103	0.0	15813346	227	160.0
1606530190.23	160000	13.315007	0.0	17116450	358	160.0
1606530190.8	160000	13.747024	0.0	18867054	396	160.0
1606530191.8	160000	13.749306	0.0	17393609	830	160.0
1606530194.49	160000	12.056502	0.0	24759401	2469	160.0
1606530196.88	160000	10.664899	0.0	25782433	2183	160.0
1606530198.98	160000	9.569347	0.0	25885372	1867	160.0
1606530199.57	160000	9.977749	0.0	26242011	377	160.0
1606530200.12	160000	10.429464	0.0	23865378	333	160.0
1606530200.68	160000	10.873635	0.0	25470681	350	160.0
1606530201.26	160000	11.291876	0.0	27258768	349	160.0
1606530201.66	160000	11.893894	0.0	17853711	229	160.0
1606530201.99	160000	12.560502	0.0	14829893	181	160.0
1606530202.55	160000	13.003508	0.0	27779697	337	160.0
1606530203.1	160000	13.451392	0.0	27714923	333	160.0
1606530203.63	160000	13.928712	0.0	25946474	310	160.0
1606530204.04	160000	14.516692	0.0	19596259	231	160.0
1606530204.52	160000	15.039841	0.0	23774167	279	160.0
1606530204.97	160000	15.603494	0.0	19373656	263	160.0
1606530205.74	160000	15.818006	0.0	23977420	573	160.0
1606530208.68	160000	13.882339	0.0	24493733	2725	160.0
1606530208.98	160000	14.586438	0.0	14528511	144	160.0
1606530209.25	160000	15.312627	0.0	16841176	110	160.0
1606530209.53	160000	16.037071	0.0	16743604	109	160.0
1606530209.82	160000	16.748917	0.0	17975224	117	160.0
1606530210.17	160000	17.401238	0.0	22329548	152	160.0
1606530210.44	160000	18.130291	0.0	16001583	109	160.0
1606530210.73	160000	18.837757	0.0	18238584	124	160.0
1606530211.06	160000	19.508837	0.0	21308824	134	160.0
1606530211.34	160000	20.229705	0.0	17749058	110	160.0
1606530211.58	160000	20.995398	0.0	14127787	87	160.0
1606530211.86	160000	21.715522	0.0	17525699	108	160.0
1606530212.16	160000	22.412541	0.0	14240042	154	160.0
1606530212.57	160000	23.00725	0.0	20324139	221	160.0
1606530213.0	160000	23.574572	0.0	21993033	230	160.0
1606530213.34	160000	24.240726	0.0	18863108	151	160.0
1606530213.63	160000	24.949779	0.0	15964734	129	160.0
1606530213.81	160000	25.765844	0.0	8284939	67	160.0
1606530214.06	160000	26.517288	0.0	9004706	125	160.0
1606530214.27	160000	27.309519	0.0	6955279	97	160.0
1606530214.64	160000	27.96673	0.0	10701639	113	160.0
1606530214.9	160000	28.707565	0.0	9459459	132	160.0
1606530215.04	160000	29.566984	0.0	3212828	44	160.0
1606530215.16	160000	30.443868	0.0	2509989	36	160.0
1606530215.26	160000	31.347715	0.0	2004927	28	160.0
1606530215.32	160000	32.289772	0.0	591360	8	160.0
1606530215.41	160000	33.628072	0.0	2394426	49	160.0
1606530215.74	40000	1.000999	0.045	336477	5	-7.200000000000003
1606530216.13	160000	1.923537	0.0	14912671	160	40.0
1606530216.67	160000	2.391739	0.0	24265636	243	160.0
1606530217.23	160000	2.828424	0.0	22711544	344	160.0
1606530217.82	160000	3.304887	0.0	19639705	399	160.0
1606530220.56	160000	1.692461	0.0	20946809	2538	160.0
1606530221.64	160000	1.612676	0.0	11895609	939	160.0
1606530226.35	160000	1.274179	3.374	7597636	4602	-379.84000000000003
1606530232.6	60000	1.323007	5.284	17832465	6071	-885.44
1606530233.04	20000	1.881575	0.0	2863079	342	-20.0
1606530233.4	20000	2.524019	0.0	4167844	257	20.0
1606530233.86	20000	3.071222	0.0	5571764	344	20.0
1606530234.29	20000	3.633983	0.0	4925652	331	20.0
1606530234.52	20000	4.412619	0.0	2030157	135	20.0
1606530234.75	20000	5.175611	0.0	2240782	149	20.0
1606530234.98	20000	5.947867	0.0	2211169	140	20.0
1606530235.08	20000	6.852636	0.0	382046	14	20.0
1606530235.21	20000	7.726141	0.0	1113969	43	20.0
1606530235.32	20000	8.612712	0.0	820127	32	20.0
1606530235.68	20000	9.2526	0.0	6357933	256	20.0
1606530236.44	80000	9.493381	0.0	14877694	601	20.0
1606530237.04	80000	9.897837	0.0	11453319	459	80.0
1606530237.57	80000	10.37073	0.0	13274781	382	80.0
1606530238.14	80000	10.795215	0.0	14862949	425	80.0
1606530238.5	60000	11.44432	0.0	8135330	230	40.0
1606530238.95	110000	11.992393	0.0	11073078	314	60.0
1606530240.45	110000	11.489295	0.0	44076779	1093	110.0
1606530242.59	160000	10.349426	0.0	66935122	1562	110.0
1606530243.12	160000	10.820133	0.0	15251076	372	160.0
