1606455081.75	40000	1.000999	0.032	334476	21	-5.119999999999997
1606455082.95	40000	1.435348	0.251	14648397	1053	-0.1599999999999966
1606455084.89	60000	1.275275	0.754	20421673	1781	-80.64
1606455085.98	60000	1.443452	0.211	13063186	1017	26.240000000000002
1606455086.65	60000	1.797131	0.0	8954217	613	60.0
1606455087.52	80000	1.949277	0.0	11497228	788	60.0
1606455087.98	80000	2.482046	0.0	6232523	426	80.0
1606455088.39	80000	3.073406	0.0	5425476	371	80.0
1606455090.94	80000	1.530087	0.0	29583867	2305	80.0
1606455093.18	110000	1.313497	1.024	28884539	2087	-83.84
1606455095.78	110000	1.338459	1.628	26873304	2469	-150.48000000000002
1606455098.58	110000	1.46713	1.925	33588177	2630	-198.0
1606455100.76	110000	1.393291	1.106	25684661	2055	-66.96000000000001
1606455101.57	110000	1.582378	0.0	10838546	742	110.0
1606455106.08	160000	1.251838	3.172	22224402	4373	-397.52
1606455107.66	160000	1.422586	0.753	22578365	1472	39.519999999999996
1606455108.01	160000	2.069993	0.0	8346702	298	160.0
1606455108.66	160000	2.420406	0.0	15775481	554	160.0
1606455108.91	160000	3.173394	0.0	9163235	191	160.0
1606455110.01	160000	3.076559	0.0	41307095	816	160.0
1606455110.65	160000	3.439282	0.0	28763893	476	160.0
1606455111.08	160000	4.017768	0.0	21266416	289	160.0
1606455111.53	160000	4.562106	0.0	23702229	309	160.0
1606455112.04	160000	5.050645	0.0	27580394	359	160.0
1606455112.44	160000	5.64965	0.0	20329780	262	160.0
1606455112.75	160000	6.343146	0.0	16109183	209	160.0
1606455113.85	160000	6.248052	0.0	58830800	637	160.0
1606455116.51	160000	4.593286	0.0	66935122	2292	160.0
1606455117.91	160000	4.180997	0.0	15251076	1314	160.0
1606455119.3	160000	3.796259	0.0	16574034	1284	160.0
1606455120.48	160000	3.613413	0.0	13009028	1106	160.0
1606455121.59	160000	3.506637	0.0	12791674	1031	160.0
1606455122.53	160000	3.568746	0.0	11137898	871	160.0
1606455123.41	160000	3.694136	0.0	11485310	806	160.0
1606455124.4	160000	3.697355	0.0	12428518	926	160.0
1606455125.28	160000	3.82441	0.0	9963766	812	160.0
1606455126.28	160000	3.824828	0.0	12189364	930	160.0
1606455127.1	160000	4.004677	0.0	10142396	759	160.0
1606455128.08	160000	4.026565	0.0	10185488	916	160.0
1606455129.31	160000	3.791774	0.0	14061455	1154	160.0
1606455130.82	160000	3.289088	0.0	20074099	1389	160.0
1606455134.52	160000	1.437521	0.852	46115254	3476	23.680000000000007
1606455135.88	160000	1.255525	0.114	40906522	1118	141.76
1606455136.04	160000	2.092808	0.0	7891151	106	160.0
1606455136.45	160000	2.682543	0.0	21012466	284	160.0
1606455136.91	160000	3.230677	0.0	23519424	319	160.0
1606455137.23	160000	3.902999	0.0	18715420	213	160.0
1606455137.52	160000	4.610248	0.0	17000816	193	160.0
1606455137.78	160000	5.360038	0.0	14448126	165	160.0
1606455137.9	160000	6.230693	0.0	6958676	77	160.0
1606455138.08	160000	7.055285	0.0	9088791	116	160.0
1606455138.22	160000	7.917664	0.0	7211881	92	160.0
1606455138.29	160000	8.853171	0.0	3063586	39	160.0
1606455138.34	160000	9.794462	0.0	2782179	35	160.0
1606455138.53	160000	10.608828	0.0	9958410	126	160.0
1606455138.76	160000	11.38326	0.0	12158708	154	160.0
1606455138.99	160000	12.148383	0.0	12300216	162	160.0
1606455139.33	160000	12.819155	0.0	15815684	231	160.0
1606455139.6	160000	13.543709	0.0	13526256	198	160.0
1606455139.85	160000	14.29808	0.0	11995130	175	160.0
1606455140.08	160000	15.070926	0.0	13394791	146	160.0
1606455140.3	160000	15.847776	0.0	14135828	142	160.0
1606455140.54	160000	16.606502	0.0	15366126	154	160.0
1606455140.77	160000	17.382973	0.0	14248439	143	160.0
1606455140.99	160000	18.16186	0.0	13843717	140	160.0
1606455141.24	160000	18.915141	0.0	14665119	154	160.0
1606455141.59	160000	19.561479	0.0	21079187	230	160.0
1606455142.01	160000	20.143336	0.0	25480074	277	160.0
1606455142.4	160000	20.759578	0.0	23021754	252	160.0
1606455142.85	160000	21.308539	0.0	27527834	301	160.0
1606455143.34	160000	21.816978	0.0	26155848	329	160.0
1606455143.67	160000	22.486938	0.0	17849379	231	160.0
1606455143.98	160000	23.176867	0.0	16546531	214	160.0
1606455145.61	160000	22.553587	0.0	17718949	1519	160.0
1606455147.13	160000	22.026102	0.0	17337137	1426	160.0
1606455148.71	160000	21.457602	0.0	20008245	1458	160.0
1606455150.98	160000	20.184661	0.0	58430914	1952	160.0
1606455151.65	160000	20.509389	0.0	16292703	574	160.0
1606455152.66	160000	20.501251	0.0	25587422	869	160.0
1606455156.73	160000	17.431635	0.0	23982306	3935	160.0
1606455157.21	160000	17.952672	0.0	13347845	402	160.0
1606455157.54	160000	18.627306	0.0	14337991	246	160.0
1606455157.88	160000	19.294377	0.0	14584990	251	160.0
1606455158.2	160000	19.970186	0.0	13962401	247	160.0
1606455158.55	160000	20.620956	0.0	14393788	270	160.0
1606455158.9	160000	21.269495	0.0	14649457	262	160.0
1606455159.2	160000	21.973979	0.0	13409715	221	160.0
1606455159.49	160000	22.680941	0.0	13909605	217	160.0
1606455159.78	160000	23.398811	0.0	13301968	206	160.0
1606455160.19	160000	23.989529	0.0	19025846	297	160.0
1606455160.6	160000	24.576066	0.0	19295426	303	160.0
1606455161.0	160000	25.176256	0.0	18261873	292	160.0
1606455161.45	160000	25.7325	0.0	19847604	326	160.0
1606455161.86	160000	26.315606	0.0	18767181	308	160.0
1606455162.35	160000	26.828157	0.0	22420858	359	160.0
1606455162.77	160000	27.414176	0.0	19324333	296	160.0
1606455163.22	160000	27.971987	0.0	20392234	328	160.0
1606455163.4	160000	28.781676	0.0	7671072	135	160.0
1606455163.82	160000	29.365648	0.0	17781906	315	160.0
1606455164.12	160000	30.062275	0.0	12839336	225	160.0
1606455164.37	160000	30.818436	0.0	10779770	180	160.0
1606455164.69	160000	31.49457	0.0	14606687	243	160.0
1606455165.62	160000	31.566702	0.0	41866951	687	160.0
1606455166.47	160000	31.722923	0.0	37238410	628	160.0
1606455166.81	160000	32.378897	0.0	14347759	266	160.0
1606455167.09	160000	33.100484	0.0	11399187	210	160.0
1606455167.32	160000	33.86877	0.0	10358641	167	160.0
1606455167.63	160000	34.560994	0.0	14315696	231	160.0
1606455168.14	160000	35.05276	0.0	23283631	374	160.0
1606455168.91	160000	35.287303	0.0	37521367	550	160.0
1606455169.37	160000	35.836515	0.0	22241104	329	160.0
1606455169.7	160000	36.495683	0.0	15813346	237	160.0
1606455170.06	160000	37.136744	0.0	17116450	256	160.0
1606455170.45	160000	37.753839	0.0	18867054	269	160.0
1606455170.79	160000	38.40651	0.0	17393609	247	160.0
1606455171.28	160000	38.917509	0.0	24759401	352	160.0
1606455171.8	160000	39.40416	0.0	25782433	369	160.0
1606455172.33	160000	39.872884	0.0	25885372	371	160.0
1606455172.86	160000	40.34391	0.0	26242011	383	160.0
1606455173.33	160000	40.874961	0.0	23865378	319	160.0
1606455173.77	160000	41.437262	0.0	25470681	294	160.0
1606455174.26	160000	41.946596	0.0	27258768	325	160.0
1606455174.55	160000	42.657702	0.0	17853711	182	160.0
1606455174.79	160000	43.420528	0.0	14829893	151	160.0
1606455175.23	160000	43.977986	0.0	27779697	288	160.0
1606455175.63	160000	44.580561	0.0	27714923	247	160.0
1606455176.01	160000	45.202962	0.0	25946474	231	160.0
1606455176.29	160000	45.923419	0.0	19596259	168	160.0
1606455176.63	160000	46.588804	0.0	23774167	203	160.0
1606455176.9	160000	47.318171	0.0	19373656	161	160.0
1606455177.23	160000	47.981843	0.0	23977420	199	160.0
1606455177.56	160000	48.656378	0.0	24493733	190	160.0
1606455177.76	160000	49.462889	0.0	14528511	112	160.0
1606455177.98	160000	50.235804	0.0	16841176	131	160.0
1606455178.21	160000	51.010494	0.0	16743604	130	160.0
1606455178.57	160000	51.651753	0.0	17975224	257	160.0
1606455179.02	160000	52.201962	0.0	22329548	319	160.0
1606455179.29	160000	52.936515	0.0	16001583	171	160.0
1606455179.54	160000	53.687576	0.0	18238584	145	160.0
1606455179.84	160000	54.394534	0.0	21308824	170	160.0
1606455180.08	160000	55.146665	0.0	17749058	141	160.0
1606455180.27	160000	55.96206	0.0	14127787	106	160.0
1606455180.49	160000	56.73574	0.0	17525699	128	160.0
1606455180.67	160000	57.554798	0.0	14240042	104	160.0
1606455180.94	160000	58.291028	0.0	20324139	150	160.0
1606455181.22	160000	59.007459	0.0	21993033	162	160.0
1606455181.46	160000	59.772444	0.0	18863108	122	160.0
1606455182.66	160000	59.72602	0.0	15964734	104	160.0
1606455183.27	160000	59.976927	0.0	8284939	58	160.0
1606455184.41	160000	59.977998	0.0	9004706	88	160.0
1606455185.53	160000	59.729021	0.0	6955279	67	160.0
1606455191.76	160000	54.481787	0.0	10701639	6161	160.0
1606455192.58	160000	54.661789	0.0	9459459	764	160.0
1606455192.88	160000	55.355875	0.0	3212828	279	160.0
1606455193.13	160000	56.115039	0.0	2509989	217	160.0
1606455193.33	160000	56.914167	0.0	2004927	181	160.0
1606455193.4	160000	57.844594	0.0	591360	55	160.0
1606455193.65	160000	59.030475	0.0	2394426	227	160.0
1606455193.91	40000	1.000999	0.061	337339	33	-9.759999999999998
1606455196.54	40000	1.403552	1.685	14648397	2502	-229.60000000000002
1606455197.12	60000	1.825221	0.0	20421673	412	40.0
1606455197.5	60000	2.476417	0.0	13063186	294	60.0
1606455197.77	60000	3.24195	0.0	8954217	219	60.0
1606455198.13	80000	3.931541	0.0	11497228	283	60.0
1606455198.31	80000	4.757476	0.0	6232523	134	80.0
1606455198.42	80000	5.642379	0.0	5425476	79	80.0
1606455199.1	80000	5.999257	0.0	29583867	434	80.0
1606455204.22	110000	1.909037	0.0	28884539	4938	80.0
1606455205.29	110000	1.843684	0.0	26873304	913	110.0
1606455206.67	110000	1.469119	0.0	33588177	1181	110.0
1606455207.66	110000	1.477658	0.0	25684661	840	110.0
1606455208.09	110000	2.050534	0.0	10838546	356	110.0
1606455208.98	160000	2.159088	0.0	22224402	757	110.0
1606455210.21	160000	1.92909	0.0	22578365	1096	160.0
1606455212.73	160000	1.323124	0.912	8346702	2471	14.080000000000013
1606455219.72	160000	1.475072	6.144	15775481	6906	-823.04
1606455220.4	160000	1.802196	0.0	9163235	617	160.0
1606455227.59	160000	1.382192	5.771	41307095	6940	-763.36
1606455230.9	160000	1.40286	2.336	28763893	3173	-213.76
1606455233.7	160000	1.48919	1.879	21266416	2678	-140.64
1606455236.04	160000	1.369352	1.224	23702229	2229	-35.84
1606455238.28	160000	1.326026	1.194	27580394	2101	-31.039999999999992
1606455240.18	160000	1.289331	0.861	20329780	1786	22.24000000000001
1606455246.94	160000	1.405814	5.877	16109183	6674	-780.32
1606455251.82	160000	1.029086	3.495	58830800	4440	-399.20000000000005
1606455256.21	160000	1.181162	3.545	66935122	4070	-407.20000000000005
1606455257.15	160000	1.325259	0.084	15251076	856	146.56
1606455258.21	160000	1.409099	0.144	16574034	975	136.96
1606455259.0	160000	1.618692	0.0	13009028	717	160.0
1606455259.71	160000	1.915006	0.0	12791674	631	160.0
1606455260.24	160000	2.389391	0.0	11137898	458	160.0
1606455260.76	160000	2.865532	0.0	11485310	455	160.0
1606455261.28	160000	3.350908	0.0	12428518	442	160.0
1606455261.69	160000	3.936588	0.0	9963766	355	160.0
1606455262.22	160000	4.409794	0.0	12189364	458	160.0
1606455262.66	160000	4.973586	0.0	10142396	366	160.0
1606455263.06	160000	5.567933	0.0	10185488	344	160.0
1606455263.62	160000	6.017314	0.0	14061455	469	160.0
1606455264.23	160000	6.401067	0.0	20074099	501	160.0
1606455265.48	160000	6.150761	0.0	46115254	997	160.0
1606455266.43	160000	6.203099	0.0	40906522	702	160.0
1606455266.62	160000	7.020389	0.0	7891151	131	160.0
1606455267.03	160000	7.609805	0.0	21012466	292	160.0
1606455267.49	160000	8.150942	0.0	23519424	326	160.0
1606455267.85	160000	8.79148	0.0	18715420	252	160.0
1606455268.16	160000	9.475641	0.0	17000816	220	160.0
1606455268.44	160000	10.20444	0.0	14448126	186	160.0
1606455268.57	160000	11.069667	0.0	6958676	90	160.0
1606455268.74	160000	11.904326	0.0	9088791	110	160.0
1606455268.87	160000	12.776791	0.0	7211881	82	160.0
1606455268.93	160000	13.716158	0.0	3063586	35	160.0
1606455268.99	160000	14.659965	0.0	2782179	31	160.0
1606455269.16	160000	15.489672	0.0	9958410	113	160.0
1606455269.37	160000	16.283075	0.0	12158708	138	160.0
1606455269.58	160000	17.068911	0.0	12300216	139	160.0
1606455269.84	160000	17.809177	0.0	15815684	165	160.0
1606455270.05	160000	18.597649	0.0	13526256	135	160.0
1606455270.24	160000	19.409936	0.0	11995130	120	160.0
1606455270.45	160000	20.199587	0.0	13394791	134	160.0
