1606449046.55	40000	1.000999	0.033	334476	21	-5.280000000000001
1606449047.7	40000	1.449329	0.252	14648397	1029	-0.3200000000000003
1606449049.3	60000	1.327165	0.455	20421673	1450	-32.8
1606449050.67	60000	1.420338	0.443	13063186	1299	-10.879999999999995
1606449051.56	60000	1.559435	0.0	8954217	828	60.0
1606449052.4	80000	1.732027	0.0	11497228	773	60.0
1606449053.03	80000	2.105171	0.0	6232523	584	80.0
1606449053.53	80000	2.606301	0.0	5425476	455	80.0
1606449056.03	80000	1.317841	0.21	29583867	2280	46.4
1606449058.42	110000	1.278386	1.353	28884539	2237	-136.48
1606449060.84	110000	1.382288	1.522	26873304	2287	-133.52
1606449062.5	110000	1.394958	0.669	33588177	1494	2.9599999999999937
1606449063.14	110000	1.751839	0.0	25684661	501	110.0
1606449063.42	110000	2.472466	0.0	10838546	211	110.0
1606449063.95	160000	2.947429	0.0	22224402	391	110.0
1606449064.48	160000	3.414952	0.0	22578365	391	160.0
1606449064.75	160000	4.144758	0.0	8346702	219	160.0
1606449065.26	160000	4.63553	0.0	15775481	414	160.0
1606449066.71	160000	4.186336	0.0	9163235	1392	160.0
1606449070.21	160000	1.686952	0.0	41307095	3218	160.0
1606449072.48	160000	1.331832	0.917	28763893	2126	13.280000000000001
1606449073.84	160000	1.499906	0.52	21266416	1241	76.8
1606449074.8	160000	1.538627	0.0	23702229	833	160.0
1606449076.03	160000	1.307001	0.0	27580394	1072	160.0
1606449081.63	160000	1.272368	4.564	20329780	5483	-570.24
1606449082.81	160000	1.31053	0.218	16109183	1094	125.12
1606449087.49	160000	1.197262	3.561	58830800	4284	-409.76
1606449092.71	160000	1.242561	4.268	66935122	4896	-522.88
1606449093.93	160000	1.385606	0.358	15251076	1138	102.72
1606449095.36	160000	1.494546	0.538	16574034	1349	73.92
1606449096.63	160000	1.283392	0.059	13009028	1204	150.56
1606449097.62	160000	1.321599	0.031	12791674	913	155.04
1606449098.61	160000	1.354594	0.026	11137898	930	155.84
1606449099.54	160000	1.429343	0.0	11485310	857	160.0
1606449100.63	160000	1.402368	0.061	12428518	1022	150.24
1606449101.53	160000	1.500478	0.0	9963766	842	160.0
1606449102.57	160000	1.457934	0.0	12189364	973	160.0
1606449103.34	160000	1.690575	0.0	10142396	709	160.0
1606449104.1	160000	1.93461	0.0	10185488	694	160.0
1606449105.15	160000	1.888686	0.0	14061455	970	160.0
1606449106.67	160000	1.410768	0.044	20074099	1406	152.96
1606449110.23	160000	1.263979	2.412	46115254	3332	-225.92000000000002
1606449113.42	160000	1.426005	2.349	40906522	2982	-215.83999999999997
1606449114.04	160000	1.801352	0.0	7891151	575	160.0
1606449115.88	160000	1.276938	0.312	21012466	1730	110.08
1606449117.86	160000	1.33985	1.039	23519424	1862	-6.240000000000009
1606449119.79	160000	1.379363	0.975	18715420	1834	4.0
1606449121.16	160000	1.354509	0.341	17000816	1283	105.44
1606449122.29	160000	1.447191	0.227	14448126	1062	123.68
1606449122.84	160000	1.904223	0.0	6958676	496	160.0
1606449123.74	160000	2.003854	0.0	9088791	843	160.0
1606449124.28	160000	2.468647	0.0	7211881	489	160.0
1606449124.51	160000	3.237124	0.0	3063586	208	160.0
1606449124.72	160000	4.026472	0.0	2782179	188	160.0
1606449125.58	160000	4.165303	0.0	9958410	804	160.0
1606449126.63	160000	4.127708	0.0	12158708	969	160.0
1606449127.85	160000	3.898474	0.0	12300216	1146	160.0
1606449129.04	160000	3.707515	0.0	15815684	1100	160.0
1606449130.14	160000	3.608712	0.0	13526256	1026	160.0
1606449131.21	160000	3.544946	0.0	11995130	998	160.0
1606449132.37	160000	3.386334	0.0	13394791	1086	160.0
1606449133.1	160000	3.651236	0.0	14135828	656	160.0
1606449133.65	160000	4.104899	0.0	15366126	462	160.0
1606449134.08	160000	4.674616	0.0	14248439	351	160.0
1606449134.47	160000	5.291327	0.0	13843717	308	160.0
1606449134.89	160000	5.867888	0.0	14665119	326	160.0
1606449135.5	160000	6.257314	0.0	21079187	492	160.0
1606449136.51	160000	6.252282	0.0	25480074	863	160.0
1606449137.37	160000	6.395834	0.0	23021754	722	160.0
1606449138.18	160000	6.58666	0.0	27527834	656	160.0
1606449138.88	160000	6.888192	0.0	26155848	547	160.0
1606449140.89	160000	5.871128	0.0	17849379	1911	160.0
1606449142.72	160000	5.043904	0.0	16546531	1733	160.0
1606449145.81	160000	2.957651	0.0	17718949	2977	160.0
1606449147.06	160000	2.704851	0.0	17337137	1148	160.0
1606449147.67	160000	3.094588	0.0	20008245	498	160.0
1606449148.9	160000	2.868209	0.0	58430914	912	160.0
1606449149.17	160000	3.600584	0.0	16292703	166	160.0
1606449149.57	160000	4.200138	0.0	25587422	260	160.0
1606449149.96	160000	4.814774	0.0	23982306	251	160.0
1606449150.17	160000	5.606298	0.0	13347845	126	160.0
1606449150.39	160000	6.387538	0.0	14337991	136	160.0
1606449150.61	160000	7.163385	0.0	14584990	139	160.0
1606449150.83	160000	7.948787	0.0	13962401	134	160.0
1606449151.07	160000	8.710764	0.0	14393788	150	160.0
1606449151.29	160000	9.490013	0.0	14649457	139	160.0
1606449151.49	160000	10.289065	0.0	13409715	128	160.0
1606449151.71	160000	11.077082	0.0	13909605	133	160.0
1606449151.91	160000	11.868084	0.0	13301968	125	160.0
1606449152.19	160000	12.59182	0.0	19025846	168	160.0
1606449152.46	160000	13.318381	0.0	19295426	165	160.0
1606449152.73	160000	14.05503	0.0	18261873	157	160.0
1606449153.02	160000	14.767547	0.0	19847604	170	160.0
1606449153.36	160000	15.430715	0.0	18767181	231	160.0
1606449153.75	160000	16.037029	0.0	22420858	275	160.0
1606449154.09	160000	16.693652	0.0	19324333	235	160.0
1606449154.45	160000	17.340109	0.0	20392234	243	160.0
1606449154.59	160000	18.199664	0.0	7671072	91	160.0
1606449154.91	160000	18.883142	0.0	17781906	212	160.0
1606449155.15	160000	19.644032	0.0	12839336	163	160.0
1606449155.35	160000	20.442195	0.0	10779770	138	160.0
1606449155.62	160000	21.176548	0.0	14606687	187	160.0
1606449156.71	160000	21.083621	0.0	41866951	847	160.0
1606449157.68	160000	21.120478	0.0	37238410	760	160.0
1606449158.01	160000	21.78288	0.0	14347759	259	160.0
1606449158.3	160000	22.502543	0.0	11399187	214	160.0
1606449158.55	160000	23.246192	0.0	10358641	194	160.0
1606449158.91	160000	23.888848	0.0	14315696	272	160.0
1606449159.41	160000	24.386886	0.0	23283631	380	160.0
1606449160.27	160000	24.528116	0.0	37521367	645	160.0
1606449160.98	160000	24.827756	0.0	22241104	574	160.0
1606449161.64	160000	25.166875	0.0	15813346	568	160.0
1606449162.77	160000	25.036403	0.0	17116450	1035	160.0
1606449166.35	160000	22.459307	0.0	18867054	3466	160.0
1606449167.85	160000	21.962456	0.0	17393609	1396	160.0
1606449169.87	160000	20.938384	0.0	24759401	1808	160.0
1606449171.76	160000	20.048371	0.0	25782433	1747	160.0
1606449173.76	160000	19.048785	0.0	25885372	1847	160.0
1606449178.44	160000	15.376067	0.0	26242011	4524	160.0
1606449186.08	160000	8.736192	0.0	23865378	7491	160.0
1606449188.0	160000	7.81569	0.0	25470681	1780	160.0
1606449190.38	160000	6.430341	0.0	27258768	2215	160.0
1606449191.25	160000	6.562664	0.0	17853711	768	160.0
1606449191.9	160000	6.917923	0.0	14829893	560	160.0
1606449193.05	160000	6.767151	0.0	27779697	993	160.0
1606449194.21	160000	6.605735	0.0	27714923	1003	160.0
1606449195.28	160000	6.544612	0.0	25946474	912	160.0
1606449197.91	160000	4.913061	0.0	19596259	2518	160.0
1606449200.0	160000	3.825547	0.0	23774167	1950	160.0
1606449201.52	160000	3.301085	0.0	19373656	1411	160.0
1606449203.38	160000	2.448242	0.0	23977420	1721	160.0
1606449206.02	160000	1.225995	0.418	24493733	2515	93.12
1606449206.74	160000	1.503096	0.0	14528511	640	160.0
1606449207.43	160000	1.815614	0.0	16841176	589	160.0
1606449207.96	160000	2.289401	0.0	16743604	428	160.0
1606449208.48	160000	2.762467	0.0	17975224	425	160.0
1606449209.08	160000	3.166374	0.0	22329548	459	160.0
1606449209.51	160000	3.743361	0.0	16001583	325	160.0
1606449209.98	160000	4.271965	0.0	18238584	367	160.0
1606449210.52	160000	4.733909	0.0	21308824	413	160.0
1606449210.95	160000	5.306149	0.0	17749058	311	160.0
1606449211.28	160000	5.972188	0.0	14127787	253	160.0
1606449211.76	160000	6.493651	0.0	17525699	378	160.0
1606449212.15	160000	7.101806	0.0	14240042	313	160.0
1606449213.99	160000	6.268033	0.0	20324139	1720	160.0
1606449214.92	160000	6.33352	0.0	21993033	816	160.0
1606449215.48	160000	6.772996	0.0	18863108	444	160.0
1606449215.88	160000	7.378061	0.0	15964734	301	160.0
1606449216.09	160000	8.170651	0.0	8284939	156	160.0
1606449216.31	160000	8.946843	0.0	9004706	169	160.0
1606449225.35	160000	1.442979	0.537	6955279	9001	74.08
1606449233.24	160000	1.480573	6.925	10701639	7830	-948.0
1606449233.96	160000	1.75854	0.0	9459459	665	160.0
1606449234.21	160000	2.513628	0.0	3212828	219	160.0
1606449234.4	160000	3.320521	0.0	2509989	170	160.0
1606449234.59	160000	4.136505	0.0	2004927	164	160.0
1606449234.65	160000	5.074033	0.0	591360	48	160.0
1606449234.87	160000	6.289755	0.0	2394426	197	160.0
1606449235.14	40000	1.000999	0.069	337339	12	-11.04
1606449236.41	40000	1.354965	0.341	14648397	1142	-14.560000000000002
1606449239.67	60000	1.432285	2.312	20421673	3115	-329.92
1606449240.83	60000	1.414236	0.087	13063186	1072	46.08
1606449241.48	60000	1.784155	0.0	8954217	598	60.0
1606449242.12	80000	2.143232	0.0	11497228	568	60.0
1606449242.47	80000	2.812809	0.0	6232523	308	80.0
1606449242.67	80000	3.617444	0.0	5425476	159	80.0
1606449243.74	80000	3.548663	0.0	29583867	837	80.0
1606449244.46	110000	3.828582	0.0	28884539	553	80.0
1606449245.07	110000	4.220667	0.0	26873304	456	110.0
1606449245.8	110000	4.490823	0.0	33588177	540	110.0
1606449246.34	110000	4.955325	0.0	25684661	389	110.0
1606449246.57	110000	5.721442	0.0	10838546	165	110.0
1606449247.06	160000	6.231053	0.0	22224402	359	110.0
1606449247.57	160000	6.722891	0.0	22578365	364	160.0
1606449256.83	160000	1.328243	2.865	8346702	9211	-298.4
1606449258.18	160000	1.44482	0.469	15775481	1268	84.96
1606449258.93	160000	1.701077	0.0	9163235	688	160.0
1606449262.63	160000	1.415873	2.413	41307095	3449	-226.07999999999998
1606449265.19	160000	1.32969	1.476	28763893	2418	-76.16
1606449266.8	160000	1.306486	0.581	21266416	1492	67.04
1606449268.53	160000	1.388337	0.813	23702229	1617	29.919999999999987
1606449270.94	160000	1.452381	1.476	27580394	2280	-76.16
1606449272.67	160000	1.424205	0.7	20329780	1616	48.0
1606449273.87	160000	1.37991	0.155	16109183	1119	135.2
