1606533466.61	40000	1.000999	0.016	334476	5	-2.5600000000000023
1606533467.0	40000	1.915422	0.0	14648397	243	40.0
1606533467.51	60000	2.515005	0.0	20421673	338	40.0
1606533475.54	60000	1.433814	5.886	13063186	7956	-881.76
1606533475.73	60000	2.243257	0.0	8954217	134	60.0
1606533475.97	80000	3.000215	0.0	11497228	173	60.0
1606533476.11	80000	3.884229	0.0	6232523	95	80.0
1606533476.23	80000	4.765745	0.0	5425476	82	80.0
1606533476.95	80000	5.050642	0.0	29583867	479	80.0
1606533477.61	110000	5.415912	0.0	28884539	478	80.0
1606533478.21	110000	5.817037	0.0	26873304	444	110.0
1606533480.06	110000	4.967331	0.0	33588177	1665	110.0
1606533482.15	110000	3.876868	0.0	25684661	1938	110.0
1606533483.12	110000	3.902704	0.0	10838546	901	110.0
1606533485.1	160000	2.924224	0.0	22224402	1841	110.0
1606533486.98	160000	2.04865	0.0	22578365	1740	160.0
1606533487.63	160000	2.3953	0.0	8346702	596	160.0
1606533488.98	160000	2.04713	0.0	15775481	1251	160.0
1606533489.71	160000	2.323486	0.0	9163235	668	160.0
1606533492.82	160000	1.296484	1.085	41307095	2856	-13.599999999999994
1606533494.27	160000	1.402896	0.558	28763893	1306	70.72
1606533494.88	160000	1.791736	0.0	21266416	477	160.0
1606533495.4	160000	2.272775	0.0	23702229	382	160.0
1606533495.95	160000	2.732512	0.0	27580394	381	160.0
1606533496.34	160000	3.345929	0.0	20329780	245	160.0
1606533496.63	160000	4.053239	0.0	16109183	194	160.0
1606533497.89	160000	3.788118	0.0	58830800	784	160.0
1606533503.81	160000	1.465702	2.596	66935122	5602	-255.36
1606533504.8	160000	1.481232	0.0	15251076	892	160.0
1606533505.16	160000	2.120847	0.0	16574034	260	160.0
1606533505.44	160000	2.83976	0.0	13009028	203	160.0
1606533505.71	160000	3.566221	0.0	12791674	199	160.0
1606533505.9	160000	4.381712	0.0	11137898	117	160.0
1606533506.1	160000	5.182593	0.0	11485310	117	160.0
1606533506.31	160000	5.976638	0.0	12428518	132	160.0
1606533506.48	160000	6.809168	0.0	9963766	107	160.0
1606533506.68	160000	7.610534	0.0	12189364	129	160.0
1606533506.81	160000	8.479184	0.0	10142396	71	160.0
1606533506.94	160000	9.345437	0.0	10185488	74	160.0
1606533507.13	160000	10.161012	0.0	14061455	97	160.0
1606533507.38	160000	10.906192	0.0	20074099	139	160.0
1606533507.95	160000	11.338544	0.0	46115254	314	160.0
1606533508.43	160000	11.861984	0.0	40906522	246	160.0
1606533508.53	160000	12.762774	0.0	7891151	47	160.0
1606533508.78	160000	13.509758	0.0	21012466	131	160.0
1606533509.19	160000	14.109421	0.0	23519424	267	160.0
1606533509.5	160000	14.79306	0.0	18715420	213	160.0
1606533509.8	160000	15.504966	0.0	17000816	188	160.0
1606533510.03	160000	16.272264	0.0	14448126	136	160.0
1606533510.14	160000	17.156448	0.0	6958676	70	160.0
1606533510.29	160000	18.012572	0.0	9088791	87	160.0
1606533510.4	160000	18.897964	0.0	7211881	70	160.0
1606533510.46	160000	19.843033	0.0	3063586	29	160.0
1606533510.51	160000	20.793229	0.0	2782179	27	160.0
1606533510.67	160000	21.631676	0.0	9958410	93	160.0
1606533510.92	160000	22.389417	0.0	12158708	173	160.0
1606533511.16	160000	23.140893	0.0	12300216	174	160.0
1606533511.48	160000	23.822119	0.0	15815684	224	160.0
1606533511.76	160000	24.548688	0.0	13526256	195	160.0
1606533512.11	160000	25.200944	0.0	11995130	278	160.0
1606533512.49	160000	25.817082	0.0	13394791	309	160.0
1606533512.92	160000	26.390455	0.0	14135828	347	160.0
1606533513.41	160000	26.897395	0.0	15366126	408	160.0
1606533514.26	160000	27.048182	0.0	14248439	768	160.0
1606533518.24	160000	24.070529	0.0	13843717	3895	160.0
1606533519.36	160000	23.953111	0.0	14665119	1028	160.0
1606533521.01	160000	23.303059	0.0	21079187	1525	160.0
1606533523.13	160000	22.185773	0.0	25480074	1971	160.0
1606533525.18	160000	21.141551	0.0	23021754	1906	160.0
1606533527.48	160000	19.83623	0.0	27527834	2150	160.0
1606533529.48	160000	18.842245	0.0	26155848	1832	160.0
1606533530.08	160000	19.242268	0.0	17849379	498	160.0
1606533530.47	160000	19.848727	0.0	16546531	290	160.0
1606533530.9	160000	20.423786	0.0	17718949	308	160.0
1606533531.24	160000	21.081548	0.0	17337137	240	160.0
1606533531.63	160000	21.689759	0.0	20008245	278	160.0
1606533532.73	160000	21.591878	0.0	58430914	774	160.0
1606533533.15	160000	22.172609	0.0	16292703	317	160.0
1606533533.84	160000	22.483525	0.0	25587422	548	160.0
1606533534.74	160000	22.591128	0.0	23982306	751	160.0
1606533537.13	160000	21.201639	0.0	13347845	2311	160.0
1606533538.83	160000	20.500354	0.0	14337991	1621	160.0
1606533541.33	160000	19.000071	0.0	14584990	2419	160.0
1606533542.65	160000	18.686451	0.0	13962401	1233	160.0
1606533543.45	160000	18.883561	0.0	14393788	721	160.0
1606533544.07	160000	19.266203	0.0	14649457	535	160.0
1606533544.47	160000	19.862881	0.0	13409715	327	160.0
1606533544.89	160000	20.446304	0.0	13909605	339	160.0
1606533545.31	160000	21.024405	0.0	13301968	335	160.0
1606533545.91	160000	21.429751	0.0	19025846	479	160.0
1606533546.47	160000	21.870214	0.0	19295426	449	160.0
1606533547.01	160000	22.32594	0.0	18261873	424	160.0
1606533547.56	160000	22.781126	0.0	19847604	425	160.0
1606533548.07	160000	23.26758	0.0	18767181	404	160.0
1606533548.66	160000	23.681723	0.0	22420858	457	160.0
1606533549.17	160000	24.176193	0.0	19324333	386	160.0
1606533549.69	160000	24.656651	0.0	20392234	404	160.0
1606533549.89	160000	25.459016	0.0	7671072	152	160.0
1606533550.3	160000	26.042594	0.0	17781906	300	160.0
1606533550.6	160000	26.75143	0.0	12839336	217	160.0
1606533550.85	160000	27.494996	0.0	10779770	193	160.0
1606533551.15	160000	28.204323	0.0	14606687	210	160.0
1606533551.96	160000	28.387216	0.0	41866951	574	160.0
1606533552.65	160000	28.704153	0.0	37238410	460	160.0
1606533552.91	160000	29.444745	0.0	14347759	178	160.0
1606533553.12	160000	30.231205	0.0	11399187	143	160.0
1606533553.32	160000	31.031143	0.0	10358641	130	160.0
1606533553.59	160000	31.763727	0.0	14315696	181	160.0
1606533554.02	160000	32.33622	0.0	23283631	296	160.0
1606533557.2	160000	30.157356	0.0	37521367	2961	160.0
1606533558.44	160000	29.920533	0.0	22241104	1114	160.0
1606533558.94	160000	30.423372	0.0	15813346	388	160.0
1606533559.29	160000	31.072126	0.0	17116450	252	160.0
1606533559.67	160000	31.696329	0.0	18867054	268	160.0
1606533560.02	160000	32.349542	0.0	17393609	247	160.0
1606533560.46	160000	32.900218	0.0	24759401	301	160.0
1606533560.92	160000	33.447578	0.0	25782433	311	160.0
1606533561.41	160000	33.952041	0.0	25885372	329	160.0
1606533561.91	160000	34.458786	0.0	26242011	343	160.0
1606533562.41	160000	34.961958	0.0	23865378	347	160.0
1606533562.93	160000	35.438562	0.0	25470681	383	160.0
1606533564.29	160000	35.078189	0.0	27258768	1190	160.0
1606533566.44	160000	33.931457	0.0	17853711	2045	160.0
1606533568.57	160000	32.807118	0.0	14829893	2042	160.0
1606533570.39	160000	31.982757	0.0	27779697	1655	160.0
1606533571.09	160000	32.280658	0.0	27714923	550	160.0
1606533571.62	160000	32.75723	0.0	25946474	371	160.0
1606533572.01	160000	33.365697	0.0	19596259	280	160.0
1606533572.47	160000	33.903773	0.0	23774167	329	160.0
1606533572.85	160000	34.52588	0.0	19373656	267	160.0
1606533573.44	160000	34.942012	0.0	23977420	454	160.0
1606533574.28	160000	35.097393	0.0	24493733	708	160.0
1606533575.26	160000	35.121557	0.0	14528511	894	160.0
1606533575.68	160000	35.706661	0.0	16841176	320	160.0
1606533576.1	160000	36.288603	0.0	16743604	317	160.0
1606533576.37	160000	37.01101	0.0	17975224	169	160.0
1606533576.71	160000	37.673004	0.0	22329548	211	160.0
1606533576.96	160000	38.426685	0.0	16001583	151	160.0
1606533577.25	160000	39.137549	0.0	18238584	185	160.0
1606533577.62	160000	39.773317	0.0	21308824	241	160.0
1606533577.92	160000	40.470868	0.0	17749058	201	160.0
1606533578.16	160000	41.23469	0.0	14127787	158	160.0
1606533578.39	160000	41.999427	0.0	17525699	136	160.0
1606533578.58	160000	42.810017	0.0	14240042	110	160.0
1606533578.86	160000	43.537928	0.0	20324139	158	160.0
1606533579.15	160000	44.241311	0.0	21993033	172	160.0
1606533579.76	160000	44.636728	0.0	18863108	489	160.0
1606533580.42	160000	44.98104	0.0	15964734	559	160.0
1606533581.05	160000	45.349913	0.0	8284939	576	160.0
1606533581.89	160000	45.506956	0.0	9004706	785	160.0
1606533582.56	160000	45.841261	0.0	6955279	620	160.0
1606533583.53	160000	45.875008	0.0	10701639	903	160.0
1606533584.31	160000	46.094633	0.0	9459459	725	160.0
1606533584.59	160000	46.81739	0.0	3212828	239	160.0
1606533584.8	160000	47.606734	0.0	2509989	186	160.0
1606533584.97	160000	48.437758	0.0	2004927	149	160.0
1606533585.02	160000	49.381276	0.0	591360	43	160.0
1606533585.22	160000	50.623886	0.0	2394426	169	160.0
1606533585.48	40000	1.000999	0.041	337339	24	-6.560000000000002
1606533586.82	40000	1.405808	0.366	14648397	1203	-18.560000000000002
1606533588.53	60000	1.452006	0.725	20421673	1555	-76.0
1606533589.58	60000	1.443362	0.035	13063186	974	54.4
1606533595.84	60000	1.271719	5.04	8954217	6203	-746.4
1606533598.63	80000	1.259316	1.758	11497228	366	-221.27999999999997
1606533598.87	80000	2.017383	0.0	6232523	199	80.0
1606533599.1	80000	2.795431	0.0	5425476	185	80.0
1606533600.05	80000	2.839171	0.0	29583867	706	80.0
1606533600.89	110000	3.00573	0.0	28884539	661	80.0
1606533601.67	110000	3.226331	0.0	26873304	627	110.0
1606533602.65	110000	3.250827	0.0	33588177	773	110.0
1606533603.5	110000	3.403398	0.0	25684661	691	110.0
1606533608.74	110000	1.276197	2.12	10838546	5181	-229.2
1606533609.45	160000	1.574176	0.0	22224402	565	110.0
1606533610.09	160000	1.931387	0.0	22578365	509	160.0
1606533610.33	160000	2.693771	0.0	8346702	187	160.0
1606533610.75	160000	3.270063	0.0	15775481	325	160.0
1606533611.0	160000	4.02092	0.0	9163235	184	160.0
1606533612.21	160000	3.815266	0.0	41307095	926	160.0
1606533613.33	160000	3.696203	0.0	28763893	953	160.0
1606533616.19	160000	1.838838	0.0	21266416	2720	160.0
1606533618.12	160000	1.400128	0.501	23702229	1818	79.84
1606533621.3	160000	1.403799	2.176	27580394	3040	-188.16000000000003
1606533622.68	160000	1.331158	0.305	20329780	1262	111.2
1606533623.47	160000	1.537266	0.0	16109183	696	160.0
1606533626.42	160000	1.376105	1.787	58830800	2526	-125.92000000000002
1606533630.58	160000	1.409811	3.18	66935122	3813	-348.8
1606533631.29	160000	1.69696	0.0	15251076	608	160.0
1606533635.51	160000	1.363609	2.887	16574034	4124	-301.92
1606533636.11	160000	1.767568	0.0	13009028	520	160.0
1606533636.63	160000	2.239698	0.0	12791674	453	160.0
1606533637.01	160000	2.863791	0.0	11137898	310	160.0
1606533637.4	160000	3.475986	0.0	11485310	318	160.0
1606533638.05	160000	3.825232	0.0	12428518	579	160.0
1606533638.54	160000	4.336453	0.0	9963766	429	160.0
1606533638.93	160000	4.945233	0.0	12189364	319	160.0
1606533639.26	160000	5.618289	0.0	10142396	266	160.0
1606533639.64	160000	6.243457	0.0	10185488	302	160.0
1606533640.22	160000	6.666125	0.0	14061455	495	160.0
1606533640.79	160000	7.096994	0.0	20074099	453	160.0
1606533642.43	160000	6.459179	0.0	46115254	1374	160.0
1606533645.37	160000	4.51434	0.0	40906522	2699	160.0
1606533645.63	160000	5.264325	0.0	7891151	200	160.0
1606533646.14	160000	5.75081	0.0	21012466	381	160.0
1606533646.67	160000	6.215195	0.0	23519424	404	160.0
1606533647.02	160000	6.874251	0.0	18715420	232	160.0
1606533647.33	160000	7.56363	0.0	17000816	211	160.0
1606533647.6	160000	8.295062	0.0	14448126	179	160.0
1606533647.74	160000	9.15445	0.0	6958676	90	160.0
1606533647.92	160000	9.973176	0.0	9088791	117	160.0
1606533648.06	160000	10.830242	0.0	7211881	93	160.0
1606533648.13	160000	11.762107	0.0	3063586	40	160.0
1606533648.19	160000	12.702255	0.0	2782179	36	160.0
1606533648.38	160000	13.512596	0.0	9958410	128	160.0
1606533648.61	160000	14.288089	0.0	12158708	154	160.0
1606533648.84	160000	15.060279	0.0	12300216	151	160.0
1606533649.14	160000	15.760072	0.0	15815684	194	160.0
1606533649.39	160000	16.514337	0.0	13526256	168	160.0
1606533649.61	160000	17.29545	0.0	11995130	150	160.0
1606533649.86	160000	18.043037	0.0	13394791	176	160.0
