1606513731.06	40000	1.000999	0.044	334476	31	-7.039999999999999
1606513732.44	160000	1.474294	0.513	14912671	1172	-42.08
1606513734.54	160000	1.347922	0.951	24265636	1854	7.840000000000003
1606513735.56	160000	1.425776	0.061	22711544	800	150.24
1606513736.07	160000	1.944494	0.0	19639705	314	160.0
1606513736.48	160000	2.536809	0.0	20946809	213	160.0
1606513736.75	160000	3.285949	0.0	11895609	122	160.0
1606513736.96	160000	4.073603	0.0	7597636	96	160.0
1606513737.63	80000	4.433636	0.0	29583867	373	0.0
1606513739.64	80000	3.422826	0.0	15816325	1840	80.0
1606513741.02	80000	3.045956	0.0	15275967	1223	80.0
1606513742.99	110000	2.076856	0.0	33588177	1702	80.0
1606513745.08	160000	1.085331	0.068	50637608	1643	99.12
1606513745.24	20000	1.955227	0.0	2030157	66	-120.0
1606513745.41	20000	2.789481	0.0	2240782	74	20.0
1606513745.58	20000	3.624342	0.0	2211169	72	20.0
1606513745.71	40000	4.494091	0.0	1103419	35	20.0
1606513745.89	40000	5.315109	0.0	2715414	86	40.0
1606513746.03	40000	6.176818	0.0	1997555	50	40.0
1606513746.44	40000	6.759207	0.0	11199212	287	40.0
1606513746.79	40000	7.41574	0.0	8376884	214	40.0
1606513747.13	40000	8.073095	0.0	6254528	234	40.0
1606513748.25	160000	7.954878	0.0	23702229	902	40.0
1606513749.36	160000	7.848806	0.0	27580394	885	160.0
1606513750.18	160000	8.031766	0.0	20329780	633	160.0
1606513751.94	160000	7.266928	0.0	16109183	1604	160.0
1606513756.98	160000	3.228751	0.0	58830800	4555	160.0
1606513758.08	20000	3.127278	0.0	11684632	956	-120.0
1606513759.1	110000	3.107811	0.0	10019282	891	20.0
1606513760.45	160000	2.769857	0.0	16574034	1166	110.0
1606513761.52	160000	2.690809	0.0	13009028	932	160.0
1606513762.74	160000	2.472991	0.0	12791674	1080	160.0
1606513763.71	160000	2.505018	0.0	11137898	837	160.0
1606513764.66	160000	2.555439	0.0	11485310	813	160.0
1606513765.44	160000	2.781571	0.0	12428518	635	160.0
1606513765.99	160000	3.227051	0.0	9963766	427	160.0
1606513766.69	160000	3.52949	0.0	12189364	563	160.0
1606513767.11	160000	4.112553	0.0	10142396	292	160.0
1606513767.49	160000	4.734616	0.0	10185488	242	160.0
1606513767.97	160000	5.257791	0.0	14061455	328	160.0
1606513768.69	160000	5.535052	0.0	20074099	540	160.0
1606513771.8	110000	3.426258	0.0	33926116	2847	60.0
1606513777.1	160000	1.318779	2.192	40906522	5030	-240.72000000000003
1606513777.44	160000	1.981138	0.0	7891151	219	160.0
1606513778.2	160000	2.216363	0.0	21012466	581	160.0
1606513778.67	110000	2.757124	0.0	16044226	298	60.0
1606513779.18	160000	3.238836	0.0	18715420	341	110.0
1606513779.52	110000	3.908008	0.0	11196580	196	60.0
1606513779.92	160000	4.504758	0.0	14448126	252	110.0
1606513780.15	160000	5.273939	0.0	6958676	120	160.0
1606513780.43	160000	5.995747	0.0	9088791	157	160.0
1606513780.68	160000	6.753127	0.0	7211881	130	160.0
1606513780.82	160000	7.605501	0.0	3063586	53	160.0
1606513780.96	160000	8.465956	0.0	2782179	46	160.0
1606513781.26	160000	9.169632	0.0	9958410	170	160.0
1606513781.61	160000	9.823449	0.0	12158708	206	160.0
1606513781.95	160000	10.479124	0.0	12300216	209	160.0
1606513782.4	160000	11.036451	0.0	15815684	276	160.0
1606513782.79	160000	11.649464	0.0	13526256	244	160.0
1606513783.13	160000	12.3018	0.0	11995130	212	160.0
1606513783.49	160000	12.947713	0.0	13394791	211	160.0
1606513783.86	160000	13.575696	0.0	14135828	223	160.0
1606513784.25	160000	14.189041	0.0	15366126	236	160.0
1606513784.6	160000	14.83846	0.0	14248439	206	160.0
1606513784.95	160000	15.493803	0.0	13843717	199	160.0
1606513785.29	160000	16.148922	0.0	14665119	198	160.0
1606513785.75	160000	16.688623	0.0	21079187	269	160.0
1606513786.29	160000	17.151656	0.0	25480074	323	160.0
1606513786.76	160000	17.687465	0.0	23021754	270	160.0
1606513787.31	160000	18.144009	0.0	27527834	330	160.0
1606513787.87	160000	18.572593	0.0	26155848	354	160.0
1606513788.57	160000	18.873452	0.0	17849379	520	160.0
1606513790.03	160000	18.420724	0.0	16546531	1292	160.0
1606513791.3	160000	18.146465	0.0	17718949	1112	160.0
1606513792.01	160000	18.438477	0.0	17337137	545	160.0
1606513792.51	160000	18.945694	0.0	20008245	317	160.0
1606513793.87	160000	18.584673	0.0	58430914	976	160.0
1606513794.4	160000	19.059624	0.0	16292703	355	160.0
1606513795.12	160000	19.334495	0.0	25587422	516	160.0
1606513795.99	160000	19.462601	0.0	23982306	669	160.0
1606513796.76	160000	19.693035	0.0	13347845	623	160.0
1606513797.43	160000	20.029378	0.0	14337991	513	160.0
1606513797.9	160000	20.554028	0.0	14584990	324	160.0
1606513798.35	160000	21.105902	0.0	13962401	304	160.0
1606513798.84	160000	21.619905	0.0	14393788	340	160.0
1606513799.35	160000	22.109267	0.0	14649457	360	160.0
1606513799.93	160000	22.536543	0.0	13409715	428	160.0
1606513800.92	160000	22.540571	0.0	13909605	851	160.0
1606513802.79	160000	21.673159	0.0	13301968	1725	160.0
1606513804.4	160000	21.064108	0.0	19025846	1428	160.0
1606513805.13	160000	21.33467	0.0	19295426	551	160.0
1606513805.57	160000	21.893	0.0	18261873	273	160.0
1606513806.04	160000	22.425949	0.0	19847604	283	160.0
1606513806.49	160000	22.979158	0.0	18767181	276	160.0
1606513807.02	160000	23.451171	0.0	22420858	337	160.0
1606513807.49	160000	23.980655	0.0	19324333	287	160.0
1606513807.97	160000	24.503571	0.0	20392234	289	160.0
1606513808.2	160000	25.27275	0.0	7671072	115	160.0
1606513808.62	160000	25.854548	0.0	17781906	243	160.0
1606513808.94	160000	26.529689	0.0	12839336	178	160.0
1606513809.22	160000	27.252932	0.0	10779770	147	160.0
1606513809.58	160000	27.899874	0.0	14606687	203	160.0
1606513810.47	160000	28.006216	0.0	41866951	590	160.0
1606513811.29	160000	28.192003	0.0	37238410	522	160.0
1606513811.66	160000	28.822878	0.0	14347759	218	160.0
1606513811.97	160000	29.513996	0.0	11399187	175	160.0
1606513812.25	160000	30.228003	0.0	10358641	157	160.0
1606513812.6	160000	30.879467	0.0	14315696	204	160.0
1606513813.14	160000	31.344268	0.0	23283631	329	160.0
1606513814.45	160000	31.031551	0.0	37521367	1031	160.0
1606513815.79	160000	30.698105	0.0	22241104	1139	160.0
1606513816.4	160000	31.087108	0.0	15813346	447	160.0
1606513816.78	160000	31.710069	0.0	17116450	209	160.0
1606513817.17	160000	32.313991	0.0	18867054	219	160.0
1606513817.54	160000	32.948883	0.0	17393609	200	160.0
1606513818.03	160000	33.464593	0.0	24759401	284	160.0
1606513818.53	160000	33.966554	0.0	25782433	286	160.0
1606513819.0	160000	34.490329	0.0	25885372	247	160.0
1606513819.47	160000	35.021247	0.0	26242011	251	160.0
1606513819.98	160000	35.516494	0.0	23865378	287	160.0
1606513820.5	160000	36.000436	0.0	25470681	307	160.0
1606513821.08	160000	36.418769	0.0	27258768	340	160.0
1606513821.49	160000	37.014501	0.0	17853711	232	160.0
1606513821.85	160000	37.645604	0.0	14829893	217	160.0
1606513822.49	160000	38.012344	0.0	27779697	409	160.0
1606513823.08	160000	38.416328	0.0	27714923	377	160.0
1606513824.43	160000	38.073269	0.0	25946474	1122	160.0
1606513826.03	160000	37.474034	0.0	19596259	1422	160.0
1606513828.17	160000	36.332499	0.0	23774167	1944	160.0
1606513829.57	160000	35.934346	0.0	19373656	1217	160.0
1606513830.44	160000	36.061788	0.0	23977420	670	160.0
1606513830.92	160000	36.584735	0.0	24493733	274	160.0
1606513831.24	160000	37.270577	0.0	14528511	167	160.0
1606513831.59	160000	37.915356	0.0	16841176	188	160.0
1606513831.95	160000	38.56235	0.0	16743604	188	160.0
1606513832.33	160000	39.178185	0.0	17975224	213	160.0
1606513832.77	160000	39.737974	0.0	22329548	252	160.0
1606513833.11	160000	40.398426	0.0	16001583	182	160.0
1606513833.5	160000	41.019175	0.0	18238584	205	160.0
1606513833.93	160000	41.582624	0.0	21308824	238	160.0
1606513834.3	160000	42.2167	0.0	17749058	199	160.0
1606513834.6	160000	42.913094	0.0	14127787	159	160.0
1606513834.97	160000	43.551808	0.0	17525699	194	160.0
1606513835.27	160000	44.245544	0.0	14240042	159	160.0
1606513835.68	160000	44.844816	0.0	20324139	220	160.0
1606513836.09	160000	45.425908	0.0	21993033	233	160.0
1606513836.47	160000	46.050338	0.0	18863108	200	160.0
1606513836.81	160000	46.715113	0.0	15964734	177	160.0
1606513837.02	160000	47.507992	0.0	8284939	94	160.0
1606513837.24	160000	48.288041	0.0	9004706	102	160.0
1606513837.42	160000	49.100632	0.0	6955279	79	160.0
1606513837.71	160000	49.814993	0.0	10701639	149	160.0
1606513837.97	160000	50.553647	0.0	9459459	137	160.0
1606513838.11	160000	51.414	0.0	3212828	46	160.0
1606513838.24	160000	52.291697	0.0	2509989	37	160.0
1606513838.34	160000	53.194696	0.0	2004927	29	160.0
1606513838.4	160000	54.135656	0.0	591360	8	160.0
1606513838.47	160000	55.492271	0.0	2394426	28	160.0
1606513838.79	40000	1.000999	0.042	336477	6	-6.719999999999999
1606513839.18	160000	2.001999	0.0	14912671	180	40.0
1606513840.55	160000	1.686608	0.0	24265636	1082	160.0
1606513841.65	160000	1.740429	0.0	22711544	889	160.0
1606513842.46	160000	1.9723	0.0	19639705	629	160.0
1606513843.36	160000	2.139662	0.0	20946809	701	160.0
1606513843.87	160000	2.654748	0.0	11895609	373	160.0
1606513844.22	160000	3.301437	0.0	7597636	237	160.0
1606513845.72	160000	2.805713	0.0	56067905	950	160.0
1606513846.26	80000	3.272209	0.0	15816325	364	0.0
1606513846.71	80000	3.816163	0.0	15275967	303	80.0
1606513847.24	80000	4.292272	0.0	20600381	336	80.0
1606513849.03	160000	3.500063	0.0	50637608	1441	80.0
1606513850.65	160000	2.88063	0.0	19559369	1433	160.0
1606513855.26	160000	1.282707	2.006	22224402	4424	-160.95999999999998
1606513856.84	160000	1.289759	0.589	22578365	1398	65.76
1606513857.22	160000	1.913826	0.0	8346702	254	160.0
1606513857.34	20000	2.788036	0.0	1113969	33	-120.0
1606513857.45	20000	3.682996	0.0	820127	25	20.0
1606513857.71	20000	4.430986	0.0	6357933	143	20.0
1606513857.91	20000	5.221845	0.0	4814284	100	20.0
1606513858.08	20000	6.054249	0.0	3419258	73	20.0
1606513858.26	20000	6.874057	0.0	3944328	84	20.0
1606513858.45	20000	7.684063	0.0	4284196	92	20.0
1606513858.62	20000	8.514389	0.0	3022025	77	20.0
1606513858.78	20000	9.361958	0.0	2248581	64	20.0
1606513859.19	20000	9.950482	0.0	9946363	285	20.0
1606513859.7	20000	10.443618	0.0	11684632	373	20.0
