1606509327.03	40000	1.000999	0.016	334476	2	-2.5600000000000023
1606509327.39	40000	1.940054	0.0	14648397	205	40.0
1606509327.86	60000	2.590053	0.0	20421673	287	40.0
1606509328.28	60000	3.170502	0.0	13063186	331	60.0
1606509328.56	60000	3.885011	0.0	8954217	226	60.0
1606509329.23	80000	4.245679	0.0	11497228	586	60.0
1606509329.7	80000	4.806654	0.0	6232523	419	80.0
1606509330.12	80000	5.404295	0.0	5425476	382	80.0
1606509332.57	80000	4.000053	0.0	29583867	2195	80.0
1606509334.83	110000	2.741894	0.0	28884539	2081	80.0
1606509337.15	110000	1.476697	0.061	26873304	2171	100.24
1606509340.14	110000	1.370203	1.878	33588177	2820	-190.48000000000002
1606509342.23	110000	1.499329	1.224	25684661	1967	-85.84
1606509343.09	110000	1.643066	0.0	10838546	787	110.0
1606509344.65	160000	1.474018	0.388	22224402	1440	47.92
1606509345.9	160000	1.362467	0.141	22578365	1135	137.44
1606509346.26	160000	2.008483	0.0	8346702	304	160.0
1606509346.92	160000	2.348914	0.0	15775481	566	160.0
1606509349.39	160000	1.256219	0.382	9163235	2424	98.88
1606509352.36	160000	1.389209	2.096	41307095	2717	-175.36
1606509353.26	160000	1.486336	0.0	28763893	725	160.0
1606509353.78	160000	1.965049	0.0	21266416	388	160.0
1606509354.35	160000	2.402145	0.0	23702229	428	160.0
1606509355.0	160000	2.752322	0.0	27580394	498	160.0
1606509355.55	160000	3.19556	0.0	20329780	419	160.0
1606509355.99	160000	3.764077	0.0	16109183	334	160.0
1606509357.38	160000	3.369731	0.0	58830800	922	160.0
1606509365.34	160000	1.492573	5.08	66935122	7638	-652.8
1606509366.62	160000	1.323665	0.114	15251076	1206	141.76
1606509367.97	160000	1.438043	0.463	16574034	1266	85.92
1606509368.98	160000	1.436415	0.0	13009028	927	160.0
1606509369.91	160000	1.501167	0.0	12791674	858	160.0
1606509370.77	160000	1.645158	0.0	11137898	790	160.0
1606509371.77	160000	1.642561	0.0	11485310	937	160.0
1606509372.75	160000	1.668824	0.0	12428518	901	160.0
1606509373.51	160000	1.909311	0.0	9963766	698	160.0
1606509374.54	160000	1.879069	0.0	12189364	961	160.0
1606509375.5	160000	1.917283	0.0	10142396	901	160.0
1606509376.25	160000	2.169992	0.0	10185488	687	160.0
1606509376.72	160000	2.701439	0.0	14061455	388	160.0
1606509377.31	160000	3.112809	0.0	20074099	467	160.0
1606509378.2	160000	3.219388	0.0	46115254	636	160.0
1606509378.96	160000	3.466726	0.0	40906522	519	160.0
1606509379.11	160000	4.317157	0.0	7891151	100	160.0
1606509379.59	160000	4.839602	0.0	21012466	358	160.0
1606509380.12	160000	5.302972	0.0	23519424	405	160.0
1606509381.02	160000	5.411732	0.0	18715420	781	160.0
1606509381.79	160000	5.634225	0.0	17000816	677	160.0
1606509382.44	160000	5.98978	0.0	14448126	561	160.0
1606509382.74	160000	6.686469	0.0	6958676	259	160.0
1606509383.15	160000	7.292072	0.0	9088791	338	160.0
1606509383.6	160000	7.83224	0.0	7211881	404	160.0
1606509383.8	160000	8.633903	0.0	3063586	173	160.0
1606509383.98	160000	9.453718	0.0	2782179	157	160.0
1606509384.74	160000	9.696488	0.0	9958410	698	160.0
1606509385.71	160000	9.725079	0.0	12158708	901	160.0
1606509386.87	160000	9.569849	0.0	12300216	1081	160.0
1606509388.32	160000	9.122296	0.0	15815684	1358	160.0
1606509388.68	160000	9.758539	0.0	13526256	288	160.0
1606509389.01	160000	10.434182	0.0	11995130	255	160.0
1606509389.3	160000	11.138523	0.0	13394791	214	160.0
1606509389.5	160000	11.938613	0.0	14135828	118	160.0
1606509389.71	160000	12.729675	0.0	15366126	128	160.0
1606509389.92	160000	13.52379	0.0	14248439	118	160.0
1606509390.11	160000	14.333223	0.0	13843717	114	160.0
1606509390.33	160000	15.115977	0.0	14665119	131	160.0
1606509390.66	160000	15.787071	0.0	21079187	207	160.0
1606509391.05	160000	16.397691	0.0	25480074	251	160.0
1606509391.41	160000	17.042734	0.0	23021754	222	160.0
1606509391.81	160000	17.640796	0.0	27527834	257	160.0
1606509392.21	160000	18.244653	0.0	26155848	245	160.0
1606509392.47	160000	18.985476	0.0	17849379	155	160.0
1606509392.71	160000	19.748204	0.0	16546531	145	160.0
1606509392.96	160000	20.493251	0.0	17718949	154	160.0
1606509393.22	160000	21.23922	0.0	17337137	151	160.0
1606509393.51	160000	21.951715	0.0	20008245	180	160.0
1606509394.34	160000	22.120896	0.0	58430914	523	160.0
1606509394.61	160000	22.851779	0.0	16292703	169	160.0
1606509395.01	160000	23.445708	0.0	25587422	265	160.0
1606509395.43	160000	24.028289	0.0	23982306	281	160.0
1606509395.74	160000	24.72248	0.0	13347845	224	160.0
1606509396.06	160000	25.398971	0.0	14337991	244	160.0
1606509396.36	160000	26.106617	0.0	14584990	212	160.0
1606509396.58	160000	26.88214	0.0	13962401	145	160.0
1606509396.82	160000	27.64604	0.0	14393788	147	160.0
1606509397.05	160000	28.412004	0.0	14649457	152	160.0
1606509397.27	160000	29.197247	0.0	13409715	139	160.0
1606509397.47	160000	29.998951	0.0	13909605	121	160.0
1606509397.66	160000	30.810731	0.0	13301968	115	160.0
1606509397.94	160000	31.534268	0.0	19025846	164	160.0
1606509398.21	160000	32.259833	0.0	19295426	167	160.0
1606509398.48	160000	32.990834	0.0	18261873	164	160.0
1606509398.78	160000	33.694947	0.0	19847604	178	160.0
1606509399.06	160000	34.417334	0.0	18767181	170	160.0
1606509399.38	160000	35.096352	0.0	22420858	199	160.0
1606509399.65	160000	35.829974	0.0	19324333	152	160.0
1606509399.92	160000	36.553935	0.0	20392234	163	160.0
1606509400.03	160000	37.444351	0.0	7671072	60	160.0
1606509400.29	160000	38.201751	0.0	17781906	142	160.0
1606509400.47	160000	39.010746	0.0	12839336	104	160.0
1606509400.62	160000	39.859623	0.0	10779770	88	160.0
1606509400.82	160000	40.660917	0.0	14606687	119	160.0
1606509401.41	160000	41.069721	0.0	41866951	341	160.0
1606509401.93	160000	41.554269	0.0	37238410	302	160.0
1606509402.13	160000	42.359909	0.0	14347759	116	160.0
1606509402.29	160000	43.204318	0.0	11399187	93	160.0
1606509402.44	160000	44.045363	0.0	10358641	84	160.0
1606509402.64	160000	44.849831	0.0	14315696	116	160.0
1606509402.95	160000	45.537917	0.0	23283631	189	160.0
1606509403.48	160000	46.015191	0.0	37521367	305	160.0
1606509403.79	160000	46.699074	0.0	22241104	191	160.0
1606509404.02	160000	47.468596	0.0	15813346	136	160.0
1606509404.27	160000	48.221001	0.0	17116450	147	160.0
1606509404.54	160000	48.95066	0.0	18867054	163	160.0
1606509404.8	160000	49.698059	0.0	17393609	151	160.0
1606509405.16	160000	50.34597	0.0	24759401	218	160.0
1606509405.86	160000	50.634008	0.0	25782433	560	160.0
1606509408.69	160000	48.806373	0.0	25885372	2669	160.0
1606509409.96	160000	48.542712	0.0	26242011	1118	160.0
1606509410.69	160000	48.810059	0.0	23865378	574	160.0
1606509411.21	160000	49.295199	0.0	25470681	374	160.0
1606509414.59	160000	46.914698	0.0	27258768	3219	160.0
1606509416.34	160000	46.165577	0.0	17853711	1646	160.0
1606509416.6	160000	46.901221	0.0	14829893	184	160.0
1606509417.1	160000	47.405899	0.0	27779697	335	160.0
1606509417.57	160000	47.937182	0.0	27714923	315	160.0
1606509417.97	160000	48.542689	0.0	25946474	244	160.0
1606509418.26	160000	49.244935	0.0	19596259	182	160.0
1606509418.62	160000	49.890631	0.0	23774167	219	160.0
1606509418.91	160000	50.601052	0.0	19373656	178	160.0
1606509419.26	160000	51.249012	0.0	23977420	220	160.0
1606509419.62	160000	51.890864	0.0	24493733	221	160.0
1606509419.83	160000	52.681027	0.0	14528511	128	160.0
1606509420.08	160000	53.431759	0.0	16841176	151	160.0
1606509420.33	160000	54.184282	0.0	16743604	151	160.0
1606509420.6	160000	54.918435	0.0	17975224	162	160.0
1606509420.93	160000	55.588586	0.0	22329548	203	160.0
1606509421.17	160000	56.349929	0.0	16001583	145	160.0
1606509421.45	160000	57.070709	0.0	18238584	165	160.0
1606509421.76	160000	57.759686	0.0	21308824	185	160.0
1606509422.02	160000	58.50241	0.0	17749058	154	160.0
1606509422.22	160000	59.301089	0.0	14127787	123	160.0
1606509422.98	160000	59.72975	0.0	17525699	152	160.0
1606509424.18	160000	59.51522	0.0	14240042	122	160.0
1606509424.96	160000	59.766112	0.0	20324139	169	160.0
1606509425.77	160000	59.767182	0.0	21993033	185	160.0
1606509427.04	160000	59.518215	0.0	18863108	156	160.0
1606509427.77	160000	59.769203	0.0	15964734	134	160.0
1606509428.89	160000	59.77021	0.0	8284939	69	160.0
1606509430.02	160000	59.521211	0.0	9004706	78	160.0
1606509431.14	160000	59.522217	0.0	6955279	64	160.0
1606509431.8	160000	59.773194	0.0	10701639	100	160.0
1606509432.94	160000	59.774211	0.0	9459459	75	160.0
1606509433.99	160000	59.775211	0.0	3212828	28	160.0
1606509435.04	160000	59.526205	0.0	2509989	18	160.0
1606509436.08	160000	59.527213	0.0	2004927	17	160.0
1606509437.1	160000	59.528223	0.0	591360	5	160.0
1606509438.14	160000	59.962981	0.0	2394426	15	160.0
1606509438.4	40000	1.000999	0.048	337339	2	-7.68
1606509438.68	40000	2.001999	0.0	14648397	82	40.0
1606509438.99	60000	2.800561	0.0	20421673	115	40.0
1606509439.14	60000	3.648239	0.0	13063186	73	60.0
1606509439.25	60000	4.542227	0.0	8954217	50	60.0
1606509439.4	80000	5.389956	0.0	11497228	64	60.0
1606509439.48	80000	6.315283	0.0	6232523	35	80.0
1606509439.55	80000	7.244107	0.0	5425476	34	80.0
1606509439.99	80000	7.806862	0.0	29583867	190	80.0
1606509440.35	110000	8.472762	0.0	28884539	186	80.0
1606509440.67	110000	9.187639	0.0	26873304	171	110.0
1606509441.08	110000	9.841094	0.0	33588177	205	110.0
1606509441.39	110000	10.539221	0.0	25684661	157	110.0
1606509441.53	110000	11.420012	0.0	10838546	66	110.0
1606509442.13	160000	11.838276	0.0	22224402	455	110.0
1606509443.08	160000	11.908146	0.0	22578365	812	160.0
1606509443.78	160000	12.211783	0.0	8346702	646	160.0
1606509444.81	160000	12.179537	0.0	15775481	929	160.0
1606509445.5	160000	12.495374	0.0	9163235	627	160.0
1606509447.19	160000	11.800568	0.0	41307095	1415	160.0
1606509447.78	160000	12.216463	0.0	28763893	425	160.0
1606509448.25	160000	12.744821	0.0	21266416	336	160.0
1606509448.86	160000	13.140215	0.0	23702229	453	160.0
1606509449.75	160000	13.246997	0.0	27580394	737	160.0
1606509450.23	160000	13.769123	0.0	20329780	347	160.0
1606509450.61	160000	14.393058	0.0	16109183	265	160.0
1606509452.6	160000	13.397762	0.0	58830800	1534	160.0
1606509456.11	160000	10.888346	0.0	66935122	3142	160.0
1606509457.64	160000	10.364824	0.0	15251076	1433	160.0
1606509458.75	160000	10.255713	0.0	16574034	1012	160.0
1606509459.1	160000	10.906473	0.0	13009028	275	160.0
1606509459.44	160000	11.56303	0.0	12791674	270	160.0
1606509459.75	160000	12.260252	0.0	11137898	234	160.0
1606509460.06	160000	12.951915	0.0	11485310	233	160.0
1606509460.38	160000	13.625825	0.0	12428518	253	160.0
1606509460.65	160000	14.364234	0.0	9963766	202	160.0
1606509460.97	160000	15.037448	0.0	12189364	256	160.0
1606509461.25	160000	15.759699	0.0	10142396	214	160.0
1606509461.53	160000	16.48459	0.0	10185488	215	160.0
1606509461.9	160000	17.114685	0.0	14061455	284	160.0
1606509462.41	160000	17.602454	0.0	20074099	397	160.0
1606509463.6	160000	17.420528	0.0	46115254	919	160.0
1606509464.62	160000	17.393576	0.0	40906522	790	160.0
1606509464.84	160000	18.175598	0.0	7891151	158	160.0
1606509465.39	160000	18.625763	0.0	21012466	418	160.0
1606509466.06	160000	18.963577	0.0	23519424	520	160.0
1606509466.63	160000	19.389964	0.0	18715420	462	160.0
1606509467.08	160000	19.945138	0.0	17000816	344	160.0
1606509467.46	160000	20.567344	0.0	14448126	289	160.0
1606509467.64	160000	21.37946	0.0	6958676	140	160.0
1606509467.86	160000	22.163588	0.0	9088791	156	160.0
1606509468.03	160000	22.992605	0.0	7211881	123	160.0
1606509468.11	160000	23.913893	0.0	3063586	52	160.0
1606509468.19	160000	24.841167	0.0	2782179	48	160.0
1606509468.42	160000	25.611297	0.0	9958410	171	160.0
1606509468.7	160000	26.331814	0.0	12158708	208	160.0
1606509468.98	160000	27.055004	0.0	12300216	200	160.0
1606509469.32	160000	27.707178	0.0	15815684	257	160.0
1606509469.62	160000	28.413011	0.0	13526256	221	160.0
1606509469.86	160000	29.176369	0.0	11995130	167	160.0
1606509470.11	160000	29.923371	0.0	13394791	175	160.0
1606509470.38	160000	30.657784	0.0	14135828	187	160.0
