1606472884.59	40000	1.000999	0.02	334476	8	-3.200000000000003
1606472885.14	40000	1.817864	0.0	14648397	379	40.0
1606472888.79	60000	1.33515	2.12	20421673	3492	-299.2
1606472890.04	60000	1.430339	0.327	13063186	1178	7.68
1606472890.83	60000	1.67373	0.0	8954217	728	60.0
1606472891.81	80000	1.704104	0.0	11497228	915	60.0
1606472892.46	80000	2.057017	0.0	6232523	603	80.0
1606472892.88	80000	2.635517	0.0	5425476	383	80.0
1606472895.05	80000	1.472004	0.0	29583867	1924	80.0
1606472896.74	110000	1.282984	0.495	28884539	1529	0.7999999999999972
1606472898.82	110000	1.290145	1.095	26873304	1940	-65.19999999999999
1606472901.62	110000	1.387697	1.894	33588177	2626	-193.04000000000002
1606472902.72	110000	1.338327	0.042	25684661	941	103.28
1606472902.97	110000	2.077162	0.0	10838546	179	110.0
1606472903.5	160000	2.554063	0.0	22224402	390	110.0
1606472903.97	160000	3.084865	0.0	22578365	341	160.0
1606472904.15	160000	3.906146	0.0	8346702	126	160.0
1606472904.49	160000	4.565582	0.0	15775481	234	160.0
1606472904.67	160000	5.385696	0.0	9163235	123	160.0
1606472905.51	160000	5.545668	0.0	41307095	555	160.0
1606472906.04	160000	6.013795	0.0	28763893	366	160.0
1606472906.45	160000	6.609635	0.0	21266416	271	160.0
1606472906.88	160000	7.183315	0.0	23702229	283	160.0
1606472907.36	160000	7.701848	0.0	27580394	333	160.0
1606472907.74	160000	8.323161	0.0	20329780	252	160.0
1606472908.06	160000	9.006863	0.0	16109183	221	160.0
1606472909.71	160000	8.351049	0.0	58830800	1184	160.0
1606472914.72	160000	4.342489	0.0	66935122	4641	160.0
1606472915.91	160000	4.151303	0.0	15251076	1093	160.0
1606472917.39	160000	3.673718	0.0	16574034	1376	160.0
1606472918.16	160000	3.907416	0.0	13009028	689	160.0
1606472918.73	160000	4.342536	0.0	12791674	486	160.0
1606472919.0	160000	5.073347	0.0	11137898	204	160.0
1606472919.27	160000	5.799869	0.0	11485310	207	160.0
1606472919.58	160000	6.493684	0.0	12428518	237	160.0
1606472919.81	160000	7.263925	0.0	9963766	173	160.0
1606472920.09	160000	7.98404	0.0	12189364	212	160.0
1606472920.33	160000	8.741618	0.0	10142396	176	160.0
1606472920.57	160000	9.505834	0.0	10185488	177	160.0
1606472920.87	160000	10.202739	0.0	14061455	221	160.0
1606472921.31	160000	10.772762	0.0	20074099	315	160.0
1606472922.32	160000	10.762767	0.0	46115254	751	160.0
1606472923.26	160000	10.816814	0.0	40906522	704	160.0
1606472923.45	160000	11.630787	0.0	7891151	139	160.0
1606472924.87	160000	11.214894	0.0	21012466	1294	160.0
1606472926.75	160000	10.333314	0.0	23519424	1747	160.0
1606472929.66	160000	8.427883	0.0	18715420	2794	160.0
1606472931.63	160000	7.451111	0.0	17000816	1867	160.0
1606472933.07	160000	7.015573	0.0	14448126	1348	160.0
1606472936.0	160000	5.083818	0.0	6958676	2885	160.0
1606472936.75	160000	5.334423	0.0	9088791	687	160.0
1606472937.28	160000	5.804278	0.0	7211881	486	160.0
1606472937.52	160000	6.573678	0.0	3063586	205	160.0
1606472937.75	160000	7.342135	0.0	2782179	208	160.0
1606472938.83	160000	7.261132	0.0	9958410	1025	160.0
1606472939.15	160000	7.938111	0.0	12158708	255	160.0
1606472939.49	160000	8.605296	0.0	12300216	261	160.0
1606472939.86	160000	9.233508	0.0	15815684	283	160.0
1606472940.11	160000	9.98372	0.0	13526256	173	160.0
1606472940.34	160000	10.760612	0.0	11995130	153	160.0
1606472940.59	160000	11.512436	0.0	13394791	171	160.0
1606472940.87	160000	12.229016	0.0	14135828	202	160.0
1606472941.22	160000	12.876053	0.0	15366126	264	160.0
1606472941.55	160000	13.547939	0.0	14248439	246	160.0
1606472941.86	160000	14.242367	0.0	13843717	218	160.0
1606472942.15	160000	14.957611	0.0	14665119	194	160.0
1606472942.54	160000	15.562461	0.0	21079187	279	160.0
1606472942.99	160000	16.115459	0.0	25480074	305	160.0
1606472943.37	160000	16.737399	0.0	23021754	246	160.0
1606472943.81	160000	17.297714	0.0	27527834	293	160.0
1606472944.25	160000	17.854687	0.0	26155848	282	160.0
1606472944.55	160000	18.562572	0.0	17849379	191	160.0
1606472944.82	160000	19.289454	0.0	16546531	178	160.0
1606472945.1	160000	20.011469	0.0	17718949	173	160.0
1606472945.37	160000	20.74343	0.0	17337137	169	160.0
1606472945.68	160000	21.434777	0.0	20008245	197	160.0
1606472946.56	160000	21.549992	0.0	58430914	574	160.0
1606472946.82	160000	22.290616	0.0	16292703	158	160.0
1606472947.55	160000	22.567204	0.0	25587422	583	160.0
1606472949.05	160000	22.065939	0.0	23982306	1361	160.0
1606472950.25	160000	21.868395	0.0	13347845	1118	160.0
1606472951.91	160000	21.213384	0.0	14337991	1572	160.0
1606472954.47	160000	19.653862	0.0	14584990	2474	160.0
1606472956.49	160000	18.634893	0.0	13962401	1940	160.0
1606472959.37	160000	16.752555	0.0	14393788	2799	160.0
1606472960.53	160000	16.597442	0.0	14649457	1076	160.0
1606472961.13	160000	16.993978	0.0	13409715	525	160.0
1606472961.55	160000	17.57393	0.0	13909605	343	160.0
1606472961.94	160000	18.185666	0.0	13301968	311	160.0
1606472962.37	160000	18.75573	0.0	19025846	316	160.0
1606472962.8	160000	19.328781	0.0	19295426	320	160.0
1606472963.17	160000	19.955891	0.0	18261873	270	160.0
1606472963.58	160000	20.552629	0.0	19847604	286	160.0
1606472963.97	160000	21.166678	0.0	18767181	277	160.0
1606472964.42	160000	21.708601	0.0	22420858	335	160.0
1606472964.83	160000	22.303977	0.0	19324333	290	160.0
1606472965.19	160000	22.939238	0.0	20392234	254	160.0
1606472965.33	160000	23.802198	0.0	7671072	89	160.0
1606472965.64	160000	24.4963	0.0	17781906	206	160.0
1606472965.87	160000	25.268102	0.0	12839336	147	160.0
1606472966.05	160000	26.086815	0.0	10779770	120	160.0
1606472966.3	160000	26.84173	0.0	14606687	165	160.0
1606472967.04	160000	27.10308	0.0	41866951	483	160.0
1606472967.72	160000	27.425076	0.0	37238410	458	160.0
1606472967.98	160000	28.163951	0.0	14347759	172	160.0
1606472968.17	160000	28.973814	0.0	11399187	124	160.0
1606472968.35	160000	29.798003	0.0	10358641	113	160.0
1606472968.58	160000	30.565613	0.0	14315696	155	160.0
1606472968.96	160000	31.18426	0.0	23283631	253	160.0
1606472969.58	160000	31.562183	0.0	37521367	399	160.0
1606472969.95	160000	32.197388	0.0	22241104	238	160.0
1606472970.19	160000	32.954207	0.0	15813346	144	160.0
1606472970.45	160000	33.699855	0.0	17116450	156	160.0
1606472970.73	160000	34.421175	0.0	18867054	172	160.0
1606472971.0	160000	35.148615	0.0	17393609	171	160.0
1606472971.34	160000	35.811005	0.0	24759401	201	160.0
1606472971.69	160000	36.460032	0.0	25782433	209	160.0
1606472972.07	160000	37.083425	0.0	25885372	218	160.0
1606472972.39	160000	37.770971	0.0	26242011	166	160.0
1606472972.68	160000	38.479119	0.0	23865378	147	160.0
1606472972.98	160000	39.177783	0.0	25470681	157	160.0
1606472973.31	160000	39.849197	0.0	27258768	167	160.0
1606472973.52	160000	40.638202	0.0	17853711	109	160.0
1606472973.7	160000	41.464746	0.0	14829893	90	160.0
1606472974.02	160000	42.139383	0.0	27779697	170	160.0
1606472974.34	160000	42.819573	0.0	27714923	170	160.0
1606472974.65	160000	43.513591	0.0	25946474	157	160.0
1606472974.88	160000	44.281824	0.0	19596259	118	160.0
1606472975.14	160000	45.024129	0.0	23774167	125	160.0
1606472975.35	160000	45.819334	0.0	19373656	97	160.0
1606472975.6	160000	46.565974	0.0	23977420	120	160.0
1606472975.86	160000	47.30581	0.0	24493733	121	160.0
1606472976.02	160000	48.154069	0.0	14528511	72	160.0
1606472976.2	160000	48.974286	0.0	16841176	82	160.0
1606472976.38	160000	49.787992	0.0	16743604	81	160.0
1606472976.58	160000	50.596205	0.0	17975224	89	160.0
1606472976.81	160000	51.363271	0.0	22329548	111	160.0
1606472976.98	160000	52.190923	0.0	16001583	80	160.0
1606472977.18	160000	52.999823	0.0	18238584	90	160.0
1606472977.41	160000	53.771929	0.0	21308824	105	160.0
1606472977.6	160000	54.58156	0.0	17749058	87	160.0
1606472977.75	160000	55.433001	0.0	14127787	71	160.0
1606472977.93	160000	56.248372	0.0	17525699	86	160.0
1606472978.08	160000	57.099021	0.0	14240042	69	160.0
1606472978.31	160000	57.87825	0.0	20324139	99	160.0
1606472978.53	160000	58.647808	0.0	21993033	108	160.0
1606472978.74	160000	59.444348	0.0	18863108	91	160.0
1606472979.41	160000	59.992172	0.0	15964734	78	160.0
1606472980.51	160000	59.743279	0.0	8284939	48	160.0
1606472981.62	160000	59.74423	0.0	9004706	53	160.0
1606472982.19	160000	59.995203	0.0	6955279	33	160.0
1606472983.32	160000	59.996201	0.0	10701639	58	160.0
1606472984.43	160000	59.997225	0.0	9459459	51	160.0
1606472985.47	160000	59.748236	0.0	3212828	16	160.0
1606472986.51	160000	59.749197	0.0	2509989	14	160.0
1606472987.55	160000	59.750194	0.0	2004927	17	160.0
1606472988.57	160000	59.751246	0.0	591360	2	160.0
1606472990.13	160000	59.685939	0.0	2394426	31	160.0
1606472990.39	40000	1.000999	0.063	337339	33	-10.079999999999998
1606472991.32	40000	1.439629	0.0	14648397	791	40.0
1606472991.91	60000	1.849772	0.0	20421673	421	40.0
1606472992.19	60000	2.574512	0.0	13063186	203	60.0
1606472992.37	60000	3.428963	0.0	8954217	114	60.0
1606472992.58	80000	4.210287	0.0	11497228	145	60.0
1606472992.7	80000	5.091802	0.0	6232523	79	80.0
1606472992.81	80000	5.990301	0.0	5425476	68	80.0
1606472993.45	80000	6.397756	0.0	29583867	406	80.0
1606472994.07	110000	6.806325	0.0	28884539	433	80.0
1606472994.56	110000	7.314816	0.0	26873304	334	110.0
1606472995.17	110000	7.727354	0.0	33588177	416	110.0
1606472995.87	110000	8.0259	0.0	25684661	557	110.0
1606472996.94	110000	7.959887	0.0	10838546	1002	110.0
1606472998.75	160000	7.155608	0.0	22224402	1666	110.0
1606472999.72	160000	7.185244	0.0	22578365	838	160.0
1606473000.01	160000	7.889438	0.0	8346702	242	160.0
1606473000.37	160000	8.531987	0.0	15775481	262	160.0
1606473000.57	160000	9.337099	0.0	9163235	141	160.0
1606473001.5	160000	9.40535	0.0	41307095	631	160.0
1606473002.12	160000	9.784377	0.0	28763893	452	160.0
1606473002.65	160000	10.262826	0.0	21266416	383	160.0
1606473003.21	160000	10.697131	0.0	23702229	427	160.0
1606473003.97	160000	10.938741	0.0	27580394	608	160.0
1606473004.44	160000	11.475443	0.0	20329780	336	160.0
1606473004.77	160000	12.139285	0.0	16109183	236	160.0
1606473006.55	160000	11.373064	0.0	58830800	1297	160.0
1606473007.76	160000	11.150764	0.0	66935122	858	160.0
1606473007.98	160000	11.932518	0.0	15251076	129	160.0
1606473008.22	160000	12.695385	0.0	16574034	140	160.0
1606473008.4	160000	13.514038	0.0	13009028	105	160.0
1606473008.58	160000	14.340354	0.0	12791674	104	160.0
1606473008.74	160000	15.18289	0.0	11137898	92	160.0
1606473008.9	160000	16.018595	0.0	11485310	93	160.0
1606473009.07	160000	16.847344	0.0	12428518	101	160.0
1606473009.22	160000	17.704904	0.0	9963766	84	160.0
1606473009.41	160000	18.51654	0.0	12189364	107	160.0
1606473009.56	160000	19.367145	0.0	10142396	89	160.0
1606473009.71	160000	20.217141	0.0	10185488	90	160.0
1606473009.92	160000	21.007943	0.0	14061455	123	160.0
1606473010.22	160000	21.710875	0.0	20074099	177	160.0
1606473010.74	160000	22.189288	0.0	46115254	259	160.0
1606473011.21	160000	22.721421	0.0	40906522	227	160.0
1606473011.35	160000	23.591032	0.0	7891151	80	160.0
1606473011.68	160000	24.250741	0.0	21012466	210	160.0
1606473012.05	160000	24.880277	0.0	23519424	238	160.0
1606473012.9	160000	25.029286	0.0	18715420	740	160.0
1606473017.5	160000	21.431032	0.0	17000816	4495	160.0
1606473019.77	160000	20.165718	0.0	14448126	2179	160.0
1606473020.58	160000	20.350581	0.0	6958676	765	160.0
1606473021.37	160000	20.569011	0.0	9088791	725	160.0
1606473021.91	160000	21.030275	0.0	7211881	494	160.0
1606473022.14	160000	21.795472	0.0	3063586	209	160.0
1606473022.36	160000	22.578176	0.0	2782179	195	160.0
1606473023.13	160000	22.813054	0.0	9958410	705	160.0
1606473023.43	160000	23.509896	0.0	12158708	234	160.0
1606473023.68	160000	24.262165	0.0	12300216	176	160.0
1606473024.0	160000	24.946565	0.0	15815684	225	160.0
1606473024.27	160000	25.675043	0.0	13526256	193	160.0
1606473025.03	160000	25.917988	0.0	11995130	688	160.0
1606473026.67	160000	25.273779	0.0	13394791	1569	160.0
1606473027.99	160000	24.962461	0.0	14135828	1232	160.0
