1606451566.43	40000	1.000999	0.055	334476	42	-8.8
1606451567.67	20000	1.294882	0.152	11007815	1063	-24.32
1606451568.53	20000	1.455371	0.0	8849724	730	20.0
1606451568.89	20000	2.099462	0.0	3191121	254	20.0
1606451570.78	160000	1.233297	0.0	19639705	1648	20.0
1606451572.73	160000	1.287085	0.975	20946809	1767	4.0
1606451573.78	160000	1.262827	0.03	11895609	917	155.2
1606451574.45	160000	1.597416	0.0	7597636	542	160.0
1606451575.4	40000	1.65338	0.0	9295618	808	-80.0
1606451575.98	40000	2.071556	0.0	5971357	469	40.0
1606451576.96	60000	2.090813	0.0	10988410	833	40.0
1606451578.36	60000	1.6927	0.0	15230785	1234	60.0
1606451579.55	80000	1.501876	0.0	17710542	1004	60.0
1606451579.95	80000	2.103089	0.0	7412644	277	80.0
1606451580.95	110000	2.106307	0.0	12783186	846	80.0
1606451582.15	110000	1.909726	0.0	13101938	1042	110.0
1606451582.7	110000	2.360876	0.0	5268213	442	110.0
1606451583.68	110000	2.383708	0.0	9838179	845	110.0
1606451584.3	110000	2.761966	0.0	6126794	505	110.0
1606451587.0	110000	1.296443	0.239	26576979	2466	71.75999999999999
1606451588.27	110000	1.284077	0.251	19285617	1081	69.84
1606451589.01	80000	1.540814	0.0	11453319	598	50.0
1606451589.86	80000	1.690272	0.0	13274781	704	80.0
1606451593.22	80000	1.30092	1.972	14862949	3214	-235.51999999999998
1606451594.52	80000	1.258064	0.251	10513690	1165	39.84
1606451595.22	80000	1.553644	0.0	8329186	579	80.0
1606451597.75	60000	1.276953	1.247	27018238	2312	-159.52
1606451598.86	20000	1.275089	0.109	11684632	975	-37.44
1606451599.09	20000	2.044342	0.0	1849732	141	20.0
1606451599.33	20000	2.807112	0.0	1942795	148	20.0
1606451599.55	20000	3.586588	0.0	1704756	131	20.0
1606451599.77	20000	4.3669	0.0	1697111	130	20.0
1606451599.98	20000	5.161799	0.0	1529441	117	20.0
1606451600.19	20000	5.952745	0.0	1568649	120	20.0
1606451600.41	20000	6.734787	0.0	1677618	129	20.0
1606451600.6	20000	7.544188	0.0	1415096	103	20.0
1606451601.66	160000	7.487099	0.0	12189364	912	20.0
1606451602.62	160000	7.533891	0.0	10142396	824	160.0
1606451603.48	160000	7.672298	0.0	10185488	715	160.0
1606451604.71	160000	7.435356	0.0	14061455	1087	160.0
1606451606.43	160000	6.716813	0.0	20074099	1529	160.0
1606451610.06	160000	4.090793	0.0	46115254	3145	160.0
1606451613.49	160000	1.662026	0.0	40906522	3115	160.0
1606451614.31	160000	1.837199	0.0	7891151	700	160.0
1606451616.12	160000	1.400252	0.368	21012466	1625	101.12
1606451618.15	160000	1.26205	0.89	23519424	1837	17.599999999999994
1606451619.72	160000	1.409924	0.72	18715420	1404	44.8
1606451621.22	160000	1.380618	0.464	17000816	1334	85.76
1606451622.43	160000	1.345243	0.18	14448126	1064	131.2
1606451623.04	160000	1.73459	0.0	6958676	489	160.0
1606451623.9	160000	1.879283	0.0	9088791	729	160.0
1606451624.74	160000	2.035971	0.0	7211881	726	160.0
1606451625.12	160000	2.659583	0.0	3063586	280	160.0
1606451625.47	160000	3.310876	0.0	2782179	253	160.0
1606451626.29	160000	3.495568	0.0	9958410	687	160.0
1606451627.35	160000	3.430776	0.0	12158708	926	160.0
1606451628.48	160000	3.310734	0.0	12300216	977	160.0
1606451629.93	160000	2.857231	0.0	15815684	1288	160.0
1606451631.08	160000	2.710656	0.0	13526256	1002	160.0
1606451632.12	160000	2.672454	0.0	11995130	885	160.0
1606451633.28	160000	2.512225	0.0	13394791	1009	160.0
1606451634.45	160000	2.344392	0.0	14135828	1019	160.0
1606451635.68	160000	2.108946	0.0	15366126	1080	160.0
1606451637.12	160000	1.674918	0.0	14248439	1277	160.0
1606451638.3	160000	1.495099	0.0	13843717	1031	160.0
1606451639.16	110000	1.630195	0.0	9417807	717	60.0
1606451640.47	110000	1.323948	0.0	14377779	1155	110.0
1606451641.86	110000	1.294533	0.344	17340552	1211	54.96
1606451642.74	80000	1.39767	0.0	10883852	746	50.0
1606451643.93	80000	1.390402	0.179	13889966	1047	51.36
1606451645.11	80000	1.306063	0.09	12943936	1029	65.6
1606451645.93	80000	1.479026	0.0	8355811	701	80.0
1606451647.04	110000	1.40634	0.025	10916331	958	76.0
1606451648.04	110000	1.433702	0.029	12021075	847	105.36
1606451649.02	110000	1.4541	0.0	11809774	837	110.0
1606451650.11	110000	1.468446	0.099	13817529	944	94.16
1606451650.91	20000	1.656185	0.0	9620218	673	-70.0
1606451651.51	60000	2.064383	0.0	6659174	462	20.0
1606451652.3	60000	2.27109	0.0	9827222	662	60.0
1606451653.44	80000	2.137832	0.0	11975956	990	60.0
1606451654.65	160000	1.920406	0.0	13347845	1064	80.0
1606451655.98	160000	1.594099	0.0	14337991	1175	160.0
1606451657.31	160000	1.29703	0.032	14584990	1184	154.88
1606451658.47	160000	1.358589	0.216	13962401	1015	125.44
1606451659.61	160000	1.325375	0.112	14393788	1004	142.07999999999998
1606451660.61	160000	1.438635	0.112	14649457	853	142.07999999999998
1606451661.47	160000	1.584226	0.0	13409715	707	160.0
1606451662.29	160000	1.768668	0.0	13909605	666	160.0
1606451663.0	160000	2.052487	0.0	13301968	567	160.0
1606451663.86	160000	2.201445	0.0	19025846	671	160.0
1606451664.61	160000	2.451655	0.0	19295426	573	160.0
1606451665.36	160000	2.699827	0.0	18261873	572	160.0
1606451666.2	160000	2.867115	0.0	19847604	649	160.0
1606451667.01	160000	3.047983	0.0	18767181	623	160.0
1606451667.81	160000	3.249153	0.0	22420858	603	160.0
1606451668.39	160000	3.670873	0.0	19324333	392	160.0
1606451668.98	160000	4.078598	0.0	20392234	406	160.0
1606451669.23	160000	4.8297	0.0	7671072	131	160.0
1606451669.72	160000	5.348994	0.0	17781906	304	160.0
1606451670.08	160000	5.991598	0.0	12839336	202	160.0
1606451670.38	160000	6.687679	0.0	10779770	166	160.0
1606451670.76	160000	7.311465	0.0	14606687	225	160.0
1606451671.54	160000	7.530623	0.0	41866951	489	160.0
1606451672.23	160000	7.836906	0.0	37238410	412	160.0
1606451672.53	160000	8.537724	0.0	14347759	147	160.0
1606451672.81	160000	9.278433	0.0	11399187	118	160.0
1606451673.03	160000	10.038686	0.0	10358641	97	160.0
1606451673.33	160000	10.749979	0.0	14315696	137	160.0
1606451673.76	160000	11.31097	0.0	23283631	223	160.0
1606451674.42	160000	11.653499	0.0	37521367	386	160.0
1606451674.86	160000	12.218745	0.0	22241104	230	160.0
1606451675.3	160000	12.777813	0.0	15813346	276	160.0
1606451675.77	160000	13.309333	0.0	17116450	296	160.0
1606451676.23	160000	13.846648	0.0	18867054	279	160.0
1606451676.66	160000	14.417634	0.0	17393609	255	160.0
1606451677.22	160000	14.866732	0.0	24759401	326	160.0
1606451677.75	160000	15.336442	0.0	25782433	317	160.0
1606451678.62	160000	15.466878	0.0	25885372	653	160.0
1606451679.63	160000	15.453142	0.0	26242011	787	160.0
1606451680.35	160000	15.736594	0.0	23865378	510	160.0
1606451681.04	160000	16.04614	0.0	25470681	464	160.0
1606451681.76	160000	16.329892	0.0	27258768	488	160.0
1606451682.32	160000	16.774657	0.0	17853711	381	160.0
1606451682.81	160000	17.284389	0.0	14829893	331	160.0
1606451691.92	160000	9.171848	0.0	27779697	8880	160.0
1606451692.24	20000	9.848571	0.0	2991202	222	-120.0
1606451692.56	20000	10.530886	0.0	3002106	222	20.0
1606451692.8	20000	11.290693	0.0	2015412	149	20.0
1606451693.13	20000	11.969193	0.0	2894863	226	20.0
1606451693.4	20000	12.700737	0.0	2185316	176	20.0
1606451693.77	20000	13.329502	0.0	3370605	272	20.0
1606451694.14	20000	13.962996	0.0	3492243	267	20.0
1606451694.32	20000	14.780953	0.0	1307592	94	20.0
1606451694.55	20000	15.553823	0.0	1881404	136	20.0
1606451694.77	20000	16.3319	0.0	1806471	131	20.0
1606451695.0	20000	17.099353	0.0	1945842	141	20.0
1606451695.31	20000	17.793323	0.0	2538877	213	20.0
1606451695.6	20000	18.50897	0.0	2298557	193	20.0
1606451695.93	20000	19.17444	0.0	2831497	238	20.0
1606451696.3	20000	19.81431	0.0	3200905	261	20.0
1606451696.57	20000	20.534852	0.0	2180586	178	20.0
1606451698.05	160000	20.056431	0.0	14127787	1319	20.0
1606451699.46	160000	19.65117	0.0	17525699	1225	160.0
1606451700.65	160000	19.458296	0.0	14240042	1040	160.0
1606451702.49	160000	18.625869	0.0	20324139	1649	160.0
1606451704.94	160000	17.172133	0.0	21993033	2249	160.0
1606451707.28	160000	15.838458	0.0	18863108	2155	160.0
1606451708.83	160000	15.284727	0.0	15964734	1377	160.0
1606451709.59	160000	15.530289	0.0	8284939	636	160.0
1606451710.45	160000	15.668948	0.0	9004706	735	160.0
1606451711.34	160000	15.780129	0.0	6955279	775	160.0
1606451714.71	160000	13.40374	0.0	10701639	3236	160.0
1606451717.4	160000	11.718576	0.0	9459459	2554	160.0
1606451717.75	160000	12.369131	0.0	3212828	252	160.0
1606451718.04	160000	13.084818	0.0	2509989	197	160.0
1606451718.26	160000	13.861063	0.0	2004927	154	160.0
1606451718.36	160000	14.764984	0.0	591360	45	160.0
1606451718.59	160000	15.967681	0.0	2394426	184	160.0
1606451718.92	40000	1.000999	0.039	336477	25	-6.240000000000002
1606451721.06	20000	1.312205	1.178	11007815	1976	-188.48
1606451724.16	20000	1.304648	2.063	8849724	2975	-310.08
1606451725.24	20000	1.47368	0.217	3191121	991	-14.719999999999999
1606451726.08	60000	1.639308	0.0	8954217	700	20.0
1606451726.43	40000	2.293697	0.0	3421740	244	20.0
1606451726.66	40000	3.061588	0.0	1987360	140	40.0
1606451726.81	20000	3.93317	0.0	730082	50	0.0
1606451727.2	20000	4.542569	0.0	4047415	289	20.0
1606451727.49	20000	5.252872	0.0	2863079	191	20.0
1606451727.87	20000	5.871772	0.0	4167844	280	20.0
1606451728.31	20000	6.429406	0.0	5571764	331	20.0
1606451728.65	20000	7.091817	0.0	4925652	232	20.0
1606451728.94	40000	7.808111	0.0	3829326	180	20.0
1606451729.24	40000	8.509682	0.0	4447520	196	40.0
1606451729.58	60000	9.166685	0.0	7016601	223	40.0
1606451729.74	60000	10.008815	0.0	1942216	59	60.0
1606451730.0	60000	10.752521	0.0	4718233	150	60.0
1606451730.15	40000	11.59515	0.0	1997555	64	20.0
1606451730.66	40000	12.092426	0.0	11199212	367	40.0
1606451731.06	40000	12.695848	0.0	8376884	274	40.0
1606451731.4	40000	13.355199	0.0	6254528	226	40.0
1606451731.8	40000	13.954663	0.0	7313446	276	40.0
1606451733.16	160000	13.597874	0.0	27580394	1036	40.0
1606451734.61	160000	13.147374	0.0	20329780	1257	160.0
1606451736.07	160000	12.694245	0.0	16109183	1283	160.0
1606451740.29	160000	9.471392	0.0	58830800	3575	160.0
