1606457602.32	40000	1.000999	0.052	334476	40	-8.32
1606457603.57	20000	1.47366	0.323	11007815	1078	-51.68
1606457604.51	20000	1.549498	0.0	8849724	800	20.0
1606457604.9	20000	2.17496	0.0	3191121	288	20.0
1606457606.81	160000	1.289423	0.0	19639705	1658	20.0
1606457607.04	20000	2.055793	0.0	1315024	120	-120.0
1606457607.18	20000	2.941353	0.0	698359	52	20.0
1606457607.33	20000	3.797621	0.0	730082	55	20.0
1606457607.74	20000	4.383956	0.0	4047415	309	20.0
1606457608.06	20000	5.066858	0.0	2863079	218	20.0
1606457608.56	20000	5.572483	0.0	4167844	384	20.0
1606457609.92	40000	5.211435	0.0	10578989	1214	20.0
1606457611.38	60000	4.756666	0.0	13601559	1298	40.0
1606457613.02	160000	4.116867	0.0	19559369	1445	60.0
1606457616.69	160000	1.492243	0.058	22224402	3466	150.72
1606457617.77	110000	1.417063	0.0	13101938	920	60.0
1606457618.23	110000	1.959569	0.0	5268213	346	110.0
1606457618.91	110000	2.279989	0.0	9838179	537	110.0
1606457619.32	110000	2.864919	0.0	6126794	301	110.0
1606457619.71	20000	3.477523	0.0	6357933	262	-70.0
1606457620.02	20000	4.167621	0.0	4814284	200	20.0
1606457620.26	20000	4.930922	0.0	3419258	135	20.0
1606457620.51	20000	5.680116	0.0	3944328	143	20.0
1606457620.78	20000	6.415428	0.0	4284196	156	20.0
1606457621.0	20000	7.194073	0.0	3022025	110	20.0
1606457621.18	20000	8.01568	0.0	2248581	82	20.0
1606457621.65	20000	8.545713	0.0	9946363	336	20.0
1606457622.19	20000	9.006925	0.0	11684632	395	20.0
1606457622.34	20000	9.857493	0.0	1849732	46	20.0
1606457622.99	160000	10.210547	0.0	16574034	478	20.0
1606457623.51	160000	10.697642	0.0	13009028	367	160.0
1606457624.01	160000	11.189007	0.0	12791674	354	160.0
1606457629.42	160000	6.785447	0.0	11137898	5254	160.0
1606457630.64	160000	6.559832	0.0	11485310	1086	160.0
1606457630.86	20000	7.344352	0.0	1677618	118	-120.0
1606457631.05	20000	8.153457	0.0	1415096	100	20.0
1606457631.29	20000	8.915582	0.0	1894067	134	20.0
1606457631.47	20000	9.734835	0.0	1186604	91	20.0
1606457631.64	20000	10.563967	0.0	1068386	81	20.0
1606457631.87	20000	11.34139	0.0	1700843	130	20.0
1606457632.16	20000	12.050318	0.0	2536859	195	20.0
1606457632.72	20000	12.495637	0.0	4742872	445	20.0
1606457633.3	20000	12.913449	0.0	4955535	475	20.0
1606457633.62	20000	13.601302	0.0	1260540	222	20.0
1606457634.34	20000	13.880219	0.0	3605246	614	20.0
1606457634.7	20000	14.514132	0.0	2770338	268	20.0
1606457634.97	20000	15.242267	0.0	1855168	179	20.0
1606457635.23	20000	15.99086	0.0	1666915	160	20.0
1606457635.68	40000	16.541536	0.0	3184630	344	20.0
1606457636.4	160000	16.823574	0.0	6958676	600	40.0
1606457636.8	160000	17.416737	0.0	9088791	280	160.0
1606457637.14	160000	18.07801	0.0	7211881	222	160.0
1606457637.34	160000	18.889165	0.0	3063586	89	160.0
1606457637.48	160000	19.741234	0.0	2782179	49	160.0
1606457637.79	160000	20.434659	0.0	9958410	178	160.0
1606457638.15	160000	21.076922	0.0	12158708	217	160.0
1606457639.47	160000	20.759766	0.0	12300216	1174	160.0
1606457640.53	160000	20.701464	0.0	15815684	894	160.0
1606457640.98	160000	21.248118	0.0	13526256	308	160.0
1606457641.4	160000	21.83333	0.0	11995130	272	160.0
1606457641.79	160000	22.444608	0.0	13394791	236	160.0
1606457642.19	160000	23.042885	0.0	14135828	253	160.0
1606457642.58	160000	23.657282	0.0	15366126	226	160.0
1606457642.93	160000	24.307657	0.0	14248439	195	160.0
1606457643.27	160000	24.968801	0.0	13843717	190	160.0
1606457643.6	160000	25.639312	0.0	14665119	173	160.0
1606457644.04	160000	26.196101	0.0	21079187	247	160.0
1606457644.59	160000	26.645394	0.0	25480074	306	160.0
1606457645.09	160000	27.145638	0.0	23021754	291	160.0
1606457645.64	160000	27.603876	0.0	27527834	314	160.0
1606457646.13	160000	28.115063	0.0	26155848	264	160.0
1606457646.52	160000	28.723929	0.0	17849379	185	160.0
1606457646.88	160000	29.371587	0.0	16546531	178	160.0
1606457647.25	160000	29.998665	0.0	17718949	191	160.0
1606457647.61	160000	30.631301	0.0	17337137	182	160.0
1606457648.01	160000	31.238908	0.0	20008245	210	160.0
1606457649.28	160000	30.963635	0.0	58430914	606	160.0
1606457649.62	160000	31.627505	0.0	16292703	159	160.0
1606457650.09	160000	32.164444	0.0	25587422	253	160.0
1606457650.54	160000	32.718934	0.0	23982306	242	160.0
1606457650.86	160000	33.391763	0.0	13347845	163	160.0
1606457651.19	160000	34.059679	0.0	14337991	177	160.0
1606457651.54	160000	34.714166	0.0	14584990	163	160.0
1606457651.83	160000	35.427069	0.0	13962401	139	160.0
1606457652.13	160000	36.124992	0.0	14393788	151	160.0
1606457652.43	160000	36.822673	0.0	14649457	146	160.0
1606457652.75	160000	37.506494	0.0	13409715	138	160.0
1606457653.05	160000	38.212953	0.0	13909605	144	160.0
1606457653.33	160000	38.927985	0.0	13301968	137	160.0
1606457653.73	160000	39.528287	0.0	19025846	213	160.0
1606457654.14	160000	40.123207	0.0	19295426	216	160.0
1606457654.52	160000	40.744885	0.0	18261873	204	160.0
1606457654.93	160000	41.33348	0.0	19847604	220	160.0
1606457655.32	160000	41.944456	0.0	18767181	201	160.0
1606457655.74	160000	42.527701	0.0	22420858	219	160.0
1606457656.11	160000	43.155256	0.0	19324333	186	160.0
1606457656.5	160000	43.771877	0.0	20392234	197	160.0
1606457656.69	160000	44.582231	0.0	7671072	72	160.0
1606457657.03	160000	45.238068	0.0	17781906	167	160.0
1606457657.3	160000	45.966424	0.0	12839336	121	160.0
1606457657.55	160000	46.726648	0.0	10779770	101	160.0
1606457657.84	160000	47.431048	0.0	14606687	140	160.0
1606457658.57	160000	47.70027	0.0	41866951	408	160.0
1606457659.21	160000	48.068718	0.0	37238410	345	160.0
1606457659.49	160000	48.784283	0.0	14347759	133	160.0
1606457659.72	160000	49.555939	0.0	11399187	96	160.0
1606457659.94	160000	50.336533	0.0	10358641	87	160.0
1606457660.22	160000	51.06307	0.0	14315696	120	160.0
1606457660.62	160000	51.663574	0.0	23283631	196	160.0
1606457661.24	160000	52.043104	0.0	37521367	326	160.0
1606457661.71	160000	52.566789	0.0	22241104	273	160.0
1606457662.22	160000	53.064532	0.0	15813346	339	160.0
1606457665.11	160000	51.1695	0.0	17116450	2718	160.0
1606457666.66	160000	50.620059	0.0	18867054	1367	160.0
1606457667.26	160000	51.021197	0.0	17393609	427	160.0
1606457667.97	160000	51.320983	0.0	24759401	483	160.0
1606457668.64	160000	51.648507	0.0	25782433	458	160.0
1606457668.81	20000	52.481756	0.0	2705936	59	-120.0
1606457668.97	20000	53.316149	0.0	2998622	66	20.0
1606457669.14	20000	54.152533	0.0	2928342	64	20.0
1606457669.33	20000	54.963915	0.0	3059979	69	20.0
1606457669.51	20000	55.786636	0.0	3367422	74	20.0
1606457669.64	20000	56.650195	0.0	1950694	41	20.0
1606457669.77	20000	57.523971	0.0	1541020	34	20.0
1606457669.93	20000	58.362704	0.0	2926720	62	20.0
1606457670.1	20000	59.199992	0.0	2991202	64	20.0
1606457670.76	20000	59.671814	0.0	3002106	65	20.0
1606457671.51	20000	59.922908	0.0	2015412	150	20.0
1606457672.96	160000	59.34231	0.0	23774167	1247	20.0
1606457673.68	160000	59.616102	0.0	19373656	540	160.0
1606457674.43	160000	59.867601	0.0	23977420	517	160.0
1606457675.7	160000	59.676841	0.0	24493733	532	160.0
1606457676.71	160000	59.677901	0.0	14528511	348	160.0
1606457677.75	160000	59.678834	0.0	16841176	365	160.0
1606457678.33	160000	59.974991	0.0	16743604	403	160.0
1606457679.39	160000	59.930901	0.0	17975224	379	160.0
1606457680.63	160000	59.681915	0.0	22329548	471	160.0
1606457681.58	160000	59.932887	0.0	16001583	278	160.0
1606457682.57	160000	59.933957	0.0	18238584	313	160.0
1606457683.61	160000	59.887185	0.0	21308824	335	160.0
1606457684.6	160000	59.935917	0.0	17749058	317	160.0
1606457685.43	160000	59.936809	0.0	14127787	167	160.0
1606457686.83	160000	59.68782	0.0	17525699	212	160.0
1606457687.62	160000	59.93889	0.0	14240042	146	160.0
1606457688.5	160000	59.939816	0.0	20324139	182	160.0
1606457689.42	160000	59.94091	0.0	21993033	217	160.0
1606457690.81	160000	59.691852	0.0	18863108	194	160.0
1606457691.61	160000	59.942863	0.0	15964734	136	160.0
1606457692.81	160000	59.693884	0.0	8284939	75	160.0
1606457693.52	160000	59.944895	0.0	9004706	86	160.0
1606457694.7	160000	59.695925	0.0	6955279	65	160.0
1606457695.44	160000	59.946944	0.0	10701639	97	160.0
1606457696.65	160000	59.697873	0.0	9459459	82	160.0
1606457697.78	160000	59.698861	0.0	3212828	30	160.0
1606457698.43	160000	59.949834	0.0	2509989	37	160.0
1606457699.53	160000	59.950797	0.0	2004927	29	160.0
1606457700.63	160000	59.701917	0.0	591360	44	160.0
1606457702.24	160000	59.636578	0.0	2394426	53	160.0
1606457702.6	40000	1.000999	0.023	336477	2	-3.6799999999999997
1606457702.99	160000	1.941422	0.0	14912671	152	40.0
1606457703.61	160000	2.409794	0.0	24265636	296	160.0
1606457704.96	160000	2.090075	0.0	22711544	1144	160.0
1606457706.67	160000	1.470837	0.0	19639705	1516	160.0
1606457707.1	160000	2.074739	0.0	20946809	242	160.0
1606457707.39	160000	2.817079	0.0	11895609	126	160.0
1606457707.59	160000	3.611192	0.0	7597636	88	160.0
1606457708.65	160000	3.558612	0.0	56067905	514	160.0
1606457711.11	160000	2.095477	0.0	45444680	2136	160.0
1606457711.51	80000	2.696839	0.0	15275967	223	0.0
1606457712.07	80000	3.139868	0.0	20600381	363	80.0
1606457712.62	80000	3.592063	0.0	17710542	362	80.0
1606457717.05	160000	1.276794	1.123	19559369	4259	-99.68
1606457719.67	160000	1.401411	1.724	22224402	2413	-115.83999999999997
1606457719.94	60000	2.117139	0.0	7016601	134	-40.0
1606457720.06	60000	2.996905	0.0	1942216	25	60.0
1606457720.23	60000	3.830064	0.0	4718233	59	60.0
1606457720.37	60000	4.687828	0.0	3263003	41	60.0
1606457720.58	20000	5.485148	0.0	6357933	80	-20.0
1606457720.75	20000	6.314831	0.0	4814284	61	20.0
1606457720.89	20000	7.175363	0.0	3419258	37	20.0
1606457721.06	20000	8.007614	0.0	3944328	50	20.0
1606457721.21	20000	8.856204	0.0	4284196	46	20.0
1606457721.34	20000	9.725543	0.0	3022025	33	20.0
1606457721.46	20000	10.604133	0.0	2248581	25	20.0
1606457721.71	20000	11.361161	0.0	9946363	109	20.0
1606457721.97	20000	12.100321	0.0	11684632	120	20.0
1606457722.08	20000	12.988516	0.0	1849732	18	20.0
1606457722.19	20000	13.877224	0.0	1942795	20	20.0
