1606491591.31	40000	1.000999	0.017	334476	6	-2.719999999999999
1606491591.73	40000	1.875323	0.0	14648397	288	40.0
1606491592.3	60000	2.384533	0.0	20421673	402	40.0
1606491592.81	60000	2.874863	0.0	13063186	428	60.0
1606491593.18	60000	3.533481	0.0	8954217	307	60.0
1606491594.27	80000	3.517135	0.0	11497228	1011	60.0
1606491594.58	80000	4.220467	0.0	6232523	272	80.0
1606491594.87	80000	4.960699	0.0	5425476	239	80.0
1606491596.62	80000	4.232713	0.0	29583867	1502	80.0
1606491599.29	110000	2.56399	0.0	28884539	2492	80.0
1606491601.63	110000	1.28813	0.063	26873304	2196	99.92
1606491604.58	110000	1.384252	2.047	33588177	2787	-217.51999999999998
1606491607.71	110000	1.432304	2.182	25684661	3007	-239.12
1606491609.62	110000	1.365571	0.837	10838546	1843	-23.919999999999987
1606491611.33	160000	1.454156	0.802	22224402	1597	-18.319999999999993
1606491613.02	160000	1.261828	0.494	22578365	1565	80.96
1606491613.61	160000	1.677492	0.0	8346702	532	160.0
1606491614.68	160000	1.604566	0.0	15775481	975	160.0
1606491615.36	160000	1.926305	0.0	9163235	622	160.0
1606491617.82	160000	1.259261	0.789	41307095	2206	33.760000000000005
1606491619.53	160000	1.306521	0.749	28763893	1559	40.16
1606491623.29	160000	1.307084	2.766	21266416	3648	-282.56
1606491627.62	160000	1.316315	3.335	23702229	4207	-373.6
1606491629.92	160000	1.410676	1.392	27580394	2162	-62.72
1606491630.98	160000	1.349795	0.0	20329780	932	160.0
1606491631.67	160000	1.66425	0.0	16109183	588	160.0
1606491633.82	160000	1.052039	0.535	58830800	1705	74.4
1606491637.04	160000	1.34151	2.513	66935122	2905	-242.07999999999998
1606491637.42	160000	1.96128	0.0	15251076	288	160.0
1606491637.84	160000	2.548358	0.0	16574034	307	160.0
1606491638.16	160000	3.229536	0.0	13009028	241	160.0
1606491638.47	160000	3.915086	0.0	12791674	239	160.0
1606491638.83	160000	4.553777	0.0	11137898	291	160.0
1606491639.21	160000	5.182796	0.0	11485310	301	160.0
1606491639.99	160000	5.402253	0.0	12428518	705	160.0
1606491641.14	160000	5.246355	0.0	9963766	1097	160.0
1606491642.91	160000	4.484569	0.0	12189364	1691	160.0
1606491644.63	160000	3.767789	0.0	10142396	1654	160.0
1606491645.51	160000	3.879844	0.0	10185488	826	160.0
1606491646.61	160000	3.780929	0.0	14061455	1020	160.0
1606491647.23	160000	4.167502	0.0	20074099	498	160.0
1606491648.59	160000	3.804425	0.0	46115254	1105	160.0
1606491649.88	160000	3.522004	0.0	40906522	1041	160.0
1606491650.13	160000	4.265672	0.0	7891151	202	160.0
1606491650.76	160000	4.637831	0.0	21012466	510	160.0
1606491651.42	160000	4.991179	0.0	23519424	509	160.0
1606491652.01	160000	5.389525	0.0	18715420	477	160.0
1606491652.57	160000	5.833704	0.0	17000816	454	160.0
1606491653.01	160000	6.397208	0.0	14448126	348	160.0
1606491653.23	160000	7.177777	0.0	6958676	167	160.0
1606491653.5	160000	7.902307	0.0	9088791	220	160.0
1606491653.7	160000	8.70826	0.0	7211881	149	160.0
1606491653.79	160000	9.616941	0.0	3063586	65	160.0
1606491653.87	160000	10.534881	0.0	2782179	57	160.0
1606491654.14	160000	11.269463	0.0	9958410	205	160.0
1606491654.46	160000	11.950029	0.0	12158708	250	160.0
1606491654.79	160000	12.622098	0.0	12300216	254	160.0
1606491655.24	160000	13.173648	0.0	15815684	348	160.0
1606491655.6	160000	13.814196	0.0	13526256	279	160.0
1606491655.86	160000	14.555476	0.0	11995130	191	160.0
1606491656.15	160000	15.266914	0.0	13394791	213	160.0
1606491656.45	160000	15.962135	0.0	14135828	226	160.0
1606491656.78	160000	16.634404	0.0	15366126	243	160.0
1606491657.09	160000	17.332163	0.0	14248439	224	160.0
1606491657.38	160000	18.036449	0.0	13843717	218	160.0
1606491657.7	160000	18.721445	0.0	14665119	230	160.0
1606491658.15	160000	19.274797	0.0	21079187	329	160.0
1606491658.69	160000	19.736228	0.0	25480074	398	160.0
1606491659.18	160000	20.248628	0.0	23021754	355	160.0
1606491659.74	160000	20.680862	0.0	27527834	422	160.0
1606491660.3	160000	21.129619	0.0	26155848	396	160.0
1606491660.67	160000	21.764228	0.0	17849379	265	160.0
1606491660.99	160000	22.440808	0.0	16546531	217	160.0
1606491661.33	160000	23.103506	0.0	17718949	232	160.0
1606491661.66	160000	23.777858	0.0	17337137	227	160.0
1606491662.02	160000	24.415404	0.0	20008245	242	160.0
1606491663.14	160000	24.291963	0.0	58430914	811	160.0
1606491663.55	160000	24.88065	0.0	16292703	312	160.0
1606491664.08	160000	25.350159	0.0	25587422	390	160.0
1606491664.58	160000	25.856821	0.0	23982306	362	160.0
1606491664.81	160000	26.626129	0.0	13347845	147	160.0
1606491665.05	160000	27.389903	0.0	14337991	158	160.0
1606491665.29	160000	28.148785	0.0	14584990	161	160.0
1606491665.53	160000	28.916201	0.0	13962401	154	160.0
1606491665.75	160000	29.685402	0.0	14393788	142	160.0
1606491665.97	160000	30.467708	0.0	14649457	138	160.0
1606491666.18	160000	31.26345	0.0	13409715	126	160.0
1606491666.39	160000	32.055662	0.0	13909605	130	160.0
1606491666.59	160000	32.855401	0.0	13301968	125	160.0
1606491666.88	160000	33.559692	0.0	19025846	184	160.0
1606491667.18	160000	34.266965	0.0	19295426	186	160.0
1606491667.46	160000	34.987458	0.0	18261873	177	160.0
1606491667.77	160000	35.676204	0.0	19847604	194	160.0
1606491668.07	160000	36.378723	0.0	18767181	190	160.0
1606491668.42	160000	37.027435	0.0	22420858	227	160.0
1606491668.74	160000	37.714662	0.0	19324333	196	160.0
1606491669.07	160000	38.385593	0.0	20392234	205	160.0
1606491669.19	160000	39.259941	0.0	7671072	78	160.0
1606491669.48	160000	39.978943	0.0	17781906	179	160.0
1606491669.69	160000	40.764422	0.0	12839336	137	160.0
1606491669.87	160000	41.582507	0.0	10779770	118	160.0
1606491670.12	160000	42.340465	0.0	14606687	161	160.0
1606491670.83	160000	42.629394	0.0	41866951	463	160.0
1606491671.37	160000	43.086813	0.0	37238410	325	160.0
1606491671.59	160000	43.880609	0.0	14347759	126	160.0
1606491671.76	160000	44.70549	0.0	11399187	97	160.0
1606491671.91	160000	45.553015	0.0	10358641	89	160.0
1606491672.11	160000	46.353349	0.0	14315696	120	160.0
1606491672.44	160000	47.028715	0.0	23283631	196	160.0
1606491672.99	160000	47.472292	0.0	37521367	331	160.0
1606491673.33	160000	48.14261	0.0	22241104	211	160.0
1606491673.58	160000	48.882686	0.0	15813346	149	160.0
1606491673.85	160000	49.622401	0.0	17116450	156	160.0
1606491674.12	160000	50.34502	0.0	18867054	170	160.0
1606491674.38	160000	51.088447	0.0	17393609	156	160.0
1606491674.76	160000	51.715325	0.0	24759401	238	160.0
1606491675.14	160000	52.330711	0.0	25782433	246	160.0
1606491675.55	160000	52.927267	0.0	25885372	247	160.0
1606491676.19	160000	53.280789	0.0	26242011	505	160.0
1606491677.41	160000	53.061701	0.0	23865378	1066	160.0
1606491678.93	160000	52.548707	0.0	25470681	1374	160.0
1606491680.87	160000	51.608883	0.0	27258768	1774	160.0
1606491681.45	160000	52.029338	0.0	17853711	481	160.0
1606491681.88	160000	52.599952	0.0	14829893	344	160.0
1606491682.52	160000	52.960753	0.0	27779697	490	160.0
1606491683.17	160000	53.310542	0.0	27714923	504	160.0
1606491683.81	160000	53.676774	0.0	25946474	478	160.0
1606491684.26	160000	54.219366	0.0	19596259	338	160.0
1606491684.81	160000	54.678582	0.0	23774167	412	160.0
1606491687.95	160000	52.536774	0.0	19373656	3022	160.0
1606491689.98	160000	51.508916	0.0	23977420	1892	160.0
1606491691.02	160000	51.462597	0.0	24493733	903	160.0
1606491691.29	160000	52.197595	0.0	14528511	186	160.0
1606491691.61	160000	52.87953	0.0	16841176	227	160.0
1606491691.91	160000	53.583157	0.0	16743604	194	160.0
1606491692.21	160000	54.280408	0.0	17975224	197	160.0
1606491692.55	160000	54.938919	0.0	22329548	218	160.0
1606491692.8	160000	55.689264	0.0	16001583	156	160.0
1606491693.08	160000	56.411788	0.0	18238584	173	160.0
1606491693.4	160000	57.097073	0.0	21308824	188	160.0
1606491693.66	160000	57.840441	0.0	17749058	159	160.0
1606491693.85	160000	58.643475	0.0	14127787	120	160.0
1606491694.09	160000	59.41045	0.0	17525699	129	160.0
1606491694.78	160000	59.971296	0.0	14240042	106	160.0
1606491695.54	160000	59.972252	0.0	20324139	145	160.0
1606491696.83	160000	59.723281	0.0	21993033	158	160.0
1606491697.55	160000	59.974291	0.0	18863108	112	160.0
1606491698.74	160000	59.975323	0.0	15964734	94	160.0
1606491699.84	160000	59.726297	0.0	8284939	45	160.0
1606491700.95	160000	59.727337	0.0	9004706	55	160.0
1606491701.54	160000	59.978301	0.0	6955279	38	160.0
1606491702.66	160000	59.979297	0.0	10701639	56	160.0
1606491703.76	160000	59.980262	0.0	9459459	48	160.0
1606491704.81	160000	59.731323	0.0	3212828	19	160.0
1606491705.85	160000	59.732262	0.0	2509989	15	160.0
1606491706.88	160000	59.733262	0.0	2004927	14	160.0
1606491707.9	160000	59.734303	0.0	591360	3	160.0
1606491709.44	160000	59.669041	0.0	2394426	14	160.0
1606491709.7	40000	1.000999	0.059	337339	1	-9.439999999999998
1606491709.98	40000	2.001999	0.0	14648397	73	40.0
1606491710.28	60000	2.829406	0.0	20421673	103	40.0
1606491710.43	60000	3.681288	0.0	13063186	66	60.0
1606491710.53	60000	4.582158	0.0	8954217	45	60.0
1606491710.67	80000	5.446533	0.0	11497228	57	60.0
1606491710.74	80000	6.375012	0.0	6232523	31	80.0
1606491710.81	80000	7.311136	0.0	5425476	27	80.0
1606491711.26	80000	7.862845	0.0	29583867	193	80.0
1606491711.65	110000	8.498819	0.0	28884539	208	80.0
1606491712.01	110000	9.146682	0.0	26873304	198	110.0
1606491712.57	110000	9.612102	0.0	33588177	380	110.0
1606491713.01	110000	10.199824	0.0	25684661	289	110.0
1606491713.16	110000	11.045571	0.0	10838546	91	110.0
1606491713.49	160000	11.759462	0.0	22224402	188	110.0
1606491713.82	160000	12.435296	0.0	22578365	190	160.0
1606491713.94	160000	13.314845	0.0	8346702	69	160.0
1606491714.15	160000	14.107449	0.0	15775481	114	160.0
1606491714.28	160000	14.99863	0.0	9163235	66	160.0
1606491714.85	160000	15.426415	0.0	41307095	298	160.0
1606491715.25	160000	16.025686	0.0	28763893	237	160.0
1606491715.56	160000	16.714964	0.0	21266416	179	160.0
1606491715.9	160000	17.379684	0.0	23702229	199	160.0
1606491716.29	160000	17.993013	0.0	27580394	227	160.0
1606491716.59	160000	18.694223	0.0	20329780	167	160.0
1606491716.81	160000	19.470516	0.0	16109183	131	160.0
1606491717.68	160000	19.601357	0.0	58830800	414	160.0
1606491718.51	160000	19.77641	0.0	66935122	454	160.0
1606491718.7	160000	20.586499	0.0	15251076	99	160.0
1606491718.91	160000	21.378165	0.0	16574034	110	160.0
1606491719.17	160000	22.127523	0.0	13009028	176	160.0
1606491719.43	160000	22.860526	0.0	12791674	178	160.0
1606491719.64	160000	23.645921	0.0	11137898	150	160.0
1606491719.87	160000	24.422578	0.0	11485310	155	160.0
1606491720.66	160000	24.637219	0.0	12428518	711	160.0
1606491721.36	160000	24.937641	0.0	9963766	640	160.0
1606491722.02	160000	25.269972	0.0	12189364	600	160.0
1606491722.2	160000	26.094768	0.0	10142396	117	160.0
1606491722.4	160000	26.897817	0.0	10185488	130	160.0
1606491722.65	160000	27.6513	0.0	14061455	162	160.0
1606491722.99	160000	28.3039	0.0	20074099	230	160.0
1606491723.7	160000	28.598939	0.0	46115254	455	160.0
1606491724.35	160000	28.953837	0.0	40906522	406	160.0
1606491724.48	160000	29.823063	0.0	7891151	79	160.0
1606491724.81	160000	30.492738	0.0	21012466	211	160.0
1606491725.2	160000	31.109171	0.0	23519424	253	160.0
1606491725.53	160000	31.771662	0.0	18715420	219	160.0
1606491725.83	160000	32.475359	0.0	17000816	201	160.0
1606491726.09	160000	33.219398	0.0	14448126	170	160.0
1606491726.21	160000	34.09383	0.0	6958676	82	160.0
1606491726.39	160000	34.92055	0.0	9088791	104	160.0
1606491726.52	160000	35.790331	0.0	7211881	85	160.0
1606491726.58	160000	36.729095	0.0	3063586	35	160.0
1606491726.64	160000	37.674345	0.0	2782179	33	160.0
1606491726.81	160000	38.499561	0.0	9958410	116	160.0
1606491727.02	160000	39.290273	0.0	12158708	142	160.0
1606491727.25	160000	40.066857	0.0	12300216	152	160.0
1606491727.54	160000	40.772347	0.0	15815684	199	160.0
1606491727.78	160000	41.531871	0.0	13526256	167	160.0
1606491728.0	160000	42.317165	0.0	11995130	147	160.0
1606491728.35	160000	42.977732	0.0	13394791	265	160.0
1606491728.72	160000	43.599659	0.0	14135828	292	160.0
