1606467469.48	40000	1.000999	0.127	334476	114	-20.32
1606467473.65	20000	1.479876	3.278	11007815	4004	-524.48
1606467474.83	20000	1.340657	0.023	8849724	1061	16.32
1606467475.17	20000	2.000603	0.0	3191121	244	20.0
1606467475.41	20000	2.806811	0.0	1661718	145	20.0
1606467475.61	20000	3.60566	0.0	1315024	114	20.0
1606467475.75	20000	4.462433	0.0	698359	60	20.0
1606467475.9	20000	5.316759	0.0	730082	63	20.0
1606467476.46	20000	5.75712	0.0	4047415	463	20.0
1606467476.99	20000	6.223603	0.0	2863079	440	20.0
1606467477.64	20000	6.579589	0.0	4167844	547	20.0
1606467478.42	20000	6.804112	0.0	5571764	668	20.0
1606467479.05	20000	7.171131	0.0	4925652	526	20.0
1606467479.48	40000	7.738668	0.0	3829326	318	20.0
1606467479.94	40000	8.285738	0.0	4447520	353	40.0
1606467480.37	40000	8.851566	0.0	4548277	333	40.0
1606467480.6	60000	9.627826	0.0	1942216	128	40.0
1606467481.02	60000	10.211089	0.0	4718233	311	60.0
1606467481.3	60000	10.932085	0.0	3263003	183	60.0
1606467481.93	40000	11.304418	0.0	11199212	488	20.0
1606467483.16	160000	11.06861	0.0	28763893	908	40.0
1606467483.8	160000	11.425946	0.0	21266416	450	160.0
1606467484.55	160000	11.678241	0.0	23702229	536	160.0
1606467487.83	160000	9.398042	0.0	27580394	3049	160.0
1606467488.96	160000	9.271557	0.0	20329780	933	160.0
1606467489.81	160000	9.423274	0.0	16109183	681	160.0
1606467496.88	160000	3.351444	0.0	58830800	6442	160.0
1606467502.59	160000	1.421896	2.777	66935122	5312	-284.32
1606467504.19	160000	1.256377	0.436	15251076	1450	90.24
1606467505.49	160000	1.442567	0.487	16574034	1144	82.08
1606467506.66	160000	1.430527	0.164	13009028	1039	133.76
1606467507.9	160000	1.344961	0.15	12791674	1102	136.0
1606467508.99	160000	1.495455	0.242	11137898	964	121.28
1606467510.03	160000	1.483309	0.028	11485310	900	155.52
1606467511.25	160000	1.266901	0.0	12428518	1077	160.0
1606467512.09	160000	1.433635	0.0	9963766	702	160.0
1606467513.09	160000	1.429944	0.0	12189364	862	160.0
1606467514.03	160000	1.491042	0.0	10142396	807	160.0
1606467514.92	160000	1.604247	0.0	10185488	755	160.0
1606467516.22	160000	1.337859	0.034	14061455	1149	154.56
1606467517.09	80000	1.468204	0.0	10250816	730	0.0
1606467517.53	20000	2.027924	0.0	4742872	332	-40.0
1606467518.02	20000	2.544205	0.0	4955535	376	20.0
1606467518.77	160000	2.788817	0.0	7891151	628	20.0
1606467520.85	160000	1.714166	0.0	21012466	1886	160.0
1606467522.83	160000	1.310353	0.577	23519424	1785	67.68
1606467524.33	160000	1.389301	0.583	18715420	1342	66.72
1606467525.68	160000	1.473061	0.43	17000816	1188	91.2
1606467526.97	160000	1.403333	0.221	14448126	1144	124.64
1606467527.72	160000	1.654855	0.0	6958676	633	160.0
1606467528.54	160000	1.833646	0.0	9088791	696	160.0
1606467529.26	160000	2.114096	0.0	7211881	602	160.0
1606467529.6	160000	2.777348	0.0	3063586	241	160.0
1606467529.9	160000	3.484348	0.0	2782179	200	160.0
1606467530.73	160000	3.65442	0.0	9958410	702	160.0
1606467531.7	160000	3.681664	0.0	12158708	825	160.0
1606467532.82	160000	3.564132	0.0	12300216	968	160.0
1606467534.36	160000	3.026225	0.0	15815684	1372	160.0
1606467535.43	160000	2.953138	0.0	13526256	927	160.0
1606467536.47	160000	2.913879	0.0	11995130	898	160.0
1606467537.52	160000	2.86573	0.0	13394791	902	160.0
1606467538.66	160000	2.733929	0.0	14135828	975	160.0
1606467539.91	160000	2.478585	0.0	15366126	1099	160.0
1606467541.04	160000	2.351384	0.0	14248439	968	160.0
1606467542.23	160000	2.161489	0.0	13843717	1041	160.0
1606467543.79	160000	1.60579	0.0	14665119	1397	160.0
1606467545.3	110000	1.391302	0.297	14377779	1362	12.479999999999997
1606467546.91	110000	1.439877	0.661	17340552	1455	4.239999999999995
1606467548.34	110000	1.351231	0.335	15365006	1280	56.4
1606467549.84	110000	1.437429	0.585	19021488	1331	16.400000000000006
1606467550.86	80000	1.441665	0.03	12943936	875	45.2
1606467551.58	80000	1.72107	0.0	8355811	596	80.0
1606467552.24	80000	2.065209	0.0	7699623	534	80.0
1606467553.05	80000	2.257043	0.0	8697196	684	80.0
1606467553.88	80000	2.433137	0.0	8539884	700	80.0
1606467554.69	80000	2.618778	0.0	10111273	681	80.0
1606467556.97	60000	1.340632	0.0	26329427	2057	40.0
1606467558.03	110000	1.308812	0.024	11574285	919	56.16
1606467559.7	110000	1.334475	0.696	17560011	1508	-1.3599999999999994
1606467561.03	110000	1.281144	0.282	16439864	1174	64.88
1606467561.95	110000	1.361871	0.0	8847416	793	110.0
1606467562.86	110000	1.4651	0.0	9530442	769	110.0
1606467564.18	160000	1.315525	0.179	14584990	1173	81.36000000000001
1606467565.5	160000	1.495229	0.496	13962401	1177	80.64
1606467566.97	160000	1.491935	0.473	14393788	1331	84.32
1606467568.35	160000	1.44907	0.328	14649457	1228	107.52000000000001
1606467569.57	160000	1.293714	0.067	13409715	1084	149.28
1606467570.69	160000	1.361047	0.184	13909605	968	130.56
1606467573.19	160000	1.295283	1.439	13301968	2366	-70.24000000000001
1606467574.17	110000	1.485024	0.167	13175394	837	33.28
1606467574.93	110000	1.724027	0.0	14191823	610	110.0
1606467575.49	110000	2.168784	0.0	12316520	415	110.0
1606467575.97	110000	2.687663	0.0	13245175	337	110.0
1606467576.33	110000	3.323407	0.0	12490444	222	110.0
1606467576.93	160000	3.727534	0.0	22420858	393	110.0
1606467577.11	40000	4.553342	0.0	4687332	64	-80.0
1606467577.28	40000	5.382211	0.0	4811858	65	40.0
1606467577.41	40000	6.257034	0.0	2054604	34	40.0
1606467577.57	40000	7.090502	0.0	4462862	60	40.0
1606467577.71	40000	7.953369	0.0	3046638	41	40.0
1606467577.87	40000	8.796184	0.0	2648526	62	40.0
1606467578.05	40000	9.617972	0.0	3387394	81	40.0
1606467578.3	20000	10.364359	0.0	5664827	136	0.0
1606467578.52	20000	11.151779	0.0	4578115	110	20.0
1606467578.98	160000	11.690198	0.0	14347759	302	20.0
1606467579.31	160000	12.360903	0.0	11399187	193	160.0
1606467579.62	160000	13.053972	0.0	10358641	175	160.0
1606467580.02	160000	13.651547	0.0	14315696	244	160.0
1606467580.64	160000	14.035759	0.0	23283631	404	160.0
1606467581.61	160000	14.063608	0.0	37521367	706	160.0
1606467582.45	160000	14.224485	0.0	22241104	641	160.0
1606467584.13	160000	13.542113	0.0	15813346	1520	160.0
1606467587.52	160000	11.156325	0.0	17116450	3206	160.0
1606467588.38	160000	11.300271	0.0	18867054	669	160.0
1606467588.98	160000	11.701761	0.0	17393609	430	160.0
1606467589.5	160000	12.181022	0.0	24759401	312	160.0
1606467589.83	80000	12.855007	0.0	13038195	163	0.0
1606467590.1	80000	13.578678	0.0	12229430	137	80.0
1606467590.39	80000	14.290933	0.0	12704190	142	80.0
1606467590.62	60000	15.065308	0.0	8914856	100	40.0
1606467590.85	60000	15.837945	0.0	9267595	103	60.0
1606467591.09	60000	16.591201	0.0	10030748	115	60.0
1606467591.28	60000	17.405251	0.0	6285842	72	60.0
1606467591.45	60000	18.239225	0.0	5207162	60	60.0
1606467591.7	60000	18.98558	0.0	9939880	114	60.0
1606467591.95	60000	19.734795	0.0	10038030	121	60.0
1606467592.23	60000	20.46164	0.0	9757084	144	60.0
1606467592.45	60000	21.24439	0.0	6892659	102	60.0
1606467593.02	160000	21.673503	0.0	23774167	350	60.0
1606467593.44	160000	22.250506	0.0	19373656	242	160.0
1606467593.94	160000	22.749992	0.0	23977420	300	160.0
1606467594.57	160000	23.126262	0.0	24493733	407	160.0
1606467594.94	160000	23.758065	0.0	14528511	209	160.0
1606467595.33	160000	24.36853	0.0	16841176	216	160.0
1606467595.73	160000	24.972354	0.0	16743604	216	160.0
1606467596.17	160000	25.531636	0.0	17975224	262	160.0
1606467596.72	160000	25.978382	0.0	22329548	354	160.0
1606467597.13	160000	26.56769	0.0	16001583	238	160.0
1606467597.57	160000	27.131174	0.0	18238584	259	160.0
1606467598.05	160000	27.649315	0.0	21308824	290	160.0
1606467598.42	160000	28.282956	0.0	17749058	187	160.0
1606467598.72	160000	28.984353	0.0	14127787	149	160.0
1606467599.08	160000	29.625614	0.0	17525699	186	160.0
1606467599.39	160000	30.320179	0.0	14240042	154	160.0
1606467599.81	160000	30.893593	0.0	20324139	220	160.0
1606467600.25	160000	31.459944	0.0	21993033	236	160.0
1606467600.64	160000	32.075378	0.0	18863108	199	160.0
1606467600.98	160000	32.730958	0.0	15964734	171	160.0
1606467601.18	160000	33.528174	0.0	8284939	79	160.0
1606467601.4	160000	34.316095	0.0	9004706	85	160.0
1606467601.58	160000	35.132211	0.0	6955279	65	160.0
1606467601.82	160000	35.894163	0.0	10701639	101	160.0
1606467602.05	160000	36.671004	0.0	9459459	93	160.0
1606467602.18	160000	37.540533	0.0	3212828	32	160.0
1606467602.29	160000	38.426046	0.0	2509989	24	160.0
1606467602.38	160000	39.335898	0.0	2004927	21	160.0
1606467602.44	160000	40.279513	0.0	591360	5	160.0
1606467602.51	160000	41.64221	0.0	2394426	24	160.0
1606467602.84	40000	1.000999	0.025	336477	3	-4.0
1606467603.23	160000	1.904949	0.0	14912671	128	40.0
1606467603.73	160000	2.400644	0.0	24265636	204	160.0
1606467604.14	160000	2.996173	0.0	22711544	191	160.0
1606467604.51	160000	3.627716	0.0	19639705	175	160.0
1606467604.89	160000	4.314289	0.0	20946809	179	160.0
1606467605.18	160000	5.02828	0.0	11895609	144	160.0
1606467605.4	160000	5.857161	0.0	7597636	93	160.0
1606467606.64	160000	5.670546	0.0	56067905	695	160.0
1606467607.77	160000	5.585014	0.0	45444680	812	160.0
1606467611.69	160000	2.670609	0.0	54798068	3534	160.0
1606467612.91	160000	2.452795	0.0	69464107	680	160.0
1606467613.57	160000	2.79582	0.0	50637608	306	160.0
1606467613.68	20000	3.685762	0.0	2030157	12	-120.0
1606467613.78	20000	4.580627	0.0	2240782	14	20.0
1606467613.89	20000	5.476742	0.0	2211169	14	20.0
1606467613.97	20000	6.393276	0.0	382046	1	20.0
1606467614.08	20000	7.293125	0.0	1113969	12	20.0
1606467614.17	20000	8.197612	0.0	820127	7	20.0
1606467614.33	20000	9.033771	0.0	6357933	51	20.0
1606467614.48	20000	9.89062	0.0	4814284	39	20.0
1606467614.6	20000	10.768652	0.0	3419258	27	20.0
1606467614.75	20000	11.62497	0.0	3944328	47	20.0
1606467614.88	20000	12.490517	0.0	4284196	35	20.0
1606467615.0	20000	13.399488	0.0	3022025	25	20.0
1606467615.11	20000	14.294459	0.0	2248581	11	20.0
1606467615.3	20000	15.101659	0.0	9946363	64	20.0
1606467615.52	20000	15.972291	0.0	11684632	78	20.0
