1606459523.22	40000	1.000999	0.032	334476	21	-5.119999999999997
1606459526.41	160000	1.44654	2.253	14912671	2969	-320.48
1606459530.65	160000	1.44857	3.21	24265636	3990	-353.6
1606459530.98	20000	2.123793	0.0	3191121	229	-120.0
1606459531.2	20000	2.945757	0.0	1661718	123	20.0
1606459531.38	20000	3.765848	0.0	1315024	96	20.0
1606459531.51	20000	4.63657	0.0	698359	50	20.0
1606459531.64	20000	5.504329	0.0	730082	54	20.0
1606459532.04	20000	6.131462	0.0	4047415	299	20.0
1606459532.35	20000	6.828563	0.0	2863079	207	20.0
1606459532.75	20000	7.423551	0.0	4167844	303	20.0
1606459533.29	20000	7.878448	0.0	5571764	442	20.0
1606459538.71	160000	3.462932	0.0	50637608	4909	20.0
1606459540.48	160000	2.694928	0.0	19559369	1584	160.0
1606459540.88	40000	3.291847	0.0	4447520	296	-80.0
1606459541.35	40000	3.825263	0.0	4548277	364	40.0
1606459541.61	60000	4.565705	0.0	1942216	168	40.0
1606459542.15	60000	5.028151	0.0	4718233	437	60.0
1606459543.54	110000	4.641909	0.0	6126794	1275	60.0
1606459546.24	110000	2.936247	0.0	26576979	2484	110.0
1606459547.9	110000	2.284006	0.0	19285617	1478	110.0
1606459549.28	110000	1.906082	0.0	14817542	1226	110.0
1606459549.68	20000	2.500258	0.0	3944328	307	-70.0
1606459550.12	20000	3.066335	0.0	4284196	334	20.0
1606459550.49	20000	3.696042	0.0	3022025	228	20.0
1606459550.75	20000	4.439699	0.0	2248581	170	20.0
1606459551.62	20000	4.564026	0.0	9946363	747	20.0
1606459554.17	80000	3.013496	0.0	37801487	2267	20.0
1606459554.99	160000	3.202165	0.0	15251076	659	80.0
1606459556.1	160000	3.085413	0.0	16574034	949	160.0
1606459560.11	160000	1.466479	1.386	13009028	3875	-61.75999999999999
1606459562.63	160000	1.353152	1.41	12791674	2395	-65.6
1606459562.92	40000	2.063658	0.0	2781171	181	-80.0
1606459563.21	40000	2.774846	0.0	2867806	197	40.0
1606459563.53	40000	3.464961	0.0	3105896	217	40.0
1606459563.8	40000	4.188615	0.0	2659767	186	40.0
1606459564.15	40000	4.847967	0.0	3460653	242	40.0
1606459564.4	40000	5.596974	0.0	2382623	160	40.0
1606459564.64	40000	6.35638	0.0	2243677	152	40.0
1606459564.96	40000	7.031617	0.0	3408862	231	40.0
1606459565.23	20000	7.766853	0.0	2536859	172	0.0
1606459565.74	20000	8.261678	0.0	4742872	387	20.0
1606459566.24	20000	8.755467	0.0	4955535	405	20.0
1606459566.68	80000	9.327727	0.0	4146191	327	20.0
1606459567.72	80000	9.278276	0.0	11601071	880	80.0
1606459568.74	80000	9.263042	0.0	11589115	880	80.0
1606459570.62	160000	8.38411	0.0	18715420	1671	80.0
1606459572.1	160000	7.903174	0.0	17000816	1315	160.0
1606459573.35	160000	7.65341	0.0	14448126	1105	160.0
1606459574.13	160000	7.874511	0.0	6958676	667	160.0
1606459574.91	160000	8.094019	0.0	9088791	659	160.0
1606459575.56	160000	8.449557	0.0	7211881	535	160.0
1606459575.91	160000	9.094331	0.0	3063586	240	160.0
1606459576.22	160000	9.788697	0.0	2782179	218	160.0
1606459577.07	160000	9.942034	0.0	9958410	723	160.0
1606459578.14	160000	9.86891	0.0	12158708	926	160.0
1606459579.22	160000	9.795457	0.0	12300216	935	160.0
1606459580.72	160000	9.293932	0.0	15815684	1342	160.0
1606459581.89	160000	9.127917	0.0	13526256	1022	160.0
1606459582.87	160000	9.142099	0.0	11995130	851	160.0
1606459584.0	160000	9.012087	0.0	13394791	987	160.0
1606459585.22	160000	8.797682	0.0	14135828	1071	160.0
1606459587.05	160000	7.972008	0.0	15366126	1675	160.0
1606459589.28	160000	6.734656	0.0	14248439	2045	160.0
1606459590.59	160000	6.425713	0.0	13843717	1157	160.0
1606459593.21	160000	4.816033	0.0	14665119	2455	160.0
1606459593.48	20000	5.53683	0.0	2222640	187	-120.0
1606459593.83	20000	6.197254	0.0	2587311	251	20.0
1606459594.11	20000	6.909018	0.0	2178351	203	20.0
1606459594.48	20000	7.54286	0.0	3121089	276	20.0
1606459594.79	20000	8.235383	0.0	2857420	218	20.0
1606459595.01	20000	9.020083	0.0	1702477	129	20.0
1606459595.21	20000	9.819483	0.0	1531670	117	20.0
1606459596.83	160000	9.195528	0.0	17718949	1453	20.0
1606459598.49	160000	8.538289	0.0	17337137	1486	160.0
1606459599.64	110000	8.385858	0.0	13817529	1007	60.0
1606459607.54	160000	1.493684	0.0	58430914	7433	110.0
1606459608.42	110000	1.609532	0.0	11574285	735	60.0
1606459608.94	40000	2.089787	0.0	6754819	403	-30.0
1606459609.6	60000	2.430904	0.0	9075578	533	40.0
1606459609.96	60000	3.075232	0.0	4644666	252	60.0
1606459610.33	60000	3.705976	0.0	4851731	266	60.0
1606459610.53	20000	4.512293	0.0	1754144	97	-20.0
1606459610.82	40000	5.216928	0.0	3285443	172	20.0
1606459611.1	40000	5.939224	0.0	3494448	182	40.0
1606459611.38	40000	6.659616	0.0	3529670	185	40.0
1606459611.62	40000	7.419041	0.0	3123898	150	40.0
1606459611.86	40000	8.182042	0.0	3029270	144	40.0
1606459612.11	40000	8.937303	0.0	3059193	154	40.0
1606459612.43	40000	9.611746	0.0	4729676	215	40.0
1606459613.45	160000	9.593991	0.0	19295426	839	40.0
1606459614.23	160000	9.816584	0.0	18261873	607	160.0
1606459615.01	160000	10.043182	0.0	19847604	596	160.0
1606459615.75	160000	10.305062	0.0	18767181	526	160.0
1606459616.5	160000	10.554327	0.0	22420858	551	160.0
1606459617.08	160000	10.967288	0.0	19324333	414	160.0
1606459617.7	160000	11.355501	0.0	20392234	427	160.0
1606459617.94	160000	12.111658	0.0	7671072	128	160.0
1606459618.42	160000	12.635383	0.0	17781906	307	160.0
1606459618.75	160000	13.304563	0.0	12839336	190	160.0
1606459619.03	160000	14.02682	0.0	10779770	150	160.0
1606459619.38	160000	14.675355	0.0	14606687	198	160.0
1606459620.28	160000	14.782219	0.0	41866951	599	160.0
1606459621.44	160000	14.619057	0.0	37238410	849	160.0
1606459622.12	160000	14.941118	0.0	14347759	515	160.0
1606459622.66	160000	15.399904	0.0	11399187	409	160.0
1606459623.01	160000	16.05181	0.0	10358641	219	160.0
1606459623.46	160000	16.60516	0.0	14315696	298	160.0
1606459623.99	160000	17.070548	0.0	23283631	336	160.0
1606459624.8	160000	17.262811	0.0	37521367	520	160.0
1606459625.27	160000	17.79509	0.0	22241104	274	160.0
1606459625.63	160000	18.439549	0.0	15813346	192	160.0
1606459626.0	160000	19.064077	0.0	17116450	209	160.0
1606459626.41	160000	19.660281	0.0	18867054	230	160.0
1606459626.79	160000	20.277942	0.0	17393609	216	160.0
1606459627.31	160000	20.764086	0.0	24759401	301	160.0
1606459627.83	160000	21.246065	0.0	25782433	306	160.0
1606459628.38	160000	21.698457	0.0	25885372	325	160.0
1606459628.98	160000	22.096156	0.0	26242011	382	160.0
1606459629.61	160000	22.472297	0.0	23865378	410	160.0
1606459630.11	160000	22.963972	0.0	25470681	296	160.0
1606459630.67	160000	23.409265	0.0	27258768	318	160.0
1606459631.04	160000	24.036739	0.0	17853711	203	160.0
1606459631.36	160000	24.720742	0.0	14829893	170	160.0
1606459631.9	160000	25.179409	0.0	27779697	316	160.0
1606459632.43	160000	25.64774	0.0	27714923	308	160.0
1606459635.75	160000	23.3286	0.0	25946474	3092	160.0
1606459637.47	160000	22.609078	0.0	19596259	1544	160.0
1606459639.4	160000	21.679724	0.0	23774167	1732	160.0
1606459639.68	20000	22.411738	0.0	2185316	173	-120.0
1606459640.07	20000	23.012688	0.0	3370605	286	20.0
1606459640.47	20000	23.616716	0.0	3492243	302	20.0
1606459640.67	20000	24.421665	0.0	1307592	113	20.0
1606459640.79	20000	25.301649	0.0	1881404	36	20.0
1606459640.91	20000	26.181996	0.0	1806471	33	20.0
1606459641.04	20000	27.053288	0.0	1945842	37	20.0
1606459641.17	20000	27.917347	0.0	2538877	47	20.0
1606459641.63	160000	28.458325	0.0	16001583	298	20.0
1606459642.01	160000	29.087895	0.0	18238584	202	160.0
1606459642.44	160000	29.651485	0.0	21308824	235	160.0
1606459642.81	160000	30.282658	0.0	17749058	203	160.0
1606459643.13	160000	30.967193	0.0	14127787	170	160.0
1606459643.51	160000	31.589024	0.0	17525699	212	160.0
1606459643.87	160000	32.224748	0.0	14240042	159	160.0
1606459644.25	160000	32.852316	0.0	20324139	194	160.0
1606459644.64	160000	33.461211	0.0	21993033	209	160.0
1606459645.0	160000	34.10279	0.0	18863108	177	160.0
1606459645.3	160000	34.801663	0.0	15964734	137	160.0
1606459645.5	160000	35.614159	0.0	8284939	71	160.0
1606459645.7	160000	36.408241	0.0	9004706	76	160.0
1606459645.87	160000	37.233053	0.0	6955279	63	160.0
1606459646.1	160000	38.005668	0.0	10701639	96	160.0
1606459646.33	160000	38.780214	0.0	9459459	86	160.0
1606459646.45	160000	39.659313	0.0	3212828	29	160.0
1606459646.56	160000	40.552447	0.0	2509989	23	160.0
1606459646.64	160000	41.467696	0.0	2004927	17	160.0
1606459646.7	160000	42.41322	0.0	591360	5	160.0
1606459646.77	160000	43.778267	0.0	2394426	22	160.0
1606459647.14	40000	1.000999	0.044	336477	10	-7.039999999999999
1606459647.5	160000	1.982095	0.0	14912671	139	40.0
1606459648.04	160000	2.447069	0.0	24265636	243	160.0
1606459648.49	160000	2.990168	0.0	22711544	251	160.0
1606459648.89	160000	3.592117	0.0	19639705	217	160.0
1606459649.32	160000	4.285422	0.0	20946809	237	160.0
1606459649.6	160000	5.01481	0.0	11895609	135	160.0
1606459649.8	160000	5.860156	0.0	7597636	86	160.0
1606459652.01	160000	4.890841	0.0	56067905	1649	160.0
1606459657.62	160000	1.272004	0.992	45444680	5326	1.2800000000000011
1606459658.21	20000	1.684879	0.0	4167844	473	-120.0
1606459658.86	20000	2.03146	0.0	5571764	547	20.0
1606459659.38	20000	2.509074	0.0	4925652	419	20.0
1606459659.81	40000	3.083829	0.0	3829326	325	20.0
1606459660.21	40000	3.686999	0.0	4447520	296	40.0
1606459660.81	60000	4.087352	0.0	7016601	480	40.0
1606459660.95	60000	4.945777	0.0	1942216	54	60.0
1606459661.18	60000	5.71437	0.0	4718233	129	60.0
1606459661.29	20000	6.607398	0.0	820127	22	-20.0
1606459661.57	20000	7.325914	0.0	6357933	175	20.0
1606459661.8	20000	8.095696	0.0	4814284	133	20.0
1606459661.98	20000	8.922712	0.0	3419258	80	20.0
1606459662.18	20000	9.726936	0.0	3944328	90	20.0
1606459662.38	20000	10.527187	0.0	4284196	100	20.0
1606459662.54	20000	11.36608	0.0	3022025	71	20.0
1606459662.69	20000	12.223047	0.0	2248581	52	20.0
1606459666.62	20000	9.290457	0.0	9946363	3792	20.0
1606459672.24	160000	4.667419	0.0	66935122	5117	20.0
