1606474896.1	40000	1.000999	0.038	334476	26	-6.079999999999998
1606474897.48	40000	1.266753	0.246	14648397	1243	0.6400000000000006
1606474899.13	60000	1.354794	0.715	20421673	1504	-74.4
1606474900.22	60000	1.428664	0.14	13063186	1008	37.6
1606474901.9	60000	1.269556	0.493	8954217	1629	-18.879999999999995
1606474906.69	80000	1.258053	3.754	11497228	4716	-540.64
1606474908.34	80000	1.330609	0.695	6232523	1604	-31.200000000000003
1606474909.19	80000	1.474094	0.0	5425476	812	80.0
1606474911.87	80000	1.157065	1.357	29583867	2450	-137.12
1606474914.19	110000	1.385718	1.554	28884539	2173	-168.64
1606474915.98	110000	1.40371	0.807	26873304	1654	-19.120000000000005
1606474917.58	110000	1.498014	0.689	33588177	1431	-0.23999999999999488
1606474918.7	110000	1.437038	0.056	25684661	972	101.03999999999999
1606474919.17	110000	1.961359	0.0	10838546	404	110.0
1606474920.05	160000	2.092724	0.0	22224402	735	110.0
1606474920.79	160000	2.346526	0.0	22578365	607	160.0
1606474921.07	160000	3.069457	0.0	8346702	225	160.0
1606474921.5	160000	3.641285	0.0	15775481	334	160.0
1606474921.75	160000	4.390681	0.0	9163235	193	160.0
1606474922.88	160000	4.260153	0.0	41307095	843	160.0
1606474923.54	160000	4.598406	0.0	28763893	503	160.0
1606474924.02	160000	5.117579	0.0	21266416	350	160.0
1606474924.56	160000	5.585138	0.0	23702229	390	160.0
1606474925.19	160000	5.96198	0.0	27580394	470	160.0
1606474925.65	160000	6.497996	0.0	20329780	330	160.0
1606474926.0	160000	7.140875	0.0	16109183	264	160.0
1606474927.35	160000	6.797652	0.0	58830800	880	160.0
1606474931.75	160000	3.401805	0.0	66935122	4021	160.0
1606474932.19	160000	3.956616	0.0	15251076	356	160.0
1606474932.48	160000	4.671115	0.0	16574034	188	160.0
1606474932.7	160000	5.446247	0.0	13009028	146	160.0
1606474932.92	160000	6.226676	0.0	12791674	146	160.0
1606474933.13	160000	7.024075	0.0	11137898	125	160.0
1606474933.3	160000	7.847807	0.0	11485310	104	160.0
1606474933.49	160000	8.659093	0.0	12428518	113	160.0
1606474933.65	160000	9.505093	0.0	9963766	91	160.0
1606474933.84	160000	10.319638	0.0	12189364	109	160.0
1606474933.99	160000	11.163723	0.0	10142396	93	160.0
1606474934.15	160000	12.004238	0.0	10185488	93	160.0
1606474934.36	160000	12.795682	0.0	14061455	125	160.0
1606474934.66	160000	13.496575	0.0	20074099	178	160.0
1606474935.33	160000	13.832119	0.0	46115254	408	160.0
1606474935.96	160000	14.199734	0.0	40906522	399	160.0
1606474936.1	160000	15.067542	0.0	7891151	82	160.0
1606474936.42	160000	15.739252	0.0	21012466	202	160.0
1606474936.78	160000	16.380501	0.0	23519424	226	160.0
1606474937.07	160000	17.092546	0.0	18715420	179	160.0
1606474937.32	160000	17.843006	0.0	17000816	149	160.0
1606474937.53	160000	18.636234	0.0	14448126	121	160.0
1606474937.64	160000	19.531793	0.0	6958676	58	160.0
1606474937.77	160000	20.399894	0.0	9088791	77	160.0
1606474937.88	160000	21.293382	0.0	7211881	61	160.0
1606474937.93	160000	22.242695	0.0	3063586	25	160.0
1606474937.98	160000	23.19614	0.0	2782179	24	160.0
1606474938.13	160000	24.047537	0.0	9958410	81	160.0
1606474938.3	160000	24.874234	0.0	12158708	103	160.0
1606474938.48	160000	25.696278	0.0	12300216	104	160.0
1606474938.71	160000	26.468554	0.0	15815684	136	160.0
1606474938.9	160000	27.275885	0.0	13526256	115	160.0
1606474939.07	160000	28.10576	0.0	11995130	102	160.0
1606474939.33	160000	28.850609	0.0	13394791	179	160.0
1606474939.72	160000	29.46953	0.0	14135828	301	160.0
1606474940.13	160000	30.052153	0.0	15366126	327	160.0
1606474941.98	160000	29.199572	0.0	14248439	1764	160.0
1606474943.14	160000	29.048188	0.0	13843717	1076	160.0
1606474944.36	160000	28.826657	0.0	14665119	1133	160.0
1606474946.17	160000	28.011952	0.0	21079187	1694	160.0
1606474948.33	160000	26.860644	0.0	25480074	2007	160.0
1606474950.31	160000	25.880313	0.0	23021754	1845	160.0
1606474952.42	160000	24.773508	0.0	27527834	1952	160.0
1606474954.61	160000	23.580049	0.0	26155848	2037	160.0
1606474955.98	160000	23.205663	0.0	17849379	1269	160.0
1606474957.28	160000	22.910392	0.0	16546531	1198	160.0
1606474958.78	160000	22.416432	0.0	17718949	1391	160.0
1606474960.16	160000	22.032695	0.0	17337137	1286	160.0
1606474961.67	160000	21.528362	0.0	20008245	1392	160.0
1606474966.37	160000	17.825175	0.0	58430914	4383	160.0
1606474967.8	160000	17.399378	0.0	16292703	1322	160.0
1606474969.87	160000	16.323255	0.0	25587422	1935	160.0
1606474971.79	160000	15.408539	0.0	23982306	1780	160.0
1606474972.88	160000	15.319223	0.0	13347845	1010	160.0
1606474974.05	160000	15.154519	0.0	14337991	1083	160.0
1606474975.16	160000	15.047321	0.0	14584990	1024	160.0
1606474976.34	160000	14.866441	0.0	13962401	1098	160.0
1606474977.64	160000	14.566509	0.0	14393788	1220	160.0
1606474978.88	160000	14.323444	0.0	14649457	1164	160.0
1606474979.91	160000	14.295079	0.0	13409715	952	160.0
1606474981.17	160000	14.039207	0.0	13909605	1171	160.0
1606474982.33	160000	13.873283	0.0	13301968	1090	160.0
1606474983.92	160000	13.291938	0.0	19025846	1465	160.0
1606474985.67	160000	12.539774	0.0	19295426	1642	160.0
1606474987.27	160000	11.945339	0.0	18261873	1489	160.0
1606474988.42	160000	11.7872	0.0	19847604	1031	160.0
1606474989.2	160000	12.011456	0.0	18767181	669	160.0
1606474989.97	160000	12.239542	0.0	22420858	647	160.0
1606474990.59	160000	12.62387	0.0	19324333	499	160.0
1606474991.11	160000	13.110541	0.0	20392234	398	160.0
1606474991.31	160000	13.910047	0.0	7671072	149	160.0
1606474991.74	160000	14.48211	0.0	17781906	315	160.0
1606474992.03	160000	15.192874	0.0	12839336	211	160.0
1606474992.27	160000	15.951832	0.0	10779770	178	160.0
1606474992.6	160000	16.624217	0.0	14606687	247	160.0
1606474993.63	160000	16.587193	0.0	41866951	798	160.0
1606474994.37	160000	16.85684	0.0	37238410	512	160.0
1606474994.63	160000	17.590794	0.0	14347759	187	160.0
1606474994.84	160000	18.387975	0.0	11399187	137	160.0
1606474995.03	160000	19.194907	0.0	10358641	128	160.0
1606474995.29	160000	19.944105	0.0	14315696	173	160.0
1606474995.69	160000	20.535207	0.0	23283631	270	160.0
1606474996.32	160000	20.917652	0.0	37521367	400	160.0
1606474996.67	160000	21.564567	0.0	22241104	223	160.0
1606474996.91	160000	22.324185	0.0	15813346	145	160.0
1606474997.16	160000	23.06743	0.0	17116450	156	160.0
1606474997.45	160000	23.78235	0.0	18867054	175	160.0
1606474997.69	160000	24.547436	0.0	17393609	137	160.0
1606474998.01	160000	25.22254	0.0	24759401	187	160.0
1606474998.34	160000	25.891269	0.0	25782433	190	160.0
1606474998.69	160000	26.543981	0.0	25885372	186	160.0
1606474999.01	160000	27.222814	0.0	26242011	176	160.0
1606474999.33	160000	27.90668	0.0	23865378	159	160.0
1606474999.65	160000	28.585911	0.0	25470681	176	160.0
1606475000.06	160000	29.176727	0.0	27258768	241	160.0
1606475000.33	160000	29.906906	0.0	17853711	157	160.0
1606475000.55	160000	30.693606	0.0	14829893	132	160.0
1606475000.87	160000	31.3731	0.0	27779697	164	160.0
1606475001.19	160000	32.054076	0.0	27714923	165	160.0
1606475001.5	160000	32.749861	0.0	25946474	154	160.0
1606475001.75	160000	33.492741	0.0	19596259	131	160.0
1606475002.06	160000	34.18477	0.0	23774167	172	160.0
1606475002.32	160000	34.9284	0.0	19373656	142	160.0
1606475002.62	160000	35.627953	0.0	23977420	167	160.0
1606475002.97	160000	36.280411	0.0	24493733	211	160.0
1606475003.18	160000	37.068839	0.0	14528511	125	160.0
1606475003.42	160000	37.829124	0.0	16841176	145	160.0
1606475003.68	160000	38.574342	0.0	16743604	149	160.0
1606475003.94	160000	39.316401	0.0	17975224	152	160.0
1606475004.25	160000	40.002454	0.0	22329548	187	160.0
1606475004.48	160000	40.773617	0.0	16001583	135	160.0
1606475004.75	160000	41.511287	0.0	18238584	158	160.0
1606475005.06	160000	42.1978	0.0	21308824	191	160.0
1606475005.33	160000	42.932118	0.0	17749058	162	160.0
1606475005.53	160000	43.726243	0.0	14127787	127	160.0
1606475005.86	160000	44.406027	0.0	17525699	219	160.0
1606475006.11	160000	45.150033	0.0	14240042	180	160.0
1606475006.49	160000	45.772751	0.0	20324139	257	160.0
1606475007.06	160000	46.207468	0.0	21993033	441	160.0
1606475007.6	160000	46.667938	0.0	18863108	424	160.0
1606475008.3	160000	46.97155	0.0	15964734	601	160.0
1606475008.64	160000	47.628366	0.0	8284939	293	160.0
1606475008.88	160000	48.390442	0.0	9004706	183	160.0
1606475009.07	160000	49.204518	0.0	6955279	141	160.0
1606475009.35	160000	49.922528	0.0	10701639	216	160.0
1606475009.6	160000	50.67198	0.0	9459459	192	160.0
1606475009.73	160000	51.540807	0.0	3212828	106	160.0
1606475009.85	160000	52.424043	0.0	2509989	82	160.0
1606475009.94	160000	53.336156	0.0	2004927	68	160.0
1606475009.97	160000	54.302605	0.0	591360	19	160.0
1606475010.07	160000	55.635775	0.0	2394426	77	160.0
1606475010.34	40000	1.000999	0.049	337339	10	-7.840000000000003
1606475010.91	40000	1.80602	0.0	14648397	400	40.0
1606475011.54	60000	2.18024	0.0	20421673	459	40.0
1606475013.5	60000	1.425335	0.094	13063186	1884	44.96
1606475015.45	60000	1.26065	0.762	8954217	1899	-61.92
1606475017.32	80000	1.250684	0.83	11497228	1798	-72.80000000000001
1606475017.86	80000	1.735848	0.0	6232523	492	80.0
1606475018.24	80000	2.349182	0.0	5425476	350	80.0
1606475019.5	80000	2.103561	0.0	29583867	1003	80.0
1606475020.42	110000	2.175555	0.0	28884539	744	80.0
1606475021.46	110000	2.135983	0.0	26873304	880	110.0
1606475022.93	110000	1.66646	0.0	33588177	1280	110.0
1606475025.22	110000	1.328623	0.952	25684661	2163	-42.31999999999999
1606475025.91	110000	1.643087	0.0	10838546	619	110.0
1606475026.62	160000	1.932508	0.0	22224402	580	110.0
1606475027.25	160000	2.298075	0.0	22578365	502	160.0
1606475027.49	160000	3.061997	0.0	8346702	183	160.0
1606475027.92	160000	3.638879	0.0	15775481	328	160.0
1606475028.15	160000	4.400581	0.0	9163235	177	160.0
1606475029.24	160000	4.317673	0.0	41307095	796	160.0
1606475029.96	160000	4.597223	0.0	28763893	559	160.0
1606475030.6	160000	4.961638	0.0	21266416	500	160.0
1606475031.35	160000	5.209091	0.0	23702229	610	160.0
1606475032.18	160000	5.388054	0.0	27580394	669	160.0
1606475032.78	160000	5.781903	0.0	20329780	457	160.0
1606475033.21	160000	6.346924	0.0	16109183	339	160.0
1606475034.81	160000	5.749441	0.0	58830800	1121	160.0
1606475036.31	160000	5.252094	0.0	66935122	1133	160.0
1606475036.66	160000	5.902942	0.0	15251076	252	160.0
1606475037.02	160000	6.550324	0.0	16574034	252	160.0
1606475037.28	160000	7.285298	0.0	13009028	189	160.0
1606475037.54	160000	8.026622	0.0	12791674	186	160.0
1606475037.77	160000	8.798758	0.0	11137898	162	160.0
1606475037.98	160000	9.594845	0.0	11485310	124	160.0
1606475038.19	160000	10.381395	0.0	12428518	139	160.0
1606475038.36	160000	11.211085	0.0	9963766	111	160.0
1606475038.57	160000	12.004619	0.0	12189364	136	160.0
1606475038.75	160000	12.823228	0.0	10142396	112	160.0
1606475038.95	160000	13.621395	0.0	10185488	141	160.0
1606475039.23	160000	14.345416	0.0	14061455	195	160.0
1606475039.63	160000	14.946089	0.0	20074099	280	160.0
1606475040.47	160000	15.1104	0.0	46115254	571	160.0
1606475041.16	160000	15.418715	0.0	40906522	439	160.0
1606475041.28	160000	16.297437	0.0	7891151	69	160.0
1606475041.59	160000	16.993225	0.0	21012466	184	160.0
1606475041.94	160000	17.650522	0.0	23519424	210	160.0
1606475042.23	160000	18.351776	0.0	18715420	184	160.0
1606475042.49	160000	19.09124	0.0	17000816	162	160.0
1606475042.71	160000	19.870402	0.0	14448126	137	160.0
1606475042.83	160000	20.750898	0.0	6958676	64	160.0
1606475042.95	160000	21.635617	0.0	9088791	58	160.0
1606475043.05	160000	22.540892	0.0	7211881	47	160.0
1606475043.09	160000	23.495132	0.0	3063586	20	160.0
1606475043.14	160000	24.451758	0.0	2782179	18	160.0
1606475043.26	160000	25.328336	0.0	9958410	64	160.0
1606475043.41	160000	26.18106	0.0	12158708	78	160.0
1606475043.57	160000	27.02176	0.0	12300216	77	160.0
1606475043.77	160000	27.826095	0.0	15815684	101	160.0
1606475043.93	160000	28.663619	0.0	13526256	88	160.0
1606475044.08	160000	29.517318	0.0	11995130	77	160.0
1606475044.24	160000	30.355538	0.0	13394791	88	160.0
