1606490087.77	40000	1.000999	0.029	334476	18	-4.640000000000001
1606490088.57	20000	1.573148	0.0	11007815	612	0.0
1606490089.32	20000	1.816037	0.0	8849724	631	20.0
1606490089.65	20000	2.521392	0.0	3191121	225	20.0
1606490091.26	160000	1.931174	0.0	19639705	1368	20.0
1606490092.16	160000	2.056457	0.0	20946809	692	160.0
1606490092.62	160000	2.596302	0.0	11895609	322	160.0
1606490092.9	160000	3.318421	0.0	7597636	160	160.0
1606490094.53	160000	2.6835	0.0	56067905	1058	160.0
1606490095.41	110000	2.806807	0.0	28884539	639	60.0
1606490095.9	80000	3.320522	0.0	15275967	325	50.0
1606490096.54	80000	3.6838	0.0	20600381	432	80.0
1606490097.17	110000	4.056787	0.0	25684661	405	80.0
1606490097.67	160000	4.550381	0.0	19559369	302	110.0
1606490098.19	160000	5.039229	0.0	22224402	312	160.0
1606490098.71	160000	5.515846	0.0	22578365	314	160.0
1606490098.93	160000	6.294482	0.0	8346702	102	160.0
1606490099.3	160000	6.93242	0.0	15775481	200	160.0
1606490099.54	160000	7.68374	0.0	9163235	111	160.0
1606490103.31	160000	4.919762	0.0	41307095	3462	160.0
1606490106.49	160000	2.739694	0.0	28763893	2941	160.0
1606490108.35	160000	1.877173	0.0	21266416	1664	160.0
1606490108.79	20000	2.438766	0.0	3944328	331	-120.0
1606490109.21	20000	3.021092	0.0	4284196	313	20.0
1606490109.53	20000	3.705168	0.0	3022025	220	20.0
1606490109.7	20000	4.538089	0.0	2248581	74	20.0
1606490109.97	20000	5.2642	0.0	9946363	145	20.0
1606490110.28	20000	5.958858	0.0	11684632	169	20.0
1606490110.4	20000	6.841896	0.0	1849732	21	20.0
1606490110.52	20000	7.723023	0.0	1942795	29	20.0
1606490110.63	20000	8.608332	0.0	1704756	25	20.0
1606490110.73	20000	9.507705	0.0	1697111	11	20.0
1606490110.95	160000	10.296581	0.0	11137898	76	20.0
1606490111.16	160000	11.080083	0.0	11485310	78	160.0
1606490111.39	160000	11.855873	0.0	12428518	85	160.0
1606490111.58	160000	12.661524	0.0	9963766	68	160.0
1606490111.82	160000	13.427497	0.0	12189364	86	160.0
1606490112.02	160000	14.222253	0.0	10142396	74	160.0
1606490112.23	160000	15.019014	0.0	10185488	74	160.0
1606490112.48	160000	15.769979	0.0	14061455	102	160.0
1606490112.81	160000	16.438429	0.0	20074099	152	160.0
1606490113.54	160000	16.707558	0.0	46115254	410	160.0
1606490117.06	160000	14.189014	0.0	40906522	3219	160.0
1606490117.32	160000	14.933184	0.0	7891151	137	160.0
1606490117.85	160000	15.407271	0.0	21012466	333	160.0
1606490118.27	160000	15.9899	0.0	23519424	218	160.0
1606490118.61	160000	16.644317	0.0	18715420	165	160.0
1606490118.92	160000	17.333112	0.0	17000816	144	160.0
1606490119.2	160000	18.05924	0.0	14448126	126	160.0
1606490119.39	160000	18.872297	0.0	6958676	58	160.0
1606490119.59	160000	19.671458	0.0	9088791	77	160.0
1606490119.76	160000	20.4977	0.0	7211881	60	160.0
1606490119.88	160000	21.378023	0.0	3063586	25	160.0
1606490120.0	160000	22.264314	0.0	2782179	22	160.0
1606490120.21	160000	23.054198	0.0	9958410	80	160.0
1606490120.45	160000	23.815184	0.0	12158708	99	160.0
1606490120.69	160000	24.573114	0.0	12300216	99	160.0
1606490120.8	20000	25.466041	0.0	1868314	12	-120.0
1606490120.9	20000	26.371293	0.0	1253406	8	20.0
1606490120.99	20000	27.281738	0.0	887933	5	20.0
1606490121.08	20000	28.187675	0.0	1153403	7	20.0
1606490121.18	20000	29.092893	0.0	1249023	8	20.0
1606490121.27	20000	29.997235	0.0	1423973	9	20.0
1606490121.37	20000	30.905648	0.0	1060162	6	20.0
1606490121.46	20000	31.813739	0.0	1080597	6	20.0
1606490121.55	20000	32.721479	0.0	1156442	7	20.0
1606490121.66	20000	33.616621	0.0	2222640	14	20.0
1606490121.77	20000	34.504339	0.0	2587311	20	20.0
1606490121.88	20000	35.398817	0.0	2178351	16	20.0
1606490122.0	20000	36.282333	0.0	3121089	22	20.0
1606490122.11	20000	37.166961	0.0	2857420	20	20.0
1606490122.22	20000	38.064627	0.0	1702477	12	20.0
1606490122.32	20000	38.965727	0.0	1531670	10	20.0
1606490122.42	20000	39.858846	0.0	1863424	7	20.0
1606490122.53	20000	40.754671	0.0	1987392	14	20.0
1606490122.64	20000	41.644439	0.0	2505586	17	20.0
1606490122.85	20000	42.43745	0.0	9620218	80	20.0
1606490123.16	160000	43.126374	0.0	16292703	144	20.0
1606490123.6	160000	43.69593	0.0	25587422	225	160.0
1606490124.09	160000	44.199713	0.0	23982306	280	160.0
1606490124.41	160000	44.877547	0.0	13347845	174	160.0
1606490124.75	160000	45.541656	0.0	14337991	186	160.0
1606490126.07	160000	45.225328	0.0	14584990	1161	160.0
1606490128.88	160000	43.417608	0.0	13962401	2662	160.0
1606490130.21	160000	43.08416	0.0	14393788	1185	160.0
1606490131.4	160000	42.896632	0.0	14649457	1032	160.0
1606490132.75	160000	42.548416	0.0	13409715	1203	160.0
1606490132.87	20000	43.430187	0.0	1473412	25	-120.0
1606490132.98	20000	44.3182	0.0	1498968	26	20.0
1606490133.11	20000	45.189535	0.0	2247334	38	20.0
1606490133.26	20000	46.039448	0.0	3156442	53	20.0
1606490133.39	20000	46.911147	0.0	1895098	31	20.0
1606490133.51	20000	47.788301	0.0	1939135	32	20.0
1606490133.64	20000	48.664276	0.0	1842874	36	20.0
1606490133.77	20000	49.529707	0.0	2235830	45	20.0
1606490133.9	20000	50.409407	0.0	2202171	29	20.0
1606490134.02	20000	51.287986	0.0	2242042	31	20.0
1606490134.12	20000	52.187727	0.0	1081763	15	20.0
1606490134.24	20000	53.064436	0.0	2409013	32	20.0
1606490134.35	20000	53.95488	0.0	1615028	21	20.0
1606490134.46	20000	54.848419	0.0	1413467	19	20.0
1606490134.57	20000	55.738377	0.0	1632450	21	20.0
1606490134.76	20000	56.554035	0.0	5664827	76	20.0
1606490135.57	160000	56.745027	0.0	37238410	532	20.0
1606490135.94	160000	57.375406	0.0	14347759	202	160.0
1606490136.22	160000	58.093908	0.0	11399187	148	160.0
1606490136.49	160000	58.825396	0.0	10358641	136	160.0
1606490136.82	160000	59.493342	0.0	14315696	187	160.0
1606490137.39	160000	59.92985	0.0	23283631	364	160.0
1606490138.71	160000	59.689792	0.0	37521367	545	160.0
1606490139.67	160000	59.690802	0.0	22241104	245	160.0
1606490140.63	160000	59.694184	0.0	15813346	800	160.0
1606490142.25	160000	59.071404	0.0	17116450	1445	160.0
1606490143.82	160000	58.503224	0.0	18867054	1390	160.0
1606490145.15	160000	58.178809	0.0	17393609	1155	160.0
1606490146.35	160000	57.9727	0.0	24759401	989	160.0
1606490147.37	160000	57.957321	0.0	25782433	807	160.0
1606490148.3	160000	58.02283	0.0	25885372	711	160.0
1606490148.98	160000	58.351764	0.0	26242011	458	160.0
1606490149.59	160000	58.743037	0.0	23865378	407	160.0
1606490150.23	160000	59.103313	0.0	25470681	431	160.0
1606490150.91	160000	59.419348	0.0	27258768	462	160.0
1606490151.43	160000	59.90067	0.0	17853711	347	160.0
1606490152.87	160000	59.703787	0.0	14829893	283	160.0
1606490153.66	160000	59.669294	0.0	27779697	579	160.0
1606490154.41	160000	59.924238	0.0	27714923	521	160.0
1606490155.59	160000	59.95678	0.0	25946474	456	160.0
1606490156.65	160000	59.707806	0.0	19596259	366	160.0
1606490157.83	160000	59.505093	0.0	23774167	979	160.0
1606490159.23	160000	59.105507	0.0	19373656	1221	160.0
1606490160.68	160000	58.665885	0.0	23977420	1245	160.0
1606490162.19	160000	58.148992	0.0	24493733	1300	160.0
1606490162.59	160000	58.756333	0.0	14528511	244	160.0
1606490163.04	160000	59.304468	0.0	16841176	286	160.0
1606490164.24	160000	59.109557	0.0	16743604	1020	160.0
1606490165.06	160000	59.281097	0.0	17975224	653	160.0
1606490166.78	160000	58.56511	0.0	22329548	1505	160.0
1606490168.18	160000	58.163399	0.0	16001583	1234	160.0
1606490169.74	160000	57.606992	0.0	18238584	1383	160.0
1606490171.63	160000	56.719678	0.0	21308824	1698	160.0
1606490173.32	160000	56.03511	0.0	17749058	1515	160.0
1606490174.68	160000	55.67049	0.0	14127787	1216	160.0
1606490176.4	160000	54.956273	0.0	17525699	1548	160.0
1606490178.18	160000	54.170631	0.0	14240042	1638	160.0
1606490179.66	160000	53.696875	0.0	20324139	1281	160.0
1606490180.37	160000	53.981059	0.0	21993033	522	160.0
1606490180.77	160000	54.588243	0.0	18863108	215	160.0
1606490181.13	160000	55.232209	0.0	15964734	183	160.0
1606490181.34	160000	56.017458	0.0	8284939	93	160.0
1606490181.57	160000	56.785242	0.0	9004706	100	160.0
1606490181.77	160000	57.595301	0.0	6955279	76	160.0
1606490182.01	160000	58.346663	0.0	10701639	118	160.0
1606490182.24	160000	59.123639	0.0	9459459	100	160.0
1606490182.37	160000	59.997151	0.0	3212828	34	160.0
1606490183.48	160000	59.984777	0.0	2509989	27	160.0
1606490184.57	160000	59.985796	0.0	2004927	22	160.0
1606490185.63	160000	59.7368	0.0	591360	6	160.0
1606490187.21	160000	59.671558	0.0	2394426	27	160.0
1606490187.6	40000	1.000999	0.028	336477	3	-4.480000000000004
1606490187.98	160000	1.900844	0.0	14912671	161	40.0
1606490188.54	160000	2.348377	0.0	24265636	264	160.0
1606490189.0	160000	2.882633	0.0	22711544	252	160.0
1606490189.43	160000	3.486127	0.0	19639705	232	160.0
1606490189.88	160000	4.072719	0.0	20946809	257	160.0
1606490190.17	160000	4.834566	0.0	11895609	144	160.0
1606490190.36	160000	5.640248	0.0	7597636	79	160.0
1606490191.51	160000	5.545992	0.0	56067905	583	160.0
1606490192.45	160000	5.649604	0.0	45444680	626	160.0
1606490193.58	160000	5.527103	0.0	54798068	752	160.0
1606490194.98	160000	5.131423	0.0	69464107	866	160.0
1606490195.85	160000	5.260143	0.0	50637608	529	160.0
1606490196.23	160000	5.87742	0.0	19559369	195	160.0
1606490198.24	160000	4.869186	0.0	22224402	1810	160.0
1606490199.7	160000	4.406655	0.0	22578365	1260	160.0
1606490200.13	160000	5.003777	0.0	8346702	307	160.0
1606490200.53	160000	5.607138	0.0	15775481	230	160.0
1606490200.79	160000	6.348317	0.0	9163235	134	160.0
1606490201.68	160000	6.462684	0.0	41307095	595	160.0
1606490202.33	160000	6.806331	0.0	28763893	410	160.0
1606490202.89	160000	7.251367	0.0	21266416	365	160.0
1606490203.6	160000	7.541411	0.0	23702229	494	160.0
1606490204.76	160000	7.380945	0.0	27580394	940	160.0
1606490206.05	160000	7.092239	0.0	20329780	1086	160.0
1606490208.17	160000	5.972454	0.0	16109183	1957	160.0
1606490213.77	160000	1.378362	0.0	58830800	5189	160.0
1606490214.12	20000	2.026681	0.0	11684632	190	-120.0
1606490214.32	60000	2.825477	0.0	5395812	86	20.0
1606490214.56	80000	3.589628	0.0	7801969	108	60.0
