1606473392.5	40000	1.000999	0.054	334476	30	-8.64
1606473393.94	160000	1.436405	0.54	14912671	1239	-46.400000000000006
1606473396.18	160000	1.4514	1.223	24265636	1994	-35.68000000000001
1606473396.56	20000	2.078137	0.0	3191121	273	-120.0
1606473396.8	20000	2.887645	0.0	1661718	148	20.0
1606473397.0	20000	3.684273	0.0	1315024	117	20.0
1606473397.14	20000	4.540254	0.0	698359	61	20.0
1606473397.29	20000	5.41567	0.0	730082	63	20.0
1606473397.54	20000	6.172728	0.0	4047415	143	20.0
1606473399.06	110000	5.656307	0.0	28884539	1274	20.0
1606473401.14	110000	4.56819	0.0	26873304	1872	110.0
1606473404.11	110000	2.606719	0.0	33588177	2665	110.0
1606473405.47	110000	2.247851	0.0	25684661	1138	110.0
1606473406.0	160000	2.729588	0.0	19559369	329	110.0
1606473406.58	160000	3.138581	0.0	22224402	366	160.0
1606473407.13	160000	3.593131	0.0	22578365	338	160.0
1606473407.37	160000	4.347696	0.0	8346702	126	160.0
1606473407.75	160000	4.975062	0.0	15775481	211	160.0
1606473408.0	160000	5.729864	0.0	9163235	124	160.0
1606473408.58	110000	6.139991	0.0	26576979	354	60.0
1606473409.18	160000	6.543539	0.0	28763893	366	110.0
1606473409.64	160000	7.086073	0.0	21266416	267	160.0
1606473410.15	160000	7.590387	0.0	23702229	286	160.0
1606473410.71	160000	8.011826	0.0	27580394	344	160.0
1606473411.16	160000	8.562803	0.0	20329780	261	160.0
1606473411.61	160000	9.118753	0.0	16109183	272	160.0
1606473414.99	160000	6.740834	0.0	58830800	2778	160.0
1606473420.54	160000	2.188607	0.0	66935122	5113	160.0
1606473421.44	160000	2.289657	0.0	15251076	739	160.0
1606473421.91	160000	2.818633	0.0	16574034	299	160.0
1606473422.3	160000	3.436524	0.0	13009028	236	160.0
1606473422.67	160000	4.06372	0.0	12791674	220	160.0
1606473423.0	160000	4.732921	0.0	11137898	194	160.0
1606473423.34	160000	5.398135	0.0	11485310	199	160.0
1606473423.68	160000	6.060088	0.0	12428518	200	160.0
1606473423.96	160000	6.777266	0.0	9963766	156	160.0
1606473424.29	160000	7.448426	0.0	12189364	191	160.0
1606473424.59	160000	8.159318	0.0	10142396	162	160.0
1606473424.89	160000	8.853259	0.0	10185488	170	160.0
1606473425.27	160000	9.470648	0.0	14061455	234	160.0
1606473425.8	160000	9.940996	0.0	20074099	346	160.0
1606473427.81	160000	8.933745	0.0	46115254	1685	160.0
1606473432.64	160000	5.100827	0.0	40906522	4518	160.0
1606473433.66	160000	5.090896	0.0	7891151	895	160.0
1606473435.87	160000	3.879242	0.0	21012466	2019	160.0
1606473439.24	80000	1.50742	0.0	11589115	3218	0.0
1606473439.98	80000	1.769957	0.0	8720528	615	80.0
1606473441.19	110000	1.566939	0.0	11196580	1066	80.0
1606473441.91	160000	1.836671	0.0	14448126	572	110.0
1606473442.18	160000	2.576709	0.0	6958676	147	160.0
1606473442.49	160000	3.261281	0.0	9088791	191	160.0
1606473442.6	20000	4.156542	0.0	1015853	17	-120.0
1606473442.68	20000	5.070175	0.0	384076	4	20.0
1606473442.77	20000	5.985984	0.0	295687	3	20.0
1606473442.87	20000	6.884337	0.0	1328674	16	20.0
1606473442.98	20000	7.77786	0.0	1492829	19	20.0
1606473443.09	20000	8.671711	0.0	1484812	18	20.0
1606473443.2	20000	9.559108	0.0	1868314	23	20.0
1606473443.3	20000	10.456293	0.0	1253406	17	20.0
1606473443.4	20000	11.360418	0.0	887933	12	20.0
1606473443.5	20000	12.260629	0.0	1153403	14	20.0
1606473443.61	20000	13.156709	0.0	1249023	17	20.0
1606473443.72	20000	14.046385	0.0	1423973	24	20.0
1606473443.82	20000	14.942909	0.0	1060162	18	20.0
1606473443.93	20000	15.839322	0.0	1080597	18	20.0
1606473444.03	20000	16.734217	0.0	1156442	19	20.0
1606473444.16	20000	17.605385	0.0	2222640	38	20.0
1606473444.3	20000	18.468712	0.0	2587311	45	20.0
1606473444.43	20000	19.340701	0.0	2178351	37	20.0
1606473444.58	20000	20.191651	0.0	3121089	54	20.0
1606473444.71	20000	21.059725	0.0	2857420	37	20.0
1606473444.83	20000	21.948938	0.0	1702477	22	20.0
1606473444.93	20000	22.841978	0.0	1531670	20	20.0
1606473445.05	20000	23.729225	0.0	1863424	24	20.0
1606473445.17	20000	24.611772	0.0	1987392	25	20.0
1606473445.29	20000	25.484774	0.0	2505586	33	20.0
1606473445.55	20000	26.23224	0.0	9620218	127	20.0
1606473445.9	160000	26.880856	0.0	16292703	188	20.0
1606473446.39	160000	27.390414	0.0	25587422	273	160.0
1606473446.86	160000	27.922086	0.0	23982306	269	160.0
1606473447.15	160000	28.637013	0.0	13347845	142	160.0
1606473447.45	160000	29.332665	0.0	14337991	154	160.0
1606473447.75	160000	30.033775	0.0	14584990	150	160.0
1606473448.04	160000	30.748722	0.0	13962401	135	160.0
1606473448.33	160000	31.462116	0.0	14393788	140	160.0
1606473448.62	160000	32.171698	0.0	14649457	143	160.0
1606473448.89	160000	32.901452	0.0	13409715	129	160.0
1606473449.17	160000	33.623393	0.0	13909605	135	160.0
1606473449.44	160000	34.353066	0.0	13301968	130	160.0
1606473449.9	160000	34.891243	0.0	19025846	284	160.0
1606473450.52	160000	35.277615	0.0	19295426	439	160.0
1606473452.0	160000	34.795794	0.0	18261873	1311	160.0
1606473453.97	160000	33.825887	0.0	19847604	1785	160.0
1606473456.35	160000	32.450073	0.0	18767181	2204	160.0
1606473460.35	160000	29.450481	0.0	22420858	3800	160.0
1606473463.11	160000	27.689635	0.0	19324333	2571	160.0
1606473463.94	110000	27.854809	0.0	13994870	684	60.0
1606473464.25	160000	28.549642	0.0	7671072	188	110.0
1606473464.84	160000	28.959823	0.0	17781906	421	160.0
1606473465.2	160000	29.602758	0.0	12839336	213	160.0
1606473465.51	160000	30.292868	0.0	10779770	179	160.0
1606473465.8	110000	31.008956	0.0	9761239	158	60.0
1606473466.47	110000	31.343169	0.0	30352856	438	110.0
1606473466.94	80000	31.863694	0.0	19576633	286	50.0
1606473467.22	110000	32.59119	0.0	9662265	142	80.0
1606473467.43	110000	33.376261	0.0	7008597	104	110.0
1606473467.63	110000	34.17802	0.0	6126549	91	110.0
1606473467.87	110000	34.941117	0.0	9409059	114	110.0
1606473468.22	110000	35.587053	0.0	16742448	195	110.0
1606473468.77	110000	36.038586	0.0	27817780	322	110.0
1606473469.22	160000	36.595377	0.0	22241104	249	110.0
1606473469.55	160000	37.260304	0.0	15813346	178	160.0
1606473469.92	160000	37.895387	0.0	17116450	199	160.0
1606473470.33	160000	38.490436	0.0	18867054	230	160.0
1606473470.71	160000	39.109198	0.0	17393609	214	160.0
1606473471.2	160000	39.621611	0.0	24759401	269	160.0
1606473471.7	160000	40.124183	0.0	25782433	287	160.0
1606473472.21	160000	40.614947	0.0	25885372	283	160.0
1606473472.7	160000	41.120934	0.0	26242011	281	160.0
1606473473.14	160000	41.682984	0.0	23865378	218	160.0
1606473473.58	160000	42.2403	0.0	25470681	231	160.0
1606473474.05	160000	42.776671	0.0	27258768	234	160.0
1606473474.37	160000	43.458901	0.0	17853711	146	160.0
1606473474.64	160000	44.188874	0.0	14829893	120	160.0
1606473475.05	160000	44.780296	0.0	27779697	186	160.0
1606473475.43	160000	45.394728	0.0	27714923	169	160.0
1606473475.81	160000	46.017194	0.0	25946474	161	160.0
1606473476.11	160000	46.718346	0.0	19596259	119	160.0
1606473476.47	160000	47.366964	0.0	23774167	151	160.0
1606473476.77	160000	48.066447	0.0	19373656	119	160.0
1606473477.12	160000	48.714365	0.0	23977420	147	160.0
1606473477.47	160000	49.362149	0.0	24493733	147	160.0
1606473477.71	160000	50.123597	0.0	14528511	89	160.0
1606473477.96	160000	50.8758	0.0	16841176	83	160.0
1606473478.22	160000	51.619186	0.0	16743604	80	160.0
1606473478.48	160000	52.359274	0.0	17975224	90	160.0
1606473478.79	160000	53.052425	0.0	22329548	111	160.0
1606473479.03	160000	53.807387	0.0	16001583	80	160.0
1606473479.3	160000	54.540383	0.0	18238584	94	160.0
1606473479.6	160000	55.243909	0.0	21308824	105	160.0
1606473479.85	160000	55.989745	0.0	17749058	87	160.0
1606473480.07	160000	56.770827	0.0	14127787	71	160.0
1606473480.33	160000	57.515792	0.0	17525699	87	160.0
1606473480.55	160000	58.300214	0.0	14240042	70	160.0
1606473480.83	160000	59.018849	0.0	20324139	100	160.0
1606473481.13	160000	59.721756	0.0	21993033	107	160.0
1606473482.4	160000	59.588775	0.0	18863108	91	160.0
1606473483.16	160000	59.839731	0.0	15964734	94	160.0
1606473484.32	160000	59.590764	0.0	8284939	49	160.0
1606473485.49	160000	59.591731	0.0	9004706	45	160.0
1606473486.14	160000	59.842796	0.0	6955279	35	160.0
1606473487.33	160000	59.593761	0.0	10701639	56	160.0
1606473488.5	160000	59.594787	0.0	9459459	46	160.0
1606473489.12	160000	59.84569	0.0	3212828	17	160.0
1606473490.22	160000	59.846749	0.0	2509989	14	160.0
1606473491.3	160000	59.59776	0.0	2004927	11	160.0
1606473492.36	160000	59.598818	0.0	591360	7	160.0
1606473493.57	160000	59.783525	0.0	2394426	162	160.0
1606473493.98	40000	1.000999	0.029	336477	7	-4.640000000000001
1606473494.52	160000	1.739538	0.0	14912671	308	40.0
1606473495.24	160000	2.024247	0.0	24265636	422	160.0
1606473495.73	160000	2.536288	0.0	22711544	290	160.0
1606473496.19	160000	3.190645	0.0	19639705	278	160.0
1606473496.71	160000	3.725846	0.0	20946809	318	160.0
1606473497.02	160000	4.419375	0.0	11895609	168	160.0
1606473497.23	160000	5.235964	0.0	7597636	93	160.0
1606473498.52	160000	5.017331	0.0	56067905	759	160.0
1606473499.16	80000	5.412848	0.0	15816325	462	0.0
1606473500.65	80000	4.922896	0.0	15275967	1336	80.0
1606473503.7	160000	2.867331	0.0	69464107	2484	80.0
1606473504.83	160000	2.738041	0.0	50637608	792	160.0
1606473505.38	160000	3.196279	0.0	19559369	359	160.0
1606473505.97	160000	3.601452	0.0	22224402	400	160.0
1606473506.67	160000	3.926431	0.0	22578365	498	160.0
1606473506.98	160000	4.62268	0.0	8346702	184	160.0
1606473507.37	160000	5.230071	0.0	15775481	232	160.0
1606473507.64	160000	5.962237	0.0	9163235	139	160.0
1606473508.82	160000	5.783385	0.0	41307095	885	160.0
1606473509.6	160000	6.003269	0.0	28763893	533	160.0
1606473510.14	160000	6.469801	0.0	21266416	344	160.0
1606473510.55	160000	7.053818	0.0	23702229	201	160.0
1606473511.0	160000	7.604633	0.0	27580394	234	160.0
1606473511.36	160000	8.245506	0.0	20329780	165	160.0
1606473511.66	160000	8.950127	0.0	16109183	131	160.0
1606473512.57	160000	9.041647	0.0	58830800	496	160.0
1606473513.5	160000	9.116192	0.0	66935122	502	160.0
1606473513.74	160000	9.874088	0.0	15251076	85	160.0
