1606505471.78	40000	1.000999	0.015	334476	3	-2.3999999999999986
1606505472.12	40000	1.948595	0.0	14648397	179	40.0
1606505472.54	60000	2.610054	0.0	20421673	250	40.0
1606505473.64	60000	2.539418	0.0	13063186	1010	60.0
1606505474.5	60000	2.704738	0.0	8954217	808	60.0
1606505474.77	80000	3.43764	0.0	11497228	195	60.0
1606505474.89	80000	4.341344	0.0	6232523	75	80.0
1606505474.99	80000	5.236856	0.0	5425476	64	80.0
1606505475.59	80000	5.662818	0.0	29583867	354	80.0
1606505476.34	110000	5.939569	0.0	28884539	557	80.0
1606505477.82	110000	5.458181	0.0	26873304	1329	110.0
1606505480.42	110000	3.859806	0.0	33588177	2401	110.0
1606505482.42	110000	2.860608	0.0	25684661	1854	110.0
1606505483.52	110000	2.757718	0.0	10838546	1032	110.0
1606505485.44	160000	1.839328	0.0	22224402	1784	110.0
1606505486.25	160000	2.02907	0.0	22578365	679	160.0
1606505486.5	160000	2.779797	0.0	8346702	197	160.0
1606505486.86	160000	3.424001	0.0	15775481	260	160.0
1606505487.03	160000	4.258615	0.0	9163235	110	160.0
1606505487.8	160000	4.484862	0.0	41307095	492	160.0
1606505488.46	160000	4.829554	0.0	28763893	491	160.0
1606505490.53	160000	3.758386	0.0	21266416	1937	160.0
1606505492.31	160000	2.983148	0.0	23702229	1641	160.0
1606505494.1	160000	2.191507	0.0	27580394	1626	160.0
1606505495.02	160000	2.275281	0.0	20329780	784	160.0
1606505495.71	160000	2.587313	0.0	16109183	590	160.0
1606505498.48	160000	1.044887	0.227	58830800	2346	123.68
1606505501.36	160000	1.266413	2.095	66935122	2545	-175.2
1606505501.75	160000	1.869305	0.0	15251076	299	160.0
1606505502.31	160000	2.307302	0.0	16574034	457	160.0
1606505502.75	160000	2.874421	0.0	13009028	359	160.0
1606505503.1	160000	3.517157	0.0	12791674	285	160.0
1606505503.42	160000	4.198228	0.0	11137898	249	160.0
1606505503.77	160000	4.86092	0.0	11485310	262	160.0
1606505504.16	160000	5.465401	0.0	12428518	316	160.0
1606505504.47	160000	6.151152	0.0	9963766	254	160.0
1606505504.85	160000	6.774228	0.0	12189364	307	160.0
1606505505.15	160000	7.479782	0.0	10142396	233	160.0
1606505505.45	160000	8.183006	0.0	10185488	235	160.0
1606505505.86	160000	8.766467	0.0	14061455	339	160.0
1606505511.66	160000	3.968497	0.0	20074099	5678	160.0
1606505514.44	160000	2.19378	0.0	46115254	2514	160.0
1606505515.32	160000	2.314447	0.0	40906522	644	160.0
1606505515.46	160000	3.174202	0.0	7891151	87	160.0
1606505515.82	160000	3.815308	0.0	21012466	235	160.0
1606505516.19	160000	4.443088	0.0	23519424	236	160.0
1606505516.5	160000	5.14014	0.0	18715420	187	160.0
1606505516.77	160000	5.864435	0.0	17000816	173	160.0
1606505517.0	160000	6.639663	0.0	14448126	139	160.0
1606505517.11	160000	7.524427	0.0	6958676	61	160.0
1606505517.26	160000	8.383824	0.0	9088791	84	160.0
1606505517.37	160000	9.272476	0.0	7211881	68	160.0
1606505517.42	160000	10.218329	0.0	3063586	28	160.0
1606505517.47	160000	11.171092	0.0	2782179	26	160.0
1606505517.62	160000	12.019909	0.0	9958410	93	160.0
1606505517.81	160000	12.83711	0.0	12158708	113	160.0
1606505518.04	160000	13.610046	0.0	12300216	143	160.0
1606505518.33	160000	14.320832	0.0	15815684	200	160.0
1606505518.57	160000	15.074051	0.0	13526256	170	160.0
1606505518.8	160000	15.854026	0.0	11995130	152	160.0
1606505519.04	160000	16.612545	0.0	13394791	166	160.0
1606505519.3	160000	17.348004	0.0	14135828	175	160.0
1606505519.58	160000	18.072451	0.0	15366126	190	160.0
1606505519.84	160000	18.818083	0.0	14248439	176	160.0
1606505520.1	160000	19.555513	0.0	13843717	184	160.0
1606505520.39	160000	20.263662	0.0	14665119	199	160.0
1606505520.8	160000	20.856699	0.0	21079187	285	160.0
1606505522.73	160000	19.926032	0.0	25480074	1793	160.0
1606505523.29	160000	20.371765	0.0	23021754	423	160.0
1606505523.82	160000	20.842883	0.0	27527834	370	160.0
1606505524.47	160000	21.18916	0.0	26155848	488	160.0
1606505524.93	160000	21.735604	0.0	17849379	348	160.0
1606505525.22	160000	22.442834	0.0	16546531	197	160.0
1606505525.54	160000	23.127207	0.0	17718949	211	160.0
1606505525.85	160000	23.816534	0.0	17337137	206	160.0
1606505526.55	160000	24.111886	0.0	20008245	592	160.0
1606505531.1	160000	20.5623	0.0	58430914	4233	160.0
1606505532.12	160000	20.546949	0.0	16292703	916	160.0
1606505532.74	160000	20.929756	0.0	25587422	478	160.0
1606505533.2	160000	21.466451	0.0	23982306	331	160.0
1606505533.43	160000	22.244218	0.0	13347845	143	160.0
1606505533.65	160000	23.020283	0.0	14337991	145	160.0
1606505533.88	160000	23.792154	0.0	14584990	148	160.0
1606505534.1	160000	24.576055	0.0	13962401	139	160.0
1606505534.32	160000	25.349835	0.0	14393788	141	160.0
1606505534.55	160000	26.12438	0.0	14649457	145	160.0
1606505534.76	160000	26.914339	0.0	13409715	133	160.0
1606505534.98	160000	27.699629	0.0	13909605	138	160.0
1606505535.18	160000	28.499012	0.0	13301968	126	160.0
1606505535.47	160000	29.20569	0.0	19025846	180	160.0
1606505535.77	160000	29.914213	0.0	19295426	182	160.0
1606505536.05	160000	30.629515	0.0	18261873	178	160.0
1606505536.35	160000	31.32886	0.0	19847604	180	160.0
1606505536.63	160000	32.052279	0.0	18767181	171	160.0
1606505536.96	160000	32.722971	0.0	22420858	204	160.0
1606505537.24	160000	33.449994	0.0	19324333	160	160.0
1606505537.53	160000	34.160116	0.0	20392234	168	160.0
1606505537.64	160000	35.048846	0.0	7671072	64	160.0
1606505537.89	160000	35.801802	0.0	17781906	148	160.0
1606505538.07	160000	36.619521	0.0	12839336	109	160.0
1606505538.23	160000	37.455883	0.0	10779770	100	160.0
1606505538.46	160000	38.229387	0.0	14606687	134	160.0
1606505539.08	160000	38.608371	0.0	41866951	384	160.0
1606505539.63	160000	39.065653	0.0	37238410	320	160.0
1606505539.83	160000	39.862025	0.0	14347759	123	160.0
1606505540.0	160000	40.691701	0.0	11399187	103	160.0
1606505540.15	160000	41.545436	0.0	10358641	79	160.0
1606505540.34	160000	42.352847	0.0	14315696	114	160.0
1606505540.66	160000	43.038848	0.0	23283631	184	160.0
1606505541.19	160000	43.514902	0.0	37521367	296	160.0
1606505542.03	160000	43.670626	0.0	22241104	716	160.0
1606505543.13	160000	43.574806	0.0	15813346	991	160.0
1606505543.57	160000	44.13161	0.0	17116450	348	160.0
1606505544.06	160000	44.643249	0.0	18867054	383	160.0
1606505545.35	160000	44.349421	0.0	17393609	1195	160.0
1606505547.29	160000	43.414319	0.0	24759401	1796	160.0
1606505549.49	160000	42.217497	0.0	25782433	2057	160.0
1606505551.77	160000	40.935708	0.0	25885372	2125	160.0
1606505553.87	160000	39.834286	0.0	26242011	1959	160.0
1606505554.73	160000	39.98163	0.0	23865378	704	160.0
1606505555.37	160000	40.338659	0.0	25470681	500	160.0
1606505555.94	160000	40.773001	0.0	27258768	400	160.0
1606505556.63	160000	41.079397	0.0	17853711	590	160.0
1606505557.62	160000	41.096912	0.0	14829893	901	160.0
1606505558.78	160000	40.937328	0.0	27779697	1004	160.0
1606505559.47	160000	41.241135	0.0	27714923	547	160.0
1606505560.01	160000	41.702557	0.0	25946474	393	160.0
1606505560.4	160000	42.318689	0.0	19596259	275	160.0
1606505560.85	160000	42.869878	0.0	23774167	324	160.0
1606505561.23	160000	43.491988	0.0	19373656	267	160.0
1606505561.83	160000	43.886383	0.0	23977420	478	160.0
1606505563.95	160000	42.766631	0.0	24493733	1983	160.0
1606505565.07	160000	42.656439	0.0	14528511	1028	160.0
1606505566.34	160000	42.383687	0.0	16841176	1172	160.0
1606505567.66	160000	42.065961	0.0	16743604	1223	160.0
1606505569.08	160000	41.643945	0.0	17975224	1319	160.0
1606505570.79	160000	40.941261	0.0	22329548	1576	160.0
1606505572.01	160000	40.720876	0.0	16001583	1127	160.0
1606505573.31	160000	40.421569	0.0	18238584	1194	160.0
1606505573.73	160000	41.00291	0.0	21308824	299	160.0
1606505574.08	160000	41.646779	0.0	17749058	249	160.0
1606505574.32	160000	42.406774	0.0	14127787	160	160.0
1606505574.58	160000	43.154417	0.0	17525699	152	160.0
1606505574.78	160000	43.950737	0.0	14240042	124	160.0
1606505575.08	160000	44.658572	0.0	20324139	176	160.0
1606505575.4	160000	45.338922	0.0	21993033	193	160.0
1606505575.68	160000	46.052511	0.0	18863108	170	160.0
1606505575.93	160000	46.811711	0.0	15964734	144	160.0
1606505576.05	160000	47.68713	0.0	8284939	75	160.0
1606505576.2	160000	48.548951	0.0	9004706	82	160.0
1606505576.3	160000	49.440649	0.0	6955279	52	160.0
1606505576.45	160000	50.290071	0.0	10701639	81	160.0
1606505576.59	160000	51.156428	0.0	9459459	72	160.0
1606505576.64	160000	52.102559	0.0	3212828	26	160.0
1606505576.68	160000	53.060266	0.0	2509989	20	160.0
1606505576.72	160000	54.025077	0.0	2004927	15	160.0
1606505576.74	160000	55.006514	0.0	591360	4	160.0
1606505576.78	160000	56.402254	0.0	2394426	19	160.0
1606505577.07	40000	1.000999	0.036	337339	1	-5.759999999999998
1606505577.39	40000	2.001999	0.0	14648397	112	40.0
1606505577.78	60000	2.721134	0.0	20421673	208	40.0
1606505577.99	60000	3.508747	0.0	13063186	132	60.0
1606505578.14	60000	4.363002	0.0	8954217	91	60.0
1606505578.33	80000	5.171894	0.0	11497228	111	60.0
1606505578.44	80000	6.072189	0.0	6232523	58	80.0
1606505578.55	80000	6.971042	0.0	5425476	50	80.0
1606505579.07	80000	7.510483	0.0	29583867	271	80.0
1606505579.49	110000	8.13911	0.0	28884539	252	80.0
1606505579.87	110000	8.785061	0.0	26873304	221	110.0
1606505580.35	110000	9.322444	0.0	33588177	277	110.0
1606505580.71	110000	9.986209	0.0	25684661	207	110.0
1606505580.87	110000	10.849182	0.0	10838546	87	110.0
1606505581.18	160000	11.542686	0.0	22224402	179	110.0
1606505581.5	160000	12.224868	0.0	22578365	184	160.0
1606505581.62	160000	13.097011	0.0	8346702	67	160.0
1606505581.85	160000	13.891628	0.0	15775481	130	160.0
1606505581.99	160000	14.755139	0.0	9163235	74	160.0
1606505582.63	160000	15.120036	0.0	41307095	342	160.0
1606505583.03	160000	15.716578	0.0	28763893	244	160.0
1606505583.34	160000	16.406307	0.0	21266416	180	160.0
1606505583.69	160000	17.061	0.0	23702229	213	160.0
1606505584.09	160000	17.662257	0.0	27580394	248	160.0
1606505584.4	160000	18.354135	0.0	20329780	173	160.0
1606505584.6	160000	19.148338	0.0	16109183	114	160.0
1606505585.48	160000	19.273769	0.0	58830800	415	160.0
1606505586.4	160000	19.357412	0.0	66935122	534	160.0
1606505586.6	160000	20.155995	0.0	15251076	114	160.0
1606505586.83	160000	20.930789	0.0	16574034	122	160.0
1606505587.0	160000	21.761397	0.0	13009028	96	160.0
1606505587.17	160000	22.592975	0.0	12791674	95	160.0
1606505587.33	160000	23.428118	0.0	11137898	82	160.0
1606505587.48	160000	24.280936	0.0	11485310	80	160.0
1606505587.64	160000	25.123388	0.0	12428518	87	160.0
1606505587.77	160000	25.994556	0.0	9963766	69	160.0
1606505587.92	160000	26.839815	0.0	12189364	85	160.0
1606505588.05	160000	27.70947	0.0	10142396	71	160.0
1606505588.19	160000	28.570978	0.0	10185488	78	160.0
1606505588.38	160000	29.384702	0.0	14061455	104	160.0
1606505588.67	160000	30.093645	0.0	20074099	173	160.0
1606505589.34	160000	30.433804	0.0	46115254	400	160.0
1606505589.88	160000	30.893594	0.0	40906522	298	160.0
1606505589.99	160000	31.783068	0.0	7891151	55	160.0
1606505590.26	160000	32.510651	0.0	21012466	153	160.0
1606505590.57	160000	33.197921	0.0	23519424	170	160.0
1606505590.82	160000	33.953287	0.0	18715420	136	160.0
1606505591.04	160000	34.731489	0.0	17000816	123	160.0
1606505591.23	160000	35.542261	0.0	14448126	104	160.0
1606505591.34	160000	36.433554	0.0	6958676	50	160.0
1606505591.54	160000	37.233542	0.0	9088791	136	160.0
1606505591.69	160000	38.087107	0.0	7211881	101	160.0
1606505591.76	160000	39.01929	0.0	3063586	43	160.0
1606505591.82	160000	39.957384	0.0	2782179	39	160.0
1606505592.02	160000	40.758793	0.0	9958410	140	160.0
1606505592.26	160000	41.520127	0.0	12158708	171	160.0
1606505592.49	160000	42.301376	0.0	12300216	145	160.0
1606505592.77	160000	43.01869	0.0	15815684	179	160.0
1606505593.01	160000	43.776008	0.0	13526256	168	160.0
1606505593.21	160000	44.572416	0.0	11995130	136	160.0
1606505593.51	160000	45.274097	0.0	13394791	224	160.0
1606505593.91	160000	45.88263	0.0	14135828	307	160.0
