1606463033.73	40000	1.000999	0.036	334476	25	-5.759999999999998
1606463034.98	40000	1.452029	0.362	14648397	1121	-17.92
1606463036.65	60000	1.456834	0.645	20421673	1524	-63.2
1606463037.78	60000	1.432285	0.078	13063186	1043	47.519999999999996
1606463038.46	60000	1.773698	0.0	8954217	622	60.0
1606463039.37	80000	1.885408	0.0	11497228	833	60.0
1606463039.94	80000	2.314345	0.0	6232523	526	80.0
1606463040.46	80000	2.793366	0.0	5425476	481	80.0
1606463043.11	80000	1.282862	0.134	29583867	2425	58.56
1606463045.5	110000	1.451024	1.562	28884539	2246	-169.92
1606463047.63	110000	1.26561	0.937	26873304	1980	-39.91999999999999
1606463050.34	110000	1.451729	1.897	33588177	2546	-193.51999999999998
1606463052.26	110000	1.349512	0.826	25684661	1800	-22.159999999999997
1606463053.07	110000	1.546765	0.0	10838546	733	110.0
1606463055.06	160000	1.42756	0.874	22224402	1877	-29.840000000000003
1606463056.59	160000	1.302947	0.397	22578365	1409	96.47999999999999
1606463056.95	160000	1.938534	0.0	8346702	307	160.0
1606463057.6	160000	2.291954	0.0	15775481	551	160.0
1606463058.82	160000	2.072454	0.0	9163235	1165	160.0
1606463066.7	160000	1.453245	6.264	41307095	7632	-842.24
1606463067.57	160000	1.583711	0.0	28763893	708	160.0
1606463068.37	160000	1.782998	0.0	21266416	669	160.0
1606463069.12	160000	2.04533	0.0	23702229	604	160.0
1606463069.88	160000	2.280323	0.0	27580394	600	160.0
1606463070.46	160000	2.701393	0.0	20329780	450	160.0
1606463070.87	160000	3.290238	0.0	16109183	314	160.0
1606463072.29	160000	2.872935	0.0	58830800	945	160.0
1606463073.68	160000	2.487202	0.0	66935122	1018	160.0
1606463074.05	160000	3.119987	0.0	15251076	268	160.0
1606463074.45	160000	3.714508	0.0	16574034	295	160.0
1606463074.76	160000	4.404931	0.0	13009028	231	160.0
1606463075.03	160000	5.134002	0.0	12791674	195	160.0
1606463075.27	160000	5.893274	0.0	11137898	170	160.0
1606463075.52	160000	6.649173	0.0	11485310	176	160.0
1606463075.79	160000	7.378358	0.0	12428518	198	160.0
1606463076.06	160000	8.110029	0.0	9963766	202	160.0
1606463076.38	160000	8.793501	0.0	12189364	246	160.0
1606463076.65	160000	9.527296	0.0	10142396	205	160.0
1606463076.88	160000	10.289602	0.0	10185488	177	160.0
1606463077.21	160000	10.96726	0.0	14061455	238	160.0
1606463077.65	160000	11.520996	0.0	20074099	333	160.0
1606463078.92	160000	11.25539	0.0	46115254	1009	160.0
1606463079.96	160000	11.221097	0.0	40906522	797	160.0
1606463080.17	160000	12.012872	0.0	7891151	157	160.0
1606463080.7	160000	12.475141	0.0	21012466	420	160.0
1606463081.25	160000	12.927887	0.0	23519424	409	160.0
1606463081.68	160000	13.498248	0.0	18715420	323	160.0
1606463082.1	160000	14.08408	0.0	17000816	313	160.0
1606463082.45	160000	14.733962	0.0	14448126	267	160.0
1606463082.62	160000	15.561417	0.0	6958676	129	160.0
1606463082.84	160000	16.342147	0.0	9088791	163	160.0
1606463083.02	160000	17.171398	0.0	7211881	123	160.0
1606463083.09	160000	18.092994	0.0	3063586	52	160.0
1606463083.17	160000	19.021263	0.0	2782179	47	160.0
1606463083.41	160000	19.784214	0.0	9958410	168	160.0
1606463083.68	160000	20.507222	0.0	12158708	208	160.0
1606463083.99	160000	21.207213	0.0	12300216	226	160.0
1606463084.37	160000	21.822573	0.0	15815684	298	160.0
1606463084.7	160000	22.494666	0.0	13526256	255	160.0
1606463085.06	160000	23.131674	0.0	11995130	294	160.0
1606463085.49	160000	23.710187	0.0	13394791	347	160.0
1606463085.94	160000	24.253653	0.0	14135828	376	160.0
1606463086.47	160000	24.731046	0.0	15366126	440	160.0
1606463087.01	160000	25.195137	0.0	14248439	457	160.0
1606463087.66	160000	25.54214	0.0	13843717	572	160.0
1606463088.27	160000	25.935992	0.0	14665119	520	160.0
1606463089.41	160000	25.790722	0.0	21079187	1019	160.0
1606463090.69	160000	25.509952	0.0	25480074	1135	160.0
1606463091.6	160000	25.608829	0.0	23021754	772	160.0
1606463092.67	160000	25.532139	0.0	27527834	917	160.0
1606463094.22	160000	24.981795	0.0	26155848	1394	160.0
1606463098.82	160000	21.382475	0.0	17849379	4496	160.0
1606463100.07	160000	21.14023	0.0	16546531	1146	160.0
1606463101.64	160000	20.563659	0.0	17718949	1467	160.0
1606463103.16	160000	20.046446	0.0	17337137	1419	160.0
1606463104.88	160000	19.328078	0.0	20008245	1604	160.0
1606463109.81	160000	15.405804	0.0	58430914	4598	160.0
1606463111.0	160000	15.210098	0.0	16292703	1093	160.0
1606463113.15	160000	14.066236	0.0	25587422	2004	160.0
1606463115.06	160000	13.15538	0.0	23982306	1773	160.0
1606463116.18	160000	13.039977	0.0	13347845	1037	160.0
1606463117.46	160000	12.756202	0.0	14337991	1202	160.0
1606463118.67	160000	12.553621	0.0	14584990	1121	160.0
1606463119.97	160000	12.251505	0.0	13962401	1219	160.0
1606463121.26	160000	11.955378	0.0	14393788	1217	160.0
1606463122.37	160000	11.851767	0.0	14649457	1022	160.0
1606463123.37	160000	11.852515	0.0	13409715	923	160.0
1606463124.41	160000	11.819318	0.0	13909605	952	160.0
1606463125.41	160000	11.811385	0.0	13301968	931	160.0
1606463127.11	160000	11.112168	0.0	19025846	1584	160.0
1606463128.74	160000	10.490057	0.0	19295426	1512	160.0
1606463130.27	160000	9.952816	0.0	18261873	1434	160.0
1606463131.96	160000	9.26865	0.0	19847604	1567	160.0
1606463133.6	160000	8.624171	0.0	18767181	1536	160.0
1606463135.63	160000	7.599843	0.0	22420858	1903	160.0
1606463137.18	160000	7.049137	0.0	19324333	1437	160.0
1606463138.18	160000	7.054612	0.0	20392234	881	160.0
1606463138.53	160000	7.702106	0.0	7671072	304	160.0
1606463139.3	160000	7.932406	0.0	17781906	667	160.0
1606463139.83	160000	8.408876	0.0	12839336	447	160.0
1606463140.57	160000	8.662447	0.0	10779770	681	160.0
1606463141.61	160000	8.628115	0.0	14606687	958	160.0
1606463143.87	160000	7.367913	0.0	41866951	2023	160.0
1606463152.06	160000	1.299769	1.123	37238410	8003	-19.680000000000007
1606463153.3	160000	1.423851	0.366	14347759	1169	101.44
1606463154.14	160000	1.584041	0.0	11399187	774	160.0
1606463154.72	160000	2.00942	0.0	10358641	508	160.0
1606463155.49	160000	2.244907	0.0	14315696	680	160.0
1606463156.56	160000	2.172743	0.0	23283631	932	160.0
1606463158.3	160000	1.429642	0.0	37521367	1524	160.0
1606463159.35	160000	1.387029	0.0	22241104	914	160.0
1606463160.08	160000	1.656482	0.0	15813346	630	160.0
1606463160.88	160000	1.850829	0.0	17116450	703	160.0
1606463161.76	160000	1.98049	0.0	18867054	764	160.0
1606463162.55	160000	2.187236	0.0	17393609	694	160.0
1606463163.77	160000	1.969785	0.0	24759401	1082	160.0
1606463165.16	160000	1.584915	0.0	25782433	1238	160.0
1606463166.27	160000	1.468127	0.0	25885372	956	160.0
1606463168.06	160000	1.303257	0.618	26242011	1654	61.120000000000005
1606463168.88	160000	1.48317	0.0	23865378	672	160.0
1606463174.86	160000	1.4232	4.92	25470681	5858	-627.2
1606463178.33	160000	1.344744	2.395	27258768	3325	-223.2
1606463179.77	160000	1.491042	0.574	17853711	1339	68.16
1606463180.59	160000	1.666276	0.0	14829893	733	160.0
1606463181.57	160000	1.687393	0.0	27779697	818	160.0
1606463182.45	160000	1.808633	0.0	27714923	724	160.0
1606463183.03	160000	2.22758	0.0	25946474	427	160.0
1606463183.47	160000	2.792333	0.0	19596259	322	160.0
1606463183.99	160000	3.267239	0.0	23774167	384	160.0
1606463184.42	160000	3.840756	0.0	19373656	312	160.0
1606463184.99	160000	4.26779	0.0	23977420	442	160.0
1606463185.59	160000	4.676176	0.0	24493733	450	160.0
1606463185.94	160000	5.325305	0.0	14528511	267	160.0
1606463186.35	160000	5.917183	0.0	16841176	310	160.0
1606463186.78	160000	6.486664	0.0	16743604	331	160.0
1606463187.24	160000	7.02643	0.0	17975224	356	160.0
1606463189.43	160000	5.834657	0.0	22329548	2061	160.0
1606463220.71	160000	1.32817	25.774	16001583	31194	-3963.84
1606463221.71	110000	1.329379	0.0	12984407	923	60.0
1606463222.39	110000	1.656219	0.0	15340646	588	110.0
1606463223.05	110000	1.997186	0.0	12480173	587	110.0
1606463223.59	110000	2.452439	0.0	9581283	488	110.0
1606463224.36	110000	2.685584	0.0	11843441	696	110.0
1606463225.36	110000	2.682825	0.0	9470053	944	110.0
1606463232.82	110000	1.346535	5.122	13845974	7386	-709.52
1606463234.15	110000	1.480641	0.466	15054391	1255	35.44
1606463235.23	110000	1.434932	0.029	12467336	1002	105.36
1606463236.73	160000	1.476701	0.542	15964734	1416	23.28
1606463237.47	160000	1.738217	0.0	8284939	685	160.0
1606463238.18	160000	2.025826	0.0	9004706	660	160.0
1606463238.72	160000	2.485919	0.0	6955279	497	160.0
1606463239.57	160000	2.644285	0.0	10701639	777	160.0
1606463240.56	160000	2.648844	0.0	9459459	928	160.0
1606463240.85	160000	3.366534	0.0	3212828	254	160.0
1606463241.05	160000	4.158521	0.0	2509989	185	160.0
1606463241.22	160000	4.992057	0.0	2004927	147	160.0
1606463241.28	160000	5.934648	0.0	591360	42	160.0
1606463241.48	160000	7.171982	0.0	2394426	176	160.0
1606463241.73	40000	1.000999	0.059	337339	31	-9.439999999999998
1606463243.12	40000	1.357943	0.444	14648397	1261	-31.040000000000006
1606463244.76	60000	1.436167	0.692	20421673	1497	-70.72
1606463246.82	60000	1.41752	0.995	13063186	1992	-99.19999999999999
1606463247.46	60000	1.803292	0.0	8954217	579	60.0
1606463248.16	80000	2.098126	0.0	11497228	634	60.0
1606463248.53	80000	2.758438	0.0	6232523	319	80.0
1606463248.79	80000	3.497709	0.0	5425476	222	80.0
1606463249.86	80000	3.421974	0.0	29583867	841	80.0
1606463256.06	110000	1.319733	3.088	28884539	6038	-414.08
1606463258.54	110000	1.408781	1.573	26873304	2354	-141.68
1606463259.99	110000	1.482871	0.518	33588177	1284	27.120000000000005
1606463260.92	110000	1.553047	0.0	25684661	782	110.0
1606463261.4	110000	2.067115	0.0	10838546	408	110.0
1606463262.37	160000	2.098164	0.0	22224402	836	110.0
1606463263.3	160000	2.174621	0.0	22578365	792	160.0
1606463263.63	160000	2.842277	0.0	8346702	280	160.0
