1606521675.95	40000	1.000999	0.045	334476	32	-7.200000000000003
1606521677.64	160000	1.361535	0.714	14912671	1475	-74.24
1606521678.73	160000	1.414168	0.109	24265636	818	142.56
1606521679.5	160000	1.689955	0.0	22711544	568	160.0
1606521682.81	160000	1.298144	1.868	19639705	3127	-138.88
1606521684.52	160000	1.296438	0.687	20946809	1529	50.08
1606521685.56	160000	1.484447	0.221	11895609	897	124.64
1606521686.23	160000	1.815121	0.0	7597636	552	160.0
1606521686.63	20000	2.418202	0.0	4047415	285	-120.0
1606521686.95	20000	3.098368	0.0	2863079	226	20.0
1606521687.39	20000	3.658571	0.0	4167844	340	20.0
1606521687.93	20000	4.113455	0.0	5571764	436	20.0
1606521688.39	20000	4.653151	0.0	4925652	356	20.0
1606521688.63	20000	5.418455	0.0	2030157	147	20.0
1606521688.9	20000	6.153923	0.0	2240782	175	20.0
1606521690.76	160000	5.289847	0.0	22578365	1656	20.0
1606521691.13	160000	5.922451	0.0	8346702	244	160.0
1606521691.76	160000	6.297836	0.0	15775481	461	160.0
1606521692.13	160000	6.928591	0.0	9163235	234	160.0
1606521693.71	160000	6.344536	0.0	41307095	1196	160.0
1606521699.48	160000	1.570873	0.0	28763893	5527	160.0
1606521700.85	160000	1.457693	0.256	21266416	1183	119.03999999999999
1606521701.13	20000	2.180299	0.0	3944328	174	-120.0
1606521701.43	20000	2.888764	0.0	4284196	189	20.0
1606521701.66	20000	3.659366	0.0	3022025	133	20.0
1606521701.85	20000	4.467822	0.0	2248581	99	20.0
1606521702.38	20000	4.935054	0.0	9946363	402	20.0
1606521703.02	20000	5.301974	0.0	11684632	493	20.0
1606521703.2	20000	6.12217	0.0	1849732	88	20.0
1606521703.38	20000	6.937806	0.0	1942795	93	20.0
1606521703.65	40000	7.675634	0.0	3217701	155	20.0
1606521703.89	40000	8.428223	0.0	3212580	150	40.0
1606521704.48	160000	8.842957	0.0	11137898	447	40.0
1606521705.07	160000	9.25204	0.0	11485310	453	160.0
1606521705.7	160000	9.624118	0.0	12428518	488	160.0
1606521706.66	160000	9.661528	0.0	9963766	829	160.0
1606521710.57	160000	6.757854	0.0	12189364	3758	160.0
1606521713.31	160000	5.020929	0.0	10142396	2606	160.0
1606521714.29	160000	5.03548	0.0	10185488	851	160.0
1606521714.65	40000	5.67917	0.0	3408862	255	-80.0
1606521714.94	20000	6.388711	0.0	2536859	184	0.0
1606521715.37	20000	6.961373	0.0	4742872	324	20.0
1606521715.82	20000	7.517636	0.0	4955535	339	20.0
1606521715.99	20000	8.345706	0.0	1260540	86	20.0
1606521716.33	20000	8.999542	0.0	3605246	249	20.0
1606521716.62	20000	9.715527	0.0	2770338	190	20.0
1606521717.0	40000	10.336194	0.0	3897146	278	20.0
1606521717.65	60000	10.692724	0.0	5629782	516	40.0
1606521718.21	60000	11.126899	0.0	5045231	454	60.0
1606521718.62	80000	11.716956	0.0	3458958	309	60.0
1606521719.09	80000	12.252466	0.0	4351089	365	80.0
1606521719.74	160000	12.597518	0.0	7211881	537	80.0
1606521720.07	160000	13.273694	0.0	3063586	232	160.0
1606521720.38	160000	13.966284	0.0	2782179	216	160.0
1606521721.27	160000	14.077505	0.0	9958410	762	160.0
1606521722.22	160000	14.121704	0.0	12158708	812	160.0
1606521722.99	160000	14.356545	0.0	12300216	626	160.0
1606521723.68	160000	14.67167	0.0	15815684	525	160.0
1606521724.42	160000	14.931437	0.0	13526256	594	160.0
1606521725.26	160000	15.088514	0.0	11995130	703	160.0
1606521726.33	160000	15.022557	0.0	13394791	919	160.0
1606521727.46	160000	14.897494	0.0	14135828	975	160.0
1606521728.67	160000	14.681686	0.0	15366126	1061	160.0
1606521729.94	160000	14.411789	0.0	14248439	1119	160.0
1606521731.31	160000	14.04701	0.0	13843717	1214	160.0
1606521732.6	160000	13.7536	0.0	14665119	1143	160.0
1606521734.23	160000	13.128734	0.0	21079187	1422	160.0
1606521734.84	160000	13.520052	0.0	25480074	389	160.0
1606521735.34	160000	14.022878	0.0	23021754	284	160.0
1606521735.87	160000	14.488683	0.0	27527834	291	160.0
1606521736.39	160000	14.973938	0.0	26155848	288	160.0
1606521736.76	160000	15.600719	0.0	17849379	200	160.0
1606521737.11	160000	16.24872	0.0	16546531	186	160.0
1606521737.47	160000	16.89368	0.0	17718949	187	160.0
1606521737.83	160000	17.53385	0.0	17337137	184	160.0
1606521738.22	160000	18.144807	0.0	20008245	208	160.0
1606521739.33	160000	18.033004	0.0	58430914	585	160.0
1606521739.68	160000	18.687647	0.0	16292703	168	160.0
1606521740.16	160000	19.21129	0.0	25587422	265	160.0
1606521740.62	160000	19.756888	0.0	23982306	243	160.0
1606521740.91	160000	20.464833	0.0	13347845	135	160.0
1606521741.2	160000	21.175328	0.0	14337991	144	160.0
1606521741.49	160000	21.886503	0.0	14584990	142	160.0
1606521741.77	160000	22.603333	0.0	13962401	136	160.0
1606521742.06	160000	23.311351	0.0	14393788	142	160.0
1606521742.36	160000	24.021208	0.0	14649457	139	160.0
1606521742.63	160000	24.745982	0.0	13409715	131	160.0
1606521742.93	160000	25.45291	0.0	13909605	147	160.0
1606521743.2	160000	26.181223	0.0	13301968	129	160.0
1606521743.58	160000	26.803435	0.0	19025846	194	160.0
1606521743.96	160000	27.421686	0.0	19295426	194	160.0
1606521744.32	160000	28.063148	0.0	18261873	187	160.0
1606521744.7	160000	28.687394	0.0	19847604	183	160.0
1606521745.05	160000	29.338617	0.0	18767181	174	160.0
1606521745.44	160000	29.947176	0.0	22420858	195	160.0
1606521745.79	160000	30.594313	0.0	19324333	168	160.0
1606521746.16	160000	31.230554	0.0	20392234	178	160.0
1606521746.33	160000	32.055406	0.0	7671072	59	160.0
1606521746.65	160000	32.741123	0.0	17781906	138	160.0
1606521746.91	160000	33.480761	0.0	12839336	107	160.0
1606521747.13	160000	34.265187	0.0	10779770	84	160.0
1606521747.4	160000	34.988811	0.0	14606687	125	160.0
1606521748.08	160000	35.31455	0.0	41866951	358	160.0
1606521748.71	160000	35.686307	0.0	37238410	332	160.0
1606521748.99	160000	36.401085	0.0	14347759	127	160.0
1606521749.23	160000	37.162265	0.0	11399187	102	160.0
1606521749.46	160000	37.937649	0.0	10358641	90	160.0
1606521749.73	160000	38.663848	0.0	14315696	126	160.0
1606521750.15	160000	39.249674	0.0	23283631	202	160.0
1606521750.75	160000	39.654262	0.0	37521367	303	160.0
1606521751.12	160000	40.284299	0.0	22241104	176	160.0
1606521751.4	160000	41.006269	0.0	15813346	113	160.0
1606521751.69	160000	41.714101	0.0	17116450	123	160.0
1606521752.0	160000	42.40485	0.0	18867054	135	160.0
1606521752.43	160000	42.974533	0.0	17393609	264	160.0
1606521753.32	160000	43.081464	0.0	24759401	683	160.0
1606521755.36	160000	42.043424	0.0	25782433	1827	160.0
1606521755.95	160000	42.454938	0.0	25885372	361	160.0
1606521757.52	160000	41.88728	0.0	26242011	1358	160.0
1606521758.65	160000	41.765859	0.0	23865378	906	160.0
1606521759.36	160000	42.051164	0.0	25470681	504	160.0
1606521760.01	160000	42.404993	0.0	27258768	413	160.0
1606521760.68	160000	42.731518	0.0	17853711	491	160.0
1606521761.42	160000	42.99496	0.0	14829893	585	160.0
1606521763.82	160000	41.599067	0.0	27779697	2171	160.0
1606521767.52	160000	38.898672	0.0	27714923	3475	160.0
1606521768.97	160000	38.448057	0.0	25946474	1229	160.0
1606521769.69	160000	38.730164	0.0	19596259	532	160.0
1606521770.51	160000	38.907696	0.0	23774167	617	160.0
1606521771.2	160000	39.2232	0.0	19373656	504	160.0
1606521772.0	160000	39.424938	0.0	23977420	598	160.0
1606521772.78	160000	39.642519	0.0	24493733	574	160.0
1606521773.28	160000	40.145127	0.0	14528511	345	160.0
1606521773.83	160000	40.596637	0.0	16841176	379	160.0
1606521774.38	160000	41.048656	0.0	16743604	382	160.0
1606521775.01	160000	41.420629	0.0	17975224	455	160.0
1606521775.72	160000	41.708071	0.0	22329548	518	160.0
1606521776.25	160000	42.182627	0.0	16001583	363	160.0
1606521776.82	160000	42.605522	0.0	18238584	401	160.0
1606521777.48	160000	42.948013	0.0	21308824	470	160.0
1606521778.05	160000	43.383631	0.0	17749058	397	160.0
1606521778.5	160000	43.93126	0.0	14127787	302	160.0
1606521779.02	160000	44.409365	0.0	17525699	352	160.0
1606521779.45	160000	44.979522	0.0	14240042	282	160.0
1606521780.03	160000	45.405006	0.0	20324139	386	160.0
1606521780.65	160000	45.789365	0.0	21993033	422	160.0
1606521781.2	160000	46.239738	0.0	18863108	365	160.0
1606521781.62	160000	46.816893	0.0	15964734	261	160.0
1606521781.87	160000	47.564719	0.0	8284939	129	160.0
1606521782.14	160000	48.304409	0.0	9004706	137	160.0
1606521782.36	160000	49.081832	0.0	6955279	109	160.0
1606521782.67	160000	49.773262	0.0	10701639	170	160.0
1606521782.95	160000	50.493393	0.0	9459459	150	160.0
1606521783.1	160000	51.346952	0.0	3212828	51	160.0
1606521783.22	160000	52.221187	0.0	2509989	40	160.0
1606521783.32	160000	53.121906	0.0	2004927	31	160.0
1606521783.38	160000	54.065194	0.0	591360	7	160.0
1606521783.46	160000	55.423306	0.0	2394426	28	160.0
1606521783.75	40000	1.000999	0.019	336477	4	-3.039999999999999
1606521784.17	160000	2.001999	0.0	14912671	185	40.0
1606521784.73	160000	2.457793	0.0	24265636	278	160.0
1606521785.19	160000	3.003472	0.0	22711544	250	160.0
1606521785.6	160000	3.592726	0.0	19639705	222	160.0
1606521786.06	160000	4.205306	0.0	20946809	258	160.0
1606521786.37	160000	4.929794	0.0	11895609	146	160.0
1606521786.58	160000	5.719221	0.0	7597636	88	160.0
1606521787.8	160000	5.545923	0.0	56067905	660	160.0
1606521788.58	160000	5.822563	0.0	45444680	452	160.0
1606521789.37	160000	6.031882	0.0	54798068	407	160.0
1606521790.42	160000	5.979808	0.0	69464107	517	160.0
1606521791.17	160000	6.233368	0.0	50637608	396	160.0
1606521791.51	160000	6.895688	0.0	19559369	147	160.0
1606521791.84	160000	7.567953	0.0	22224402	134	160.0
1606521792.18	160000	8.228127	0.0	22578365	143	160.0
1606521792.37	160000	9.03999	0.0	8346702	48	160.0
1606521792.64	160000	9.768253	0.0	15775481	105	160.0
1606521792.83	160000	10.578877	0.0	9163235	61	160.0
1606521793.41	160000	11.00153	0.0	41307095	276	160.0
1606521793.87	160000	11.541304	0.0	28763893	208	160.0
1606521794.22	160000	12.189707	0.0	21266416	157	160.0
1606521794.6	160000	12.808336	0.0	23702229	153	160.0
1606521795.0	160000	13.408268	0.0	27580394	166	160.0
1606521795.35	160000	14.06785	0.0	20329780	120	160.0
1606521795.66	160000	14.754392	0.0	16109183	146	160.0
1606521796.61	160000	14.926072	0.0	58830800	528	160.0
1606521797.47	160000	15.0627	0.0	66935122	425	160.0
1606521797.79	160000	15.748028	0.0	15251076	157	160.0
