1606453070.09	40000	1.000999	0.016	334476	4	-2.5600000000000023
1606453070.47	40000	1.927046	0.0	14648397	220	40.0
1606453070.92	60000	2.550968	0.0	20421673	288	40.0
1606453071.29	60000	3.187659	0.0	13063186	283	60.0
1606453071.54	60000	3.939585	0.0	8954217	194	60.0
1606453071.86	80000	4.620039	0.0	11497228	249	60.0
1606453073.83	80000	3.738924	0.0	6232523	1927	80.0
1606453074.35	80000	4.221295	0.0	5425476	481	80.0
1606453076.98	80000	2.613112	0.0	29583867	2390	80.0
1606453079.44	110000	1.287864	0.135	28884539	2309	58.400000000000006
1606453081.61	110000	1.453808	1.341	26873304	2043	-104.56
1606453084.44	110000	1.296151	1.664	33588177	2652	-156.24
1606453086.76	110000	1.460456	1.483	25684661	2196	-127.28
1606453090.64	110000	1.446008	2.866	10838546	3822	-348.56
1606453092.46	160000	1.313476	0.683	22224402	1700	0.7199999999999989
1606453093.46	160000	1.497409	0.186	22578365	889	130.24
1606453093.69	160000	2.267186	0.0	8346702	181	160.0
1606453094.13	160000	2.823693	0.0	15775481	342	160.0
1606453094.32	160000	3.638849	0.0	9163235	129	160.0
1606453095.18	160000	3.778336	0.0	41307095	585	160.0
1606453095.77	160000	4.192885	0.0	28763893	426	160.0
1606453096.22	160000	4.749951	0.0	21266416	310	160.0
1606453096.68	160000	5.282997	0.0	23702229	323	160.0
1606453097.22	160000	5.747112	0.0	27580394	385	160.0
1606453097.65	160000	6.311546	0.0	20329780	302	160.0
1606453097.99	160000	6.974603	0.0	16109183	239	160.0
1606453099.26	160000	6.7063	0.0	58830800	811	160.0
1606453100.38	160000	6.590327	0.0	66935122	760	160.0
1606453100.63	160000	7.338342	0.0	15251076	166	160.0
1606453100.91	160000	8.060384	0.0	16574034	180	160.0
1606453101.13	160000	8.840711	0.0	13009028	142	160.0
1606453101.41	160000	9.56423	0.0	12791674	204	160.0
1606453101.67	160000	10.307089	0.0	11137898	175	160.0
1606453101.92	160000	11.056442	0.0	11485310	183	160.0
1606453104.08	160000	9.899305	0.0	12428518	2085	160.0
1606453107.97	160000	7.002219	0.0	9963766	3838	160.0
1606453109.04	160000	6.937487	0.0	12189364	997	160.0
1606453110.08	160000	6.898281	0.0	10142396	979	160.0
1606453110.92	160000	7.05613	0.0	10185488	778	160.0
1606453112.04	160000	6.941075	0.0	14061455	1037	160.0
1606453113.53	160000	6.448707	0.0	20074099	1378	160.0
1606453117.03	160000	3.95582	0.0	46115254	3230	160.0
1606453121.48	160000	1.390426	0.885	40906522	4239	18.400000000000006
1606453123.2	160000	1.345888	0.674	7891151	1674	52.16
1606453128.09	160000	1.241602	3.786	21012466	4781	-445.76
1606453129.97	160000	1.307532	0.948	23519424	1765	8.319999999999993
1606453131.86	160000	1.261122	0.836	18715420	1781	26.24000000000001
1606453132.79	160000	1.322923	0.0	17000816	837	160.0
1606453133.38	160000	1.734038	0.0	14448126	502	160.0
1606453133.73	160000	2.392554	0.0	6958676	298	160.0
1606453134.18	160000	2.941698	0.0	9088791	389	160.0
1606453134.59	160000	3.533558	0.0	7211881	357	160.0
1606453134.77	160000	4.350548	0.0	3063586	158	160.0
1606453134.94	160000	5.184977	0.0	2782179	143	160.0
1606453135.57	160000	5.557389	0.0	9958410	570	160.0
1606453136.45	160000	5.677914	0.0	12158708	810	160.0
1606453137.37	160000	5.755586	0.0	12300216	849	160.0
1606453138.59	160000	5.536078	0.0	15815684	1131	160.0
1606453139.73	160000	5.401745	0.0	13526256	1062	160.0
1606453140.82	160000	5.305946	0.0	11995130	1027	160.0
1606453141.84	160000	5.287366	0.0	13394791	944	160.0
1606453143.01	160000	5.121188	0.0	14135828	1086	160.0
1606453144.18	160000	4.948191	0.0	15366126	1087	160.0
1606453145.26	160000	4.873868	0.0	14248439	994	160.0
1606453145.53	160000	5.602326	0.0	13843717	190	160.0
1606453145.76	160000	6.377624	0.0	14665119	141	160.0
1606453146.08	160000	7.054605	0.0	21079187	204	160.0
1606453146.48	160000	7.652085	0.0	25480074	248	160.0
1606453146.86	160000	8.274389	0.0	23021754	250	160.0
1606453147.31	160000	8.823665	0.0	27527834	297	160.0
1606453147.69	160000	9.446069	0.0	26155848	228	160.0
1606453147.94	160000	10.196214	0.0	17849379	154	160.0
1606453148.18	160000	10.962003	0.0	16546531	143	160.0
1606453148.44	160000	11.699279	0.0	17718949	152	160.0
1606453148.69	160000	12.455655	0.0	17337137	144	160.0
1606453148.97	160000	13.172427	0.0	20008245	165	160.0
1606453149.76	160000	13.385693	0.0	58430914	493	160.0
1606453150.0	160000	14.146815	0.0	16292703	146	160.0
1606453150.36	160000	14.786391	0.0	25587422	228	160.0
1606453150.71	160000	15.439542	0.0	23982306	220	160.0
1606453150.91	160000	16.243704	0.0	13347845	122	160.0
1606453151.12	160000	17.034725	0.0	14337991	132	160.0
1606453151.33	160000	17.818719	0.0	14584990	134	160.0
1606453151.55	160000	18.603837	0.0	13962401	127	160.0
1606453151.77	160000	19.378647	0.0	14393788	146	160.0
1606453151.99	160000	20.16231	0.0	14649457	135	160.0
1606453152.19	160000	20.962201	0.0	13409715	123	160.0
1606453152.4	160000	21.758119	0.0	13909605	129	160.0
1606453154.11	160000	21.049853	0.0	13301968	1633	160.0
1606453155.68	160000	20.474312	0.0	19025846	1459	160.0
1606453156.58	160000	20.583468	0.0	19295426	781	160.0
1606453156.83	160000	21.326584	0.0	18261873	152	160.0
1606453157.12	160000	22.039847	0.0	19847604	169	160.0
1606453157.38	160000	22.780345	0.0	18767181	155	160.0
1606453157.73	160000	23.429122	0.0	22420858	226	160.0
1606453158.04	160000	24.122346	0.0	19324333	196	160.0
1606453158.36	160000	24.804097	0.0	20392234	207	160.0
1606453158.5	160000	25.670606	0.0	7671072	84	160.0
1606453158.8	160000	26.365951	0.0	17781906	204	160.0
1606453159.02	160000	27.14446	0.0	12839336	147	160.0
1606453159.21	160000	27.958046	0.0	10779770	123	160.0
1606453159.47	160000	28.705873	0.0	14606687	167	160.0
1606453160.05	160000	29.122949	0.0	41866951	336	160.0
1606453160.57	160000	29.602755	0.0	37238410	300	160.0
1606453160.83	160000	30.3468	0.0	14347759	175	160.0
1606453161.03	160000	31.142763	0.0	11399187	140	160.0
1606453161.22	160000	31.954281	0.0	10358641	127	160.0
1606453161.48	160000	32.700704	0.0	14315696	176	160.0
1606453161.93	160000	33.248158	0.0	23283631	323	160.0
1606453162.81	160000	33.371752	0.0	37521367	658	160.0
1606453164.64	160000	32.539824	0.0	22241104	1710	160.0
1606453165.07	160000	33.112147	0.0	15813346	330	160.0
1606453165.53	160000	33.656005	0.0	17116450	361	160.0
1606453165.86	160000	34.325898	0.0	18867054	215	160.0
1606453166.15	160000	35.029538	0.0	17393609	198	160.0
1606453166.58	160000	35.605107	0.0	24759401	282	160.0
1606453169.52	160000	33.661267	0.0	25782433	2798	160.0
1606453171.56	160000	32.621754	0.0	25885372	1880	160.0
1606453173.71	160000	31.473222	0.0	26242011	2005	160.0
1606453174.93	160000	31.25665	0.0	23865378	1070	160.0
1606453175.59	160000	31.594883	0.0	25470681	520	160.0
1606453176.32	160000	31.873516	0.0	27258768	556	160.0
1606453176.8	160000	32.39089	0.0	17853711	381	160.0
1606453177.22	160000	32.975216	0.0	14829893	335	160.0
1606453178.02	160000	33.1693	0.0	27779697	649	160.0
1606453178.88	160000	33.314104	0.0	27714923	702	160.0
1606453179.9	160000	33.300386	0.0	25946474	861	160.0
1606453181.48	160000	32.713779	0.0	19596259	1473	160.0
1606453183.64	160000	31.555185	0.0	23774167	2030	160.0
1606453184.68	160000	31.520515	0.0	19373656	922	160.0
1606453185.9	160000	31.301518	0.0	23977420	1084	160.0
1606453186.43	160000	31.774744	0.0	24493733	395	160.0
1606453186.75	160000	32.455615	0.0	14528511	236	160.0
1606453187.12	160000	33.08059	0.0	16841176	275	160.0
1606453187.49	160000	33.71069	0.0	16743604	273	160.0
1606453188.42	160000	33.782803	0.0	17975224	825	160.0
1606453191.06	160000	32.148266	0.0	22329548	2506	160.0
1606453193.73	160000	30.479719	0.0	16001583	2572	160.0
1606453196.05	160000	29.158806	0.0	18238584	2212	160.0
1606453197.75	160000	28.459192	0.0	21308824	1574	160.0
1606453199.41	160000	27.795456	0.0	17749058	1560	160.0
1606453201.17	160000	27.042839	0.0	14127787	1671	160.0
1606453202.08	160000	27.12807	0.0	17525699	810	160.0
1606453202.58	160000	27.636428	0.0	14240042	410	160.0
1606453203.42	160000	27.798326	0.0	20324139	720	160.0
1606453204.49	160000	27.728154	0.0	21993033	947	160.0
1606453205.52	160000	27.695423	0.0	18863108	914	160.0
1606453207.47	160000	26.744994	0.0	15964734	1856	160.0
1606453208.5	160000	26.717087	0.0	8284939	977	160.0
1606453209.97	160000	26.246807	0.0	9004706	1414	160.0
1606453211.5	160000	25.717834	0.0	6955279	1484	160.0
1606453213.49	160000	24.7326	0.0	10701639	1920	160.0
1606453214.31	160000	24.908685	0.0	9459459	766	160.0
1606453214.56	160000	25.660095	0.0	3212828	222	160.0
1606453214.76	160000	26.462971	0.0	2509989	174	160.0
1606453214.93	160000	27.294449	0.0	2004927	148	160.0
1606453214.99	160000	28.238162	0.0	591360	43	160.0
1606453215.19	160000	29.473989	0.0	2394426	178	160.0
1606453215.46	40000	1.000999	0.046	337339	27	-7.359999999999999
1606453217.3	40000	1.355277	0.89	14648397	1724	-102.4
1606453219.86	60000	1.434909	1.612	20421673	2407	-217.92000000000002
1606453221.75	60000	1.413233	0.916	13063186	1818	-86.56
1606453222.5	60000	1.696942	0.0	8954217	701	60.0
1606453223.49	80000	1.725331	0.0	11497228	915	60.0
1606453224.01	80000	2.211932	0.0	6232523	471	80.0
1606453224.41	80000	2.809672	0.0	5425476	365	80.0
1606453226.67	80000	1.55407	0.0	29583867	2014	80.0
1606453229.01	110000	1.323616	1.109	28884539	2193	-97.44
1606453231.15	110000	1.404352	1.222	26873304	2002	-85.52000000000001
1606453233.88	110000	1.405319	1.729	33588177	2563	-166.64
1606453235.19	110000	1.385746	0.296	25684661	1193	62.64
1606453235.43	110000	2.150335	0.0	10838546	168	110.0
1606453235.9	160000	2.682496	0.0	22224402	330	110.0
1606453236.24	160000	3.33773	0.0	22578365	210	160.0
1606453236.37	160000	4.20795	0.0	8346702	79	160.0
1606453236.62	160000	4.967473	0.0	15775481	148	160.0
1606453236.76	160000	5.827624	0.0	9163235	86	160.0
1606453237.41	160000	6.171325	0.0	41307095	380	160.0
1606453237.84	160000	6.743838	0.0	28763893	263	160.0
1606453238.2	160000	7.386048	0.0	21266416	222	160.0
1606453238.61	160000	7.981505	0.0	23702229	269	160.0
1606453239.07	160000	8.521052	0.0	27580394	295	160.0
1606453239.42	160000	9.16757	0.0	20329780	226	160.0
1606453239.7	160000	9.892492	0.0	16109183	180	160.0
1606453240.86	160000	9.735813	0.0	58830800	697	160.0
1606453242.01	160000	9.579322	0.0	66935122	781	160.0
1606453242.28	160000	10.310865	0.0	15251076	184	160.0
1606453242.58	160000	11.01399	0.0	16574034	199	160.0
1606453242.82	160000	11.781127	0.0	13009028	157	160.0
1606453243.04	160000	12.558824	0.0	12791674	150	160.0
1606453243.23	160000	13.367013	0.0	11137898	122	160.0
1606453243.43	160000	14.172259	0.0	11485310	126	160.0
1606453243.64	160000	14.965118	0.0	12428518	136	160.0
1606453243.81	160000	15.796082	0.0	9963766	109	160.0
1606453244.01	160000	16.590933	0.0	12189364	135	160.0
1606453244.19	160000	17.413135	0.0	10142396	118	160.0
1606453244.37	160000	18.234995	0.0	10185488	119	160.0
1606453244.62	160000	18.991773	0.0	14061455	165	160.0
1606453244.97	160000	19.636819	0.0	20074099	234	160.0
1606453245.75	160000	19.854101	0.0	46115254	526	160.0
1606453246.42	160000	20.189077	0.0	40906522	427	160.0
1606453246.55	160000	21.06361	0.0	7891151	78	160.0
1606453246.88	160000	21.733595	0.0	21012466	208	160.0
1606453247.26	160000	22.355361	0.0	23519424	247	160.0
1606453247.55	160000	23.06095	0.0	18715420	186	160.0
1606453247.82	160000	23.793305	0.0	17000816	170	160.0
1606453248.05	160000	24.56002	0.0	14448126	151	160.0
1606453248.19	160000	25.423682	0.0	6958676	93	160.0
1606453248.37	160000	26.247131	0.0	9088791	123	160.0
1606453248.51	160000	27.106276	0.0	7211881	97	160.0
1606453248.58	160000	28.03962	0.0	3063586	42	160.0
1606453248.64	160000	28.97955	0.0	2782179	37	160.0
1606453248.83	160000	29.788834	0.0	9958410	134	160.0
1606453249.1	160000	30.520719	0.0	12158708	190	160.0
1606453249.44	160000	31.18573	0.0	12300216	265	160.0
1606453249.88	160000	31.746488	0.0	15815684	341	160.0
1606453250.71	160000	31.911969	0.0	13526256	755	160.0
1606453251.22	160000	32.401857	0.0	11995130	438	160.0
1606453251.6	160000	33.026025	0.0	13394791	303	160.0
