1606496122.09	40000	1.000999	0.023	334476	12	-3.6799999999999997
1606496122.88	160000	1.603936	0.0	14912671	538	40.0
1606496126.61	160000	1.321825	2.423	24265636	3481	-227.68
1606496128.45	160000	1.419438	0.915	22711544	1648	13.599999999999994
1606496130.26	160000	1.306809	0.669	19639705	1622	52.959999999999994
1606496130.44	20000	2.122197	0.0	1315024	91	-120.0
1606496130.58	20000	3.009466	0.0	698359	48	20.0
1606496130.71	20000	3.87472	0.0	730082	50	20.0
1606496131.1	20000	4.486542	0.0	4047415	287	20.0
1606496131.41	20000	5.183972	0.0	2863079	207	20.0
1606496131.81	20000	5.780992	0.0	4167844	302	20.0
1606496132.36	20000	6.22916	0.0	5571764	443	20.0
1606496132.87	20000	6.721037	0.0	4925652	402	20.0
1606496133.12	20000	7.477286	0.0	2030157	153	20.0
1606496134.72	160000	6.87056	0.0	22224402	1403	20.0
1606496136.14	160000	6.458657	0.0	22578365	1206	160.0
1606496138.93	160000	4.662262	0.0	8346702	2669	160.0
1606496140.23	160000	4.363619	0.0	15775481	1134	160.0
1606496140.68	160000	4.917081	0.0	9163235	311	160.0
1606496142.01	160000	4.589616	0.0	41307095	923	160.0
1606496142.72	160000	4.87727	0.0	28763893	482	160.0
1606496143.14	110000	5.463854	0.0	14817542	253	60.0
1606496143.31	20000	6.293912	0.0	3944328	61	-70.0
1606496143.48	20000	7.125466	0.0	4284196	65	20.0
1606496143.62	20000	7.980383	0.0	3022025	46	20.0
1606496143.75	20000	8.850962	0.0	2248581	34	20.0
1606496144.04	20000	9.56469	0.0	9946363	153	20.0
1606496144.35	20000	10.257867	0.0	11684632	168	20.0
1606496144.47	20000	11.138417	0.0	1849732	26	20.0
1606496144.64	40000	11.974441	0.0	3854472	54	20.0
1606496144.78	40000	12.831089	0.0	3217701	45	40.0
1606496144.92	40000	13.687992	0.0	3212580	46	40.0
1606496145.06	40000	14.551693	0.0	2781171	40	40.0
1606496145.32	60000	15.294528	0.0	4325721	149	40.0
1606496145.75	110000	15.86489	0.0	8433079	305	60.0
1606496156.99	110000	5.629252	0.0	6951419	11114	110.0
1606496157.22	20000	6.399784	0.0	1894067	134	-70.0
1606496157.39	20000	7.222999	0.0	1186604	90	20.0
1606496157.56	20000	8.055786	0.0	1068386	81	20.0
1606496157.78	20000	8.836866	0.0	1700843	130	20.0
1606496158.07	20000	9.549258	0.0	2536859	193	20.0
1606496158.68	20000	9.944336	0.0	4742872	500	20.0
1606496159.27	20000	10.350527	0.0	4955535	487	20.0
1606496159.46	20000	11.165574	0.0	1260540	96	20.0
1606496159.84	20000	11.787894	0.0	3605246	278	20.0
1606496160.15	20000	12.479755	0.0	2770338	210	20.0
1606496161.33	160000	12.296701	0.0	18715420	1000	20.0
1606496162.05	160000	12.575782	0.0	17000816	553	160.0
1606496162.54	160000	13.088802	0.0	14448126	334	160.0
1606496162.81	160000	13.815732	0.0	6958676	156	160.0
1606496163.15	160000	14.482632	0.0	9088791	210	160.0
1606496163.42	160000	15.210284	0.0	7211881	157	160.0
1606496163.58	160000	16.048261	0.0	3063586	67	160.0
1606496163.74	160000	16.894986	0.0	2782179	60	160.0
1606496164.09	160000	17.548873	0.0	9958410	217	160.0
1606496164.59	160000	18.045114	0.0	12158708	354	160.0
1606496165.1	160000	18.540564	0.0	12300216	365	160.0
1606496166.35	160000	18.288524	0.0	15815684	1087	160.0
1606496167.57	160000	18.073729	0.0	13526256	1065	160.0
1606496168.49	160000	18.149863	0.0	11995130	785	160.0
1606496169.17	160000	18.472524	0.0	13394791	530	160.0
1606496169.61	160000	19.031054	0.0	14135828	285	160.0
1606496170.08	160000	19.565212	0.0	15366126	311	160.0
1606496170.51	160000	20.133826	0.0	14248439	279	160.0
1606496170.93	160000	20.714562	0.0	13843717	269	160.0
1606496171.35	160000	21.291024	0.0	14665119	273	160.0
1606496171.9	160000	21.745855	0.0	21079187	353	160.0
1606496172.56	160000	22.09063	0.0	25480074	429	160.0
1606496173.17	160000	22.481318	0.0	23021754	391	160.0
1606496173.91	160000	22.738994	0.0	27527834	496	160.0
1606496174.6	160000	23.054052	0.0	26155848	451	160.0
1606496175.07	160000	23.582058	0.0	17849379	295	160.0
1606496175.5	160000	24.148304	0.0	16546531	266	160.0
1606496175.96	160000	24.692869	0.0	17718949	281	160.0
1606496176.41	160000	25.243181	0.0	17337137	276	160.0
1606496176.92	160000	25.737049	0.0	20008245	321	160.0
1606496178.37	160000	25.291291	0.0	58430914	926	160.0
1606496178.8	160000	25.862906	0.0	16292703	248	160.0
1606496179.4	160000	26.26166	0.0	25587422	391	160.0
1606496179.94	160000	26.735722	0.0	23982306	323	160.0
1606496180.27	160000	27.395572	0.0	13347845	177	160.0
1606496180.6	160000	28.063554	0.0	14337991	180	160.0
1606496180.93	160000	28.728922	0.0	14584990	182	160.0
1606496181.25	160000	29.409675	0.0	13962401	173	160.0
1606496181.6	160000	30.068732	0.0	14393788	179	160.0
1606496181.93	160000	30.733052	0.0	14649457	182	160.0
1606496182.25	160000	31.418699	0.0	13409715	165	160.0
1606496182.56	160000	32.110976	0.0	13909605	155	160.0
1606496182.85	160000	32.814959	0.0	13301968	148	160.0
1606496183.25	160000	33.418952	0.0	19025846	212	160.0
1606496183.62	160000	34.047092	0.0	19295426	193	160.0
1606496183.98	160000	34.688589	0.0	18261873	184	160.0
1606496184.37	160000	35.2998	0.0	19847604	199	160.0
1606496184.72	160000	35.952408	0.0	18767181	171	160.0
1606496185.13	160000	36.54687	0.0	22420858	209	160.0
1606496185.52	160000	37.153044	0.0	19324333	211	160.0
1606496185.98	160000	37.696369	0.0	20392234	271	160.0
1606496186.2	160000	38.47718	0.0	7671072	102	160.0
1606496186.56	160000	39.121044	0.0	17781906	181	160.0
1606496186.83	160000	39.85093	0.0	12839336	124	160.0
1606496187.07	160000	40.612167	0.0	10779770	105	160.0
1606496187.36	160000	41.317224	0.0	14606687	142	160.0
1606496188.12	160000	41.567286	0.0	41866951	433	160.0
1606496188.81	160000	41.876609	0.0	37238410	407	160.0
1606496189.13	160000	42.565393	0.0	14347759	161	160.0
1606496189.39	160000	43.291196	0.0	11399187	129	160.0
1606496189.69	160000	44.001406	0.0	10358641	157	160.0
1606496190.05	160000	44.637416	0.0	14315696	216	160.0
1606496190.63	160000	45.055942	0.0	23283631	381	160.0
1606496192.55	160000	44.136612	0.0	37521367	1623	160.0
1606496194.45	160000	43.243085	0.0	22241104	1691	160.0
1606496196.26	160000	42.434889	0.0	15813346	1639	160.0
1606496197.59	160000	42.104147	0.0	17116450	1153	160.0
1606496198.2	160000	42.489866	0.0	18867054	439	160.0
1606496198.93	160000	42.762378	0.0	17393609	554	160.0
1606496199.91	160000	42.786778	0.0	24759401	770	160.0
1606496201.22	160000	42.475708	0.0	25782433	1099	160.0
1606496202.48	160000	42.220525	0.0	25885372	1022	160.0
1606496203.54	160000	42.160887	0.0	26242011	839	160.0
1606496204.94	160000	41.761068	0.0	23865378	1181	160.0
1606496206.97	160000	40.735895	0.0	25470681	1814	160.0
1606496210.15	160000	38.55623	0.0	27258768	2937	160.0
1606496211.79	160000	37.910947	0.0	17853711	1470	160.0
1606496212.72	160000	37.982557	0.0	14829893	776	160.0
1606496213.67	160000	38.032391	0.0	27779697	720	160.0
1606496214.51	160000	38.19259	0.0	27714923	614	160.0
1606496215.22	160000	38.485573	0.0	25946474	487	160.0
1606496215.8	160000	38.906976	0.0	19596259	395	160.0
1606496216.52	160000	39.189435	0.0	23774167	514	160.0
1606496217.16	160000	39.551811	0.0	19373656	452	160.0
1606496217.9	160000	39.81074	0.0	23977420	540	160.0
1606496218.64	160000	40.071178	0.0	24493733	524	160.0
1606496219.09	160000	40.622948	0.0	14528511	295	160.0
1606496219.6	160000	41.11102	0.0	16841176	343	160.0
1606496220.13	160000	41.581322	0.0	16743604	361	160.0
1606496220.7	160000	42.023866	0.0	17975224	382	160.0
1606496221.35	160000	42.371885	0.0	22329548	447	160.0
1606496221.83	160000	42.892771	0.0	16001583	311	160.0
1606496222.36	160000	43.358413	0.0	18238584	357	160.0
1606496222.95	160000	43.771761	0.0	21308824	385	160.0
1606496223.44	160000	44.284868	0.0	17749058	313	160.0
1606496223.84	160000	44.886298	0.0	14127787	250	160.0
1606496224.33	160000	45.391209	0.0	17525699	322	160.0
1606496224.73	160000	45.988983	0.0	14240042	253	160.0
1606496225.28	160000	46.440921	0.0	20324139	363	160.0
1606496225.86	160000	46.870713	0.0	21993033	377	160.0
1606496226.34	160000	47.388906	0.0	18863108	294	160.0
1606496226.75	160000	47.978489	0.0	15964734	243	160.0
1606496227.0	160000	48.733222	0.0	8284939	124	160.0
1606496227.25	160000	49.476348	0.0	9004706	135	160.0
1606496227.47	160000	50.259486	0.0	6955279	103	160.0
1606496227.77	160000	50.962844	0.0	10701639	164	160.0
1606496228.05	160000	51.683755	0.0	9459459	141	160.0
1606496228.21	160000	52.524402	0.0	3212828	61	160.0
1606496228.34	160000	53.395345	0.0	2509989	39	160.0
1606496228.44	160000	54.295847	0.0	2004927	31	160.0
1606496228.5	160000	55.235711	0.0	591360	9	160.0
1606496228.59	160000	56.584189	0.0	2394426	36	160.0
1606496228.88	40000	1.000999	0.023	336477	5	-3.6799999999999997
1606496229.34	160000	1.945748	0.0	14912671	210	40.0
1606496229.96	160000	2.323911	0.0	24265636	323	160.0
1606496230.47	160000	2.814735	0.0	22711544	292	160.0
1606496230.92	160000	3.441888	0.0	19639705	247	160.0
1606496231.37	160000	3.988247	0.0	20946809	263	160.0
1606496231.66	160000	4.741515	0.0	11895609	152	160.0
1606496231.9	160000	5.509096	0.0	7597636	116	160.0
1606496233.3	160000	5.189661	0.0	56067905	847	160.0
1606496234.27	160000	5.253643	0.0	45444680	655	160.0
1606496237.06	160000	3.461561	0.0	54798068	2415	160.0
1606496239.2	160000	2.326326	0.0	69464107	1600	160.0
1606496240.47	160000	2.058569	0.0	50637608	912	160.0
1606496241.03	160000	2.493438	0.0	19559369	375	160.0
1606496241.67	160000	2.882512	0.0	22224402	433	160.0
1606496242.21	160000	3.349221	0.0	22578365	332	160.0
1606496242.46	160000	4.093674	0.0	8346702	122	160.0
1606496242.88	160000	4.681742	0.0	15775481	247	160.0
1606496243.16	160000	5.40339	0.0	9163235	153	160.0
1606496244.36	160000	5.197117	0.0	41307095	913	160.0
1606496246.49	160000	4.072964	0.0	28763893	1877	160.0
1606496247.25	160000	4.312056	0.0	21266416	574	160.0
1606496248.03	160000	4.537509	0.0	23702229	542	160.0
1606496248.86	160000	4.702026	0.0	27580394	608	160.0
1606496249.51	160000	5.058445	0.0	20329780	441	160.0
1606496250.0	160000	5.56426	0.0	16109183	326	160.0
1606496251.55	160000	5.020101	0.0	58830800	1130	160.0
1606496253.29	160000	4.285431	0.0	66935122	1307	160.0
1606496253.76	160000	4.804915	0.0	15251076	313	160.0
