1606466986.57	40000	1.000999	0.04	334476	29	-6.399999999999999
1606466987.92	40000	1.412837	0.377	14648397	1204	-20.32
1606466990.43	60000	1.328969	1.398	20421673	2355	-183.68
1606466995.1	60000	1.415279	3.732	13063186	4597	-537.12
1606466996.97	60000	1.262267	0.705	8954217	1819	-52.8
1606466997.99	80000	1.272308	0.0	11497228	940	60.0
1606466998.63	80000	1.62883	0.0	6232523	602	80.0
1606466999.51	80000	1.752165	0.0	5425476	836	80.0
1606467002.7	80000	1.256131	1.691	29583867	2970	-190.56
1606467004.38	110000	1.448694	0.871	28884539	1528	-59.360000000000014
1606467005.38	110000	1.447299	0.0	26873304	847	110.0
1606467006.32	110000	1.515652	0.0	33588177	736	110.0
1606467007.11	110000	1.718734	0.0	25684661	642	110.0
1606467007.48	110000	2.346321	0.0	10838546	298	110.0
1606467011.05	160000	1.324841	1.544	22224402	3443	-137.04
1606467012.05	160000	1.330853	0.0	22578365	860	160.0
1606467012.51	160000	1.871088	0.0	8346702	407	160.0
1606467013.62	160000	1.754633	0.0	15775481	1023	160.0
1606467015.26	160000	1.364614	0.25	9163235	1592	120.0
1606467020.0	160000	1.374084	3.74	41307095	4483	-438.4
1606467022.65	160000	1.36569	1.647	28763893	2516	-103.51999999999998
1606467024.28	160000	1.25185	0.511	21266416	1505	78.24
1606467026.55	160000	1.277016	1.288	23702229	2143	-46.08000000000001
1606467028.72	160000	1.316337	1.218	27580394	2038	-34.879999999999995
1606467030.62	160000	1.285519	0.863	20329780	1779	21.919999999999987
1606467031.97	160000	1.391201	0.456	16109183	1269	87.04
1606467036.94	160000	1.339626	3.912	58830800	4562	-465.91999999999996
1606467042.55	160000	1.186217	4.457	66935122	5284	-553.12
1606467043.83	160000	1.477623	0.571	15251076	1204	68.64
1606467045.16	160000	1.299923	0.152	16574034	1244	135.68
1606467046.15	160000	1.453001	0.14	13009028	923	137.6
1606467047.14	160000	1.461538	0.0	12791674	920	160.0
1606467047.98	160000	1.617805	0.0	11137898	778	160.0
1606467048.88	160000	1.717774	0.0	11485310	833	160.0
1606467050.11	160000	1.497165	0.0	12428518	1151	160.0
1606467050.94	160000	1.664794	0.0	9963766	773	160.0
1606467052.0	160000	1.605231	0.0	12189364	991	160.0
1606467052.79	160000	1.815426	0.0	10142396	730	160.0
1606467053.53	160000	2.073628	0.0	10185488	681	160.0
1606467054.64	160000	1.972397	0.0	14061455	1021	160.0
1606467056.5	160000	1.352788	0.247	20074099	1764	120.47999999999999
1606467059.99	160000	1.327065	2.463	46115254	3261	-234.07999999999998
1606467063.06	160000	1.31503	2.057	40906522	2864	-169.12
1606467063.66	160000	1.726528	0.0	7891151	537	160.0
1606467065.56	160000	1.374346	0.551	21012466	1795	71.84
1606467067.91	160000	1.426671	1.403	23519424	2237	-64.47999999999999
1606467069.54	160000	1.33134	0.534	18715420	1536	74.56
1606467071.07	160000	1.366457	0.559	17000816	1438	70.56
1606467072.12	160000	1.426994	0.111	14448126	972	142.24
1606467072.63	160000	1.91433	0.0	6958676	465	160.0
1606467073.32	160000	2.228636	0.0	9088791	631	160.0
1606467073.88	160000	2.669264	0.0	7211881	514	160.0
1606467074.11	160000	3.432692	0.0	3063586	212	160.0
1606467074.33	160000	4.217383	0.0	2782179	192	160.0
1606467075.12	160000	4.43326	0.0	9958410	727	160.0
1606467076.19	160000	4.359444	0.0	12158708	1008	160.0
1606467077.13	160000	4.422247	0.0	12300216	866	160.0
1606467078.49	160000	4.059978	0.0	15815684	1273	160.0
1606467079.64	160000	3.917605	0.0	13526256	1066	160.0
1606467080.58	160000	3.9724	0.0	11995130	876	160.0
1606467081.85	160000	3.702966	0.0	13394791	1196	160.0
1606467082.91	160000	3.650179	0.0	14135828	974	160.0
1606467084.37	160000	3.192701	0.0	15366126	1371	160.0
1606467085.62	160000	2.940301	0.0	14248439	1174	160.0
1606467086.77	160000	2.790203	0.0	13843717	1065	160.0
1606467088.17	160000	2.39019	0.0	14665119	1310	160.0
1606467090.21	160000	1.357148	0.0	21079187	1912	160.0
1606467092.33	160000	1.306899	1.069	25480074	1999	-11.039999999999992
1606467095.47	160000	1.377758	2.217	23021754	3032	-194.72000000000003
1606467097.12	160000	1.346522	0.615	27527834	1511	61.599999999999994
1606467098.16	160000	1.417334	0.106	26155848	883	143.04
1606467098.58	160000	1.99128	0.0	17849379	320	160.0
1606467098.99	160000	2.589774	0.0	16546531	295	160.0
1606467099.35	160000	3.229816	0.0	17718949	252	160.0
1606467099.68	160000	3.895481	0.0	17337137	235	160.0
1606467100.07	160000	4.512226	0.0	20008245	271	160.0
1606467101.67	160000	3.910962	0.0	58430914	1283	160.0
1606467102.05	160000	4.530762	0.0	16292703	276	160.0
1606467102.64	160000	4.94716	0.0	25587422	445	160.0
1606467103.19	160000	5.396898	0.0	23982306	417	160.0
1606467103.52	160000	6.067341	0.0	13347845	254	160.0
1606467103.88	160000	6.717166	0.0	14337991	273	160.0
1606467104.31	160000	7.28029	0.0	14584990	344	160.0
1606467104.86	160000	7.725003	0.0	13962401	472	160.0
1606467106.67	160000	6.91596	0.0	14393788	1729	160.0
1606467109.63	160000	4.963728	0.0	14649457	2868	160.0
1606467110.38	160000	5.211118	0.0	13409715	673	160.0
1606467110.83	160000	5.75979	0.0	13909605	371	160.0
1606467111.22	160000	6.36964	0.0	13301968	312	160.0
1606467111.58	160000	7.015933	0.0	19025846	239	160.0
1606467111.93	160000	7.668675	0.0	19295426	242	160.0
1606467112.26	160000	8.331176	0.0	18261873	223	160.0
1606467112.61	160000	8.991532	0.0	19847604	221	160.0
1606467112.92	160000	9.67297	0.0	18767181	209	160.0
1606467113.3	160000	10.294319	0.0	22420858	252	160.0
1606467113.65	160000	10.953415	0.0	19324333	222	160.0
1606467114.0	160000	11.602736	0.0	20392234	235	160.0
1606467114.15	160000	12.453953	0.0	7671072	88	160.0
1606467114.51	160000	13.092834	0.0	17781906	261	160.0
1606467114.77	160000	13.829257	0.0	12839336	188	160.0
1606467115.0	160000	14.599162	0.0	10779770	161	160.0
1606467115.29	160000	15.319204	0.0	14606687	200	160.0
1606467116.06	160000	15.548928	0.0	41866951	524	160.0
1606467116.81	160000	15.796592	0.0	37238410	527	160.0
1606467117.1	160000	16.508228	0.0	14347759	207	160.0
1606467117.32	160000	17.28995	0.0	11399187	151	160.0
1606467117.52	160000	18.089808	0.0	10358641	133	160.0
1606467117.8	160000	18.813665	0.0	14315696	189	160.0
1606467118.23	160000	19.38507	0.0	23283631	297	160.0
1606467119.06	160000	19.552017	0.0	37521367	607	160.0
1606467119.51	160000	20.101675	0.0	22241104	325	160.0
1606467119.84	160000	20.779714	0.0	15813346	224	160.0
1606467120.18	160000	21.437577	0.0	17116450	241	160.0
1606467120.49	160000	22.128434	0.0	18867054	198	160.0
1606467120.77	160000	22.847286	0.0	17393609	183	160.0
1606467121.17	160000	23.448087	0.0	24759401	261	160.0
1606467121.59	160000	24.025914	0.0	25782433	279	160.0
1606467122.04	160000	24.583181	0.0	25885372	280	160.0
1606467122.47	160000	25.153933	0.0	26242011	283	160.0
1606467122.88	160000	25.745879	0.0	23865378	256	160.0
1606467123.29	160000	26.329719	0.0	25470681	273	160.0
1606467123.72	160000	26.90697	0.0	27258768	259	160.0
1606467123.99	160000	27.636826	0.0	17853711	169	160.0
1606467124.21	160000	28.41509	0.0	14829893	140	160.0
1606467124.65	160000	28.977564	0.0	27779697	282	160.0
1606467125.09	160000	29.538563	0.0	27714923	281	160.0
1606467125.48	160000	30.148269	0.0	25946474	235	160.0
1606467125.76	160000	30.871318	0.0	19596259	165	160.0
1606467126.09	160000	31.540631	0.0	23774167	200	160.0
1606467126.37	160000	32.265319	0.0	19373656	164	160.0
1606467126.72	160000	32.913665	0.0	23977420	211	160.0
1606467127.08	160000	33.559254	0.0	24493733	209	160.0
1606467127.29	160000	34.348993	0.0	14528511	125	160.0
1606467127.59	160000	35.047058	0.0	16841176	202	160.0
1606467127.89	160000	35.744955	0.0	16743604	201	160.0
1606467128.22	160000	36.422076	0.0	17975224	215	160.0
1606467128.64	160000	36.998118	0.0	22329548	299	160.0
1606467128.96	160000	37.688047	0.0	16001583	214	160.0
1606467129.31	160000	38.328401	0.0	18238584	245	160.0
1606467129.88	160000	38.759174	0.0	21308824	445	160.0
1606467131.45	160000	38.196111	0.0	17749058	1456	160.0
1606467132.82	160000	37.829032	0.0	14127787	1289	160.0
1606467133.53	160000	38.117965	0.0	17525699	610	160.0
1606467133.83	160000	38.816186	0.0	14240042	221	160.0
1606467134.28	160000	39.372964	0.0	20324139	322	160.0
1606467134.58	160000	40.068698	0.0	21993033	180	160.0
1606467134.85	160000	40.799968	0.0	18863108	154	160.0
1606467135.08	160000	41.568155	0.0	15964734	123	160.0
1606467135.2	160000	42.449626	0.0	8284939	68	160.0
1606467135.33	160000	43.327111	0.0	9004706	67	160.0
1606467135.41	160000	44.241045	0.0	6955279	42	160.0
1606467135.54	160000	45.116603	0.0	10701639	64	160.0
1606467135.65	160000	46.00224	0.0	9459459	57	160.0
1606467135.7	160000	46.956825	0.0	3212828	19	160.0
1606467135.74	160000	47.920567	0.0	2509989	15	160.0
1606467135.78	160000	48.880051	0.0	2004927	19	160.0
1606467135.8	160000	49.863239	0.0	591360	4	160.0
1606467135.83	160000	51.261385	0.0	2394426	14	160.0
1606467136.07	40000	1.000999	0.021	337339	2	-3.3599999999999994
1606467136.33	40000	2.001999	0.0	14648397	86	40.0
1606467136.69	60000	2.755646	0.0	20421673	166	40.0
1606467136.88	60000	3.570901	0.0	13063186	108	60.0
1606467137.0	60000	4.444957	0.0	8954217	73	60.0
1606467137.17	80000	5.281772	0.0	11497228	94	60.0
1606467137.26	80000	6.194418	0.0	6232523	50	80.0
1606467137.34	80000	7.112922	0.0	5425476	40	80.0
1606467137.77	80000	7.684083	0.0	29583867	191	80.0
1606467138.13	110000	8.386484	0.0	28884539	187	80.0
1606467138.5	110000	9.018362	0.0	26873304	221	110.0
1606467139.19	110000	9.396787	0.0	33588177	491	110.0
1606467142.68	110000	6.944892	0.0	25684661	3344	110.0
1606467143.38	110000	7.244527	0.0	10838546	635	110.0
1606467143.65	160000	7.976553	0.0	22224402	138	110.0
1606467143.93	160000	8.704562	0.0	22578365	140	160.0
1606467144.03	160000	9.603254	0.0	8346702	52	160.0
1606467144.22	160000	10.412798	0.0	15775481	98	160.0
1606467144.33	160000	11.301024	0.0	9163235	57	160.0
1606467144.83	160000	11.811594	0.0	41307095	208	160.0
1606467145.14	160000	12.499719	0.0	28763893	145	160.0
1606467145.38	160000	13.259774	0.0	21266416	107	160.0
1606467145.65	160000	13.99146	0.0	23702229	132	160.0
1606467145.95	160000	14.684163	0.0	27580394	152	160.0
1606467146.2	160000	15.435145	0.0	20329780	114	160.0
1606467146.4	160000	16.245124	0.0	16109183	89	160.0
1606467147.6	160000	16.040124	0.0	58830800	732	160.0
1606467149.6	160000	15.045519	0.0	66935122	1632	160.0
1606467151.74	160000	13.90645	0.0	15251076	2052	160.0
1606467153.08	160000	13.565057	0.0	16574034	1246	160.0
1606467153.56	160000	14.080739	0.0	13009028	399	160.0
1606467153.81	160000	14.840349	0.0	12791674	168	160.0
1606467154.02	160000	15.627465	0.0	11137898	147	160.0
1606467154.24	160000	16.404498	0.0	11485310	150	160.0
1606467154.48	160000	17.1654	0.0	12428518	156	160.0
1606467154.65	160000	18.004451	0.0	9963766	100	160.0
1606467154.84	160000	18.814049	0.0	12189364	122	160.0
1606467155.0	160000	19.650557	0.0	10142396	101	160.0
1606467155.17	160000	20.486793	0.0	10185488	102	160.0
1606467155.39	160000	21.265602	0.0	14061455	141	160.0
1606467155.75	160000	21.904234	0.0	20074099	243	160.0
1606467156.58	160000	22.081021	0.0	46115254	560	160.0
1606467157.24	160000	22.412543	0.0	40906522	430	160.0
1606467157.38	160000	23.277029	0.0	7891151	83	160.0
1606467157.71	160000	23.948905	0.0	21012466	195	160.0
1606467158.07	160000	24.593347	0.0	23519424	225	160.0
1606467158.35	160000	25.307367	0.0	18715420	179	160.0
1606467158.67	160000	25.991198	0.0	17000816	210	160.0
1606467158.95	160000	26.715976	0.0	14448126	189	160.0
1606467159.09	160000	27.577342	0.0	6958676	91	160.0
1606467159.26	160000	28.401165	0.0	9088791	118	160.0
1606467159.41	160000	29.255029	0.0	7211881	94	160.0
1606467162.51	160000	27.153562	0.0	3063586	3073	160.0
1606467162.73	160000	27.93401	0.0	2782179	195	160.0
1606467163.49	160000	28.174529	0.0	9958410	699	160.0
1606467164.57	160000	28.109618	0.0	12158708	993	160.0
1606467165.11	160000	28.560824	0.0	12300216	470	160.0
1606467167.92	160000	26.752908	0.0	15815684	2709	160.0
1606467168.99	160000	26.686384	0.0	13526256	990	160.0
1606467169.6	160000	27.070861	0.0	11995130	547	160.0
1606467169.86	160000	27.817724	0.0	13394791	178	160.0
