1606485656.36	40000	1.000999	0.019	334476	8	-3.039999999999999
1606485656.9	40000	1.841991	0.0	14648397	376	40.0
1606485657.57	60000	2.191088	0.0	20421673	503	40.0
1606485657.98	60000	2.795993	0.0	13063186	311	60.0
1606485658.25	60000	3.549733	0.0	8954217	205	60.0
1606485658.54	80000	4.258034	0.0	11497228	216	60.0
1606485658.7	80000	5.099469	0.0	6232523	117	80.0
1606485658.85	80000	5.979173	0.0	5425476	102	80.0
1606485659.63	80000	6.243259	0.0	29583867	531	80.0
1606485660.29	110000	6.605383	0.0	28884539	483	80.0
1606485660.8	110000	7.101623	0.0	26873304	354	110.0
1606485661.65	110000	7.270113	0.0	33588177	665	110.0
1606485664.28	110000	5.643732	0.0	25684661	2482	110.0
1606485664.57	110000	6.350637	0.0	10838546	226	110.0
1606485665.17	160000	6.751949	0.0	22224402	464	110.0
1606485666.06	160000	6.867914	0.0	22578365	757	160.0
1606485666.37	160000	7.552013	0.0	8346702	256	160.0
1606485666.88	160000	8.041685	0.0	15775481	413	160.0
1606485667.18	160000	8.747323	0.0	9163235	240	160.0
1606485670.66	160000	6.272351	0.0	41307095	3191	160.0
1606485671.51	160000	6.420624	0.0	28763893	687	160.0
1606485672.15	160000	6.788597	0.0	21266416	495	160.0
1606485672.92	160000	7.008511	0.0	23702229	638	160.0
1606485673.81	160000	7.127141	0.0	27580394	722	160.0
1606485674.45	160000	7.480457	0.0	20329780	517	160.0
1606485674.95	160000	7.987283	0.0	16109183	397	160.0
1606485676.6	160000	7.339276	0.0	58830800	1181	160.0
1606485678.97	160000	5.969665	0.0	66935122	2005	160.0
1606485679.3	160000	6.634281	0.0	15251076	245	160.0
1606485679.62	160000	7.314838	0.0	16574034	221	160.0
1606485679.88	160000	8.067126	0.0	13009028	172	160.0
1606485680.13	160000	8.812047	0.0	12791674	169	160.0
1606485680.35	160000	9.597639	0.0	11137898	148	160.0
1606485680.55	160000	10.395618	0.0	11485310	126	160.0
1606485680.76	160000	11.187368	0.0	12428518	136	160.0
1606485680.93	160000	12.011494	0.0	9963766	114	160.0
1606485681.14	160000	12.808579	0.0	12189364	133	160.0
1606485681.31	160000	13.636772	0.0	10142396	111	160.0
1606485681.5	160000	14.445764	0.0	10185488	129	160.0
1606485681.76	160000	15.186283	0.0	14061455	179	160.0
1606485682.14	160000	15.812796	0.0	20074099	256	160.0
1606485685.65	160000	13.296042	0.0	46115254	3260	160.0
1606485687.52	160000	12.429119	0.0	40906522	1633	160.0
1606485687.73	160000	13.219439	0.0	7891151	159	160.0
1606485688.28	160000	13.670146	0.0	21012466	420	160.0
1606485688.83	160000	14.123707	0.0	23519424	411	160.0
1606485689.26	160000	14.696674	0.0	18715420	318	160.0
1606485689.58	160000	15.372427	0.0	17000816	224	160.0
1606485689.83	160000	16.130908	0.0	14448126	159	160.0
1606485689.96	160000	17.001207	0.0	6958676	76	160.0
1606485690.11	160000	17.843711	0.0	9088791	99	160.0
1606485690.24	160000	18.718479	0.0	7211881	79	160.0
1606485690.3	160000	19.659185	0.0	3063586	33	160.0
1606485690.36	160000	20.60569	0.0	2782179	31	160.0
1606485690.52	160000	21.441504	0.0	9958410	105	160.0
1606485690.73	160000	22.237052	0.0	12158708	134	160.0
1606485690.93	160000	23.031335	0.0	12300216	130	160.0
1606485691.19	160000	23.77364	0.0	15815684	167	160.0
1606485691.41	160000	24.55391	0.0	13526256	142	160.0
1606485691.62	160000	25.350073	0.0	11995130	136	160.0
1606485691.85	160000	26.123583	0.0	13394791	152	160.0
1606485692.08	160000	26.884598	0.0	14135828	159	160.0
1606485692.35	160000	27.625644	0.0	15366126	175	160.0
1606485692.59	160000	28.378834	0.0	14248439	169	160.0
1606485692.84	160000	29.131625	0.0	13843717	167	160.0
1606485693.11	160000	29.864986	0.0	14665119	176	160.0
1606485693.48	160000	30.494367	0.0	21079187	254	160.0
1606485693.9	160000	31.079724	0.0	25480074	273	160.0
1606485694.28	160000	31.700223	0.0	23021754	246	160.0
1606485694.71	160000	32.268518	0.0	27527834	283	160.0
1606485695.13	160000	32.850626	0.0	26155848	261	160.0
1606485695.41	160000	33.57026	0.0	17849379	178	160.0
1606485695.7	160000	34.285476	0.0	16546531	180	160.0
1606485696.0	160000	34.983947	0.0	17718949	195	160.0
1606485696.29	160000	35.694365	0.0	17337137	191	160.0
1606485696.99	160000	35.994107	0.0	20008245	586	160.0
1606485702.09	160000	31.890678	0.0	58430914	4791	160.0
1606485703.65	160000	31.335485	0.0	16292703	1453	160.0
1606485705.79	160000	30.19227	0.0	25587422	2005	160.0
1606485707.74	160000	29.251006	0.0	23982306	1807	160.0
1606485708.84	160000	29.14723	0.0	13347845	1025	160.0
1606485709.96	160000	29.025608	0.0	14337991	1043	160.0
1606485711.15	160000	28.846622	0.0	14584990	1099	160.0
1606485712.23	160000	28.763816	0.0	13962401	1005	160.0
1606485713.52	160000	28.471975	0.0	14393788	1212	160.0
1606485714.6	160000	28.396834	0.0	14649457	987	160.0
1606485715.75	160000	28.240797	0.0	13409715	1079	160.0
1606485716.83	160000	28.160693	0.0	13909605	1001	160.0
1606485718.04	160000	27.955705	0.0	13301968	1130	160.0
1606485719.83	160000	27.168847	0.0	19025846	1671	160.0
1606485721.38	160000	26.616844	0.0	19295426	1445	160.0
1606485722.98	160000	26.01607	0.0	18261873	1497	160.0
1606485724.59	160000	25.413992	0.0	19847604	1487	160.0
1606485725.73	160000	25.274414	0.0	18767181	1035	160.0
1606485726.62	160000	25.384357	0.0	22420858	759	160.0
1606485727.26	160000	25.741826	0.0	19324333	529	160.0
1606485727.88	160000	26.128287	0.0	20392234	497	160.0
1606485728.08	160000	26.924341	0.0	7671072	151	160.0
1606485728.54	160000	27.468652	0.0	17781906	353	160.0
1606485728.88	160000	28.130582	0.0	12839336	258	160.0
1606485729.16	160000	28.846177	0.0	10779770	219	160.0
1606485729.54	160000	29.47076	0.0	14606687	296	160.0
1606485730.75	160000	29.258707	0.0	41866951	971	160.0
1606485731.66	160000	29.350761	0.0	37238410	690	160.0
1606485732.0	160000	30.010591	0.0	14347759	242	160.0
1606485732.27	160000	30.74582	0.0	11399187	193	160.0
1606485732.51	160000	31.505047	0.0	10358641	176	160.0
1606485732.84	160000	32.174148	0.0	14315696	247	160.0
1606485733.39	160000	32.63015	0.0	23283631	407	160.0
1606485734.23	160000	32.788126	0.0	37521367	623	160.0
1606485734.71	160000	33.307438	0.0	22241104	356	160.0
1606485735.09	160000	33.924729	0.0	15813346	284	160.0
1606485735.47	160000	34.548662	0.0	17116450	278	160.0
1606485735.88	160000	35.144213	0.0	18867054	286	160.0
1606485736.22	160000	35.80031	0.0	17393609	243	160.0
1606485736.71	160000	36.315285	0.0	24759401	345	160.0
1606485737.19	160000	36.834513	0.0	25782433	338	160.0
1606485737.68	160000	37.342546	0.0	25885372	339	160.0
1606485738.22	160000	37.806161	0.0	26242011	387	160.0
1606485738.72	160000	38.302926	0.0	23865378	357	160.0
1606485739.16	160000	38.866316	0.0	25470681	299	160.0
1606485739.65	160000	39.382526	0.0	27258768	321	160.0
1606485739.95	160000	40.079044	0.0	17853711	198	160.0
1606485740.2	160000	40.833467	0.0	14829893	163	160.0
1606485740.67	160000	41.363061	0.0	27779697	309	160.0
1606485741.13	160000	41.901658	0.0	27714923	311	160.0
1606485741.56	160000	42.469483	0.0	25946474	287	160.0
1606485741.9	160000	43.138318	0.0	19596259	219	160.0
1606485742.3	160000	43.736351	0.0	23774167	271	160.0
1606485742.63	160000	44.409	0.0	19373656	221	160.0
1606485743.06	160000	44.975252	0.0	23977420	298	160.0
1606485743.51	160000	45.528287	0.0	24493733	313	160.0
1606485743.78	160000	46.261684	0.0	14528511	185	160.0
1606485744.05	160000	46.993803	0.0	16841176	173	160.0
1606485744.32	160000	47.718783	0.0	16743604	170	160.0
1606485744.61	160000	48.430449	0.0	17975224	184	160.0
1606485744.97	160000	49.072898	0.0	22329548	227	160.0
1606485745.24	160000	49.808349	0.0	16001583	160	160.0
1606485745.53	160000	50.518392	0.0	18238584	184	160.0
1606485745.87	160000	51.181994	0.0	21308824	211	160.0
1606485746.12	160000	51.92434	0.0	17749058	155	160.0
1606485746.32	160000	52.725453	0.0	14127787	123	160.0
1606485746.58	160000	53.47068	0.0	17525699	152	160.0
1606485746.78	160000	54.269248	0.0	14240042	125	160.0
1606485747.07	160000	54.982729	0.0	20324139	170	160.0
1606485747.38	160000	55.673362	0.0	21993033	184	160.0
1606485747.65	160000	56.400042	0.0	18863108	158	160.0
1606485747.89	160000	57.168283	0.0	15964734	137	160.0
1606485748.01	160000	58.042392	0.0	8284939	73	160.0
1606485748.15	160000	58.906727	0.0	9004706	79	160.0
1606485748.26	160000	59.800506	0.0	6955279	61	160.0
1606485749.42	160000	59.701559	0.0	10701639	94	160.0
1606485750.57	160000	59.702596	0.0	9459459	94	160.0
1606485751.13	160000	59.953549	0.0	3212828	28	160.0
1606485752.18	160000	59.954534	0.0	2509989	24	160.0
1606485753.22	160000	59.955551	0.0	2004927	16	160.0
1606485754.24	160000	59.95653	0.0	591360	4	160.0
1606485755.8	160000	59.891298	0.0	2394426	34	160.0
1606485756.04	40000	1.000999	0.036	337339	4	-5.759999999999998
1606485756.36	40000	2.001999	0.0	14648397	158	40.0
1606485756.76	60000	2.687265	0.0	20421673	220	40.0
1606485756.99	60000	3.453078	0.0	13063186	157	60.0
1606485757.16	60000	4.288986	0.0	8954217	109	60.0
1606485757.37	80000	5.072694	0.0	11497228	141	60.0
1606485757.49	80000	5.953482	0.0	6232523	76	80.0
1606485757.6	80000	6.845221	0.0	5425476	67	80.0
1606485758.21	80000	7.371594	0.0	29583867	350	80.0
1606485758.73	110000	7.901127	0.0	28884539	332	80.0
1606485759.19	110000	8.438565	0.0	26873304	304	110.0
1606485759.78	110000	8.911173	0.0	33588177	395	110.0
1606485760.31	110000	9.388958	0.0	25684661	380	110.0
1606485760.53	110000	10.163496	0.0	10838546	162	110.0
1606485761.0	160000	10.711168	0.0	22224402	335	110.0
1606485761.5	160000	11.222284	0.0	22578365	355	160.0
1606485761.69	160000	12.030707	0.0	8346702	128	160.0
1606485762.09	160000	12.627794	0.0	15775481	307	160.0
1606485762.36	160000	13.357806	0.0	9163235	215	160.0
1606485764.39	160000	12.331073	0.0	41307095	1747	160.0
1606485766.09	160000	11.62618	0.0	28763893	1536	160.0
1606485770.32	160000	8.398872	0.0	21266416	4087	160.0
1606485773.39	160000	6.333928	0.0	23702229	2934	160.0
1606485775.62	160000	5.099638	0.0	27580394	2078	160.0
1606485776.63	160000	5.089301	0.0	20329780	873	160.0
1606485777.39	160000	5.337933	0.0	16109183	657	160.0
1606485779.96	160000	3.761626	0.0	58830800	2109	160.0
1606485782.09	160000	2.635864	0.0	66935122	1761	160.0
1606485782.58	160000	3.151797	0.0	15251076	391	160.0
1606485783.08	160000	3.644301	0.0	16574034	403	160.0
1606485783.4	160000	4.328162	0.0	13009028	235	160.0
1606485783.71	160000	5.022927	0.0	12791674	214	160.0
1606485783.97	160000	5.759368	0.0	11137898	191	160.0
1606485784.25	160000	6.481692	0.0	11485310	205	160.0
1606485784.54	160000	7.190367	0.0	12428518	217	160.0
1606485784.78	160000	7.953651	0.0	9963766	174	160.0
1606485785.06	160000	8.678008	0.0	12189364	206	160.0
1606485785.27	160000	9.466404	0.0	10142396	150	160.0
1606485785.48	160000	10.255432	0.0	10185488	151	160.0
1606485785.77	160000	10.966609	0.0	14061455	208	160.0
1606485786.18	160000	11.558416	0.0	20074099	291	160.0
1606485787.09	160000	11.64984	0.0	46115254	650	160.0
1606485788.06	160000	11.678349	0.0	40906522	726	160.0
1606485788.22	160000	12.520631	0.0	7891151	108	160.0
1606485788.63	160000	13.117299	0.0	21012466	286	160.0
1606485789.08	160000	13.665424	0.0	23519424	320	160.0
1606485789.45	160000	14.299023	0.0	18715420	259	160.0
1606485789.79	160000	14.955288	0.0	17000816	235	160.0
1606485790.07	160000	15.676816	0.0	14448126	191	160.0
1606485790.23	160000	16.523457	0.0	6958676	109	160.0
1606485790.41	160000	17.339548	0.0	9088791	127	160.0
1606485790.56	160000	18.191434	0.0	7211881	100	160.0
1606485790.63	160000	19.122195	0.0	3063586	43	160.0
1606485790.69	160000	20.059412	0.0	2782179	39	160.0
1606485790.89	160000	20.860244	0.0	9958410	138	160.0
1606485791.13	160000	21.626146	0.0	12158708	166	160.0
1606485791.36	160000	22.391354	0.0	12300216	165	160.0
1606485791.67	160000	23.084474	0.0	15815684	213	160.0
1606485791.93	160000	23.82613	0.0	13526256	179	160.0
1606485792.15	160000	24.609724	0.0	11995130	148	160.0
1606485792.39	160000	25.374026	0.0	13394791	157	160.0
1606485792.63	160000	26.127188	0.0	14135828	166	160.0
1606485792.9	160000	26.862687	0.0	15366126	179	160.0
