1606447034.65	40000	1.000999	0.045	334476	34	-7.200000000000003
1606447036.05	40000	1.21746	0.251	14648397	1268	-0.1599999999999966
1606447037.79	60000	1.349951	0.847	20421673	1586	-95.52000000000001
1606447038.93	60000	1.437676	0.201	13063186	1064	27.840000000000003
1606447039.69	60000	1.696175	0.0	8954217	711	60.0
1606447040.63	80000	1.78307	0.0	11497228	856	60.0
1606447041.31	80000	2.098712	0.0	6232523	642	80.0
1606447041.82	80000	2.59454	0.0	5425476	466	80.0
1606447044.34	80000	1.259574	0.187	29583867	2302	50.08
1606447046.77	110000	1.257049	1.424	28884539	2273	-147.84
1606447048.85	110000	1.406232	1.234	26873304	1951	-87.44
1606447051.61	110000	1.417268	1.765	33588177	2589	-172.39999999999998
1606447053.52	110000	1.432761	0.93	25684661	1787	-38.80000000000001
1606447054.43	110000	1.525493	0.0	10838546	838	110.0
1606447056.33	160000	1.364995	0.743	22224402	1790	-8.879999999999995
1606447058.07	160000	1.358367	0.725	22578365	1618	44.0
1606447058.69	160000	1.731801	0.0	8346702	575	160.0
1606447060.62	160000	1.335359	0.531	15775481	1842	75.04
1606447061.56	160000	1.398674	0.0	9163235	879	160.0
1606447075.24	160000	1.367825	12.645	41307095	13437	-1863.2
1606447078.34	160000	1.262907	2.0	28763893	2961	-160.0
1606447080.0	160000	1.251027	0.645	21266416	1537	56.8
1606447081.52	160000	1.41003	0.671	23702229	1398	52.64
1606447083.15	160000	1.311927	0.534	27580394	1489	74.56
1606447084.59	160000	1.365828	0.502	20329780	1333	79.68
1606447085.62	160000	1.350314	0.009	16109183	922	158.56
1606447088.4	160000	1.368193	1.792	58830800	2391	-126.72000000000003
1606447097.21	160000	1.336473	7.785	66935122	8494	-1085.6
1606447098.52	160000	1.45599	0.431	15251076	1235	91.04
1606447100.0	160000	1.387991	0.411	16574034	1394	94.24
1606447100.97	160000	1.423211	0.0	13009028	891	160.0
1606447101.96	160000	1.43352	0.0	12791674	917	160.0
1606447102.85	160000	1.547166	0.0	11137898	822	160.0
1606447103.76	160000	1.632821	0.0	11485310	849	160.0
1606447104.91	160000	1.486834	0.0	12428518	1075	160.0
1606447105.67	160000	1.72338	0.0	9963766	705	160.0
1606447106.58	160000	1.822077	0.0	12189364	830	160.0
1606447107.38	160000	2.015338	0.0	10142396	746	160.0
1606447108.27	160000	2.125318	0.0	10185488	831	160.0
1606447109.53	160000	1.871859	0.0	14061455	1174	160.0
1606447111.12	160000	1.279299	0.0	20074099	1479	160.0
1606447114.67	160000	1.269488	2.534	46115254	3314	-245.44
1606447117.94	160000	1.34504	2.348	40906522	3046	-215.68
1606447118.57	160000	1.720908	0.0	7891151	573	160.0
1606447120.26	160000	1.413255	0.384	21012466	1586	98.56
1606447122.27	160000	1.329676	0.931	23519424	1903	11.039999999999992
1606447123.93	160000	1.264627	0.593	18715420	1558	65.12
1606447125.46	160000	1.35851	0.618	17000816	1443	61.120000000000005
1606447126.64	160000	1.476853	0.3	14448126	1108	112.0
1606447127.2	160000	1.914986	0.0	6958676	515	160.0
1606447127.94	160000	2.174835	0.0	9088791	683	160.0
1606447128.55	160000	2.573847	0.0	7211881	557	160.0
1606447128.81	160000	3.313584	0.0	3063586	236	160.0
1606447129.04	160000	4.08388	0.0	2782179	207	160.0
1606447129.82	160000	4.301149	0.0	9958410	723	160.0
1606447130.96	160000	4.160645	0.0	12158708	1070	160.0
1606447132.09	160000	4.03991	0.0	12300216	1053	160.0
1606447133.81	160000	3.318681	0.0	15815684	1628	160.0
1606447135.13	160000	3.000624	0.0	13526256	1242	160.0
1606447136.26	160000	2.870049	0.0	11995130	1066	160.0
1606447137.51	160000	2.621606	0.0	13394791	1171	160.0
1606447138.55	160000	2.583797	0.0	14135828	961	160.0
1606447139.53	160000	2.603945	0.0	15366126	893	160.0
1606447140.52	160000	2.612259	0.0	14248439	915	160.0
1606447141.27	160000	2.859014	0.0	13843717	672	160.0
1606447141.77	160000	3.366174	0.0	14665119	405	160.0
1606447142.4	160000	3.732194	0.0	21079187	509	160.0
1606447143.09	160000	4.041584	0.0	25480074	550	160.0
1606447143.57	160000	4.562509	0.0	23021754	351	160.0
1606447144.15	160000	4.986169	0.0	27527834	424	160.0
1606447144.7	160000	5.43479	0.0	26155848	395	160.0
1606447145.08	160000	6.058442	0.0	17849379	269	160.0
1606447145.64	160000	6.503008	0.0	16546531	456	160.0
1606447146.29	160000	6.851657	0.0	17718949	545	160.0
1606447147.1	160000	7.044092	0.0	17337137	710	160.0
1606447147.89	160000	7.25044	0.0	20008245	675	160.0
1606447153.75	160000	2.391058	0.0	58430914	5536	160.0
1606447156.69	160000	1.305224	0.846	16292703	2838	24.639999999999986
1606447160.65	160000	1.402014	3.061	25587422	3838	-329.76
1606447162.13	160000	1.463774	0.542	23982306	1363	73.28
1606447162.9	160000	1.695131	0.0	13347845	693	160.0
1606447163.89	160000	1.704057	0.0	14337991	909	160.0
1606447164.96	160000	1.644516	0.0	14584990	978	160.0
1606447165.95	160000	1.648624	0.0	13962401	915	160.0
1606447166.9	160000	1.6998	0.0	14393788	868	160.0
1606447167.85	160000	1.751636	0.0	14649457	863	160.0
1606447168.63	160000	1.969266	0.0	13409715	704	160.0
1606447169.37	160000	2.230623	0.0	13909605	657	160.0
1606447170.01	160000	2.600089	0.0	13301968	556	160.0
1606447170.77	160000	2.833288	0.0	19025846	648	160.0
1606447171.46	160000	3.14709	0.0	19295426	576	160.0
1606447172.04	160000	3.569505	0.0	18261873	471	160.0
1606447172.61	160000	3.99761	0.0	19847604	449	160.0
1606447173.14	160000	4.475538	0.0	18767181	406	160.0
1606447173.78	160000	4.833838	0.0	22420858	515	160.0
1606447174.33	160000	5.284022	0.0	19324333	439	160.0
1606447174.82	160000	5.790198	0.0	20392234	382	160.0
1606447175.02	160000	6.597341	0.0	7671072	144	160.0
1606447175.44	160000	7.178231	0.0	17781906	319	160.0
1606447175.73	160000	7.882216	0.0	12839336	219	160.0
1606447175.99	160000	8.629683	0.0	10779770	186	160.0
1606447176.31	160000	9.311365	0.0	14606687	239	160.0
1606447177.12	160000	9.501452	0.0	41866951	562	160.0
1606447177.78	160000	9.838956	0.0	37238410	453	160.0
1606447178.05	160000	10.578962	0.0	14347759	171	160.0
1606447178.25	160000	11.373332	0.0	11399187	136	160.0
1606447178.42	160000	12.198799	0.0	10358641	111	160.0
1606447178.66	160000	12.963778	0.0	14315696	156	160.0
1606447179.04	160000	13.583351	0.0	23283631	249	160.0
1606447179.7	160000	13.928871	0.0	37521367	427	160.0
1606447180.09	160000	14.536083	0.0	22241104	265	160.0
1606447180.35	160000	15.279021	0.0	15813346	164	160.0
1606447180.58	160000	16.052174	0.0	17116450	132	160.0
1606447180.83	160000	16.801029	0.0	18867054	145	160.0
1606447181.06	160000	17.567871	0.0	17393609	134	160.0
1606447181.4	160000	18.237445	0.0	24759401	193	160.0
1606447181.76	160000	18.876509	0.0	25782433	218	160.0
1606447182.14	160000	19.49896	0.0	25885372	219	160.0
1606447182.5	160000	20.140461	0.0	26242011	217	160.0
1606447182.84	160000	20.801733	0.0	23865378	194	160.0
1606447183.19	160000	21.452988	0.0	25470681	206	160.0
1606447183.64	160000	22.000876	0.0	27258768	279	160.0
1606447183.95	160000	22.699637	0.0	17853711	196	160.0
1606447184.19	160000	23.446497	0.0	14829893	159	160.0
1606447184.58	160000	24.065027	0.0	27779697	233	160.0
1606447184.94	160000	24.700281	0.0	27714923	223	160.0
1606447185.3	160000	25.3437	0.0	25946474	209	160.0
1606447185.59	160000	26.056909	0.0	19596259	175	160.0
1606447185.96	160000	26.690012	0.0	23774167	219	160.0
1606447186.26	160000	27.38712	0.0	19373656	188	160.0
1606447186.65	160000	28.001894	0.0	23977420	247	160.0
1606447187.04	160000	28.612722	0.0	24493733	250	160.0
1606447187.27	160000	29.379006	0.0	14528511	150	160.0
1606447187.65	160000	30.002209	0.0	16841176	281	160.0
1606447188.03	160000	30.623698	0.0	16743604	279	160.0
1606447188.43	160000	31.219027	0.0	17975224	291	160.0
1606447188.88	160000	31.775051	0.0	22329548	329	160.0
1606447189.21	160000	32.446783	0.0	16001583	237	160.0
1606447189.56	160000	33.091312	0.0	18238584	261	160.0
1606447189.99	160000	33.661829	0.0	21308824	303	160.0
1606447190.34	160000	34.316063	0.0	17749058	252	160.0
1606447190.7	160000	34.962624	0.0	14127787	282	160.0
1606447191.16	160000	35.501579	0.0	17525699	361	160.0
1606447196.96	160000	30.704092	0.0	14240042	5714	160.0
1606447202.94	160000	25.723609	0.0	20324139	5867	160.0
1606447205.41	160000	24.248654	0.0	21993033	2347	160.0
1606447207.42	160000	23.241875	0.0	18863108	1889	160.0
1606447208.94	160000	22.728166	0.0	15964734	1420	160.0
1606447209.66	160000	23.008893	0.0	8284939	666	160.0
1606447210.42	160000	23.250557	0.0	9004706	703	160.0
1606447210.87	160000	23.796892	0.0	6955279	409	160.0
1606447211.55	160000	24.120494	0.0	10701639	604	160.0
1606447212.02	160000	24.648011	0.0	9459459	418	160.0
1606447212.19	160000	25.481133	0.0	3212828	141	160.0
1606447212.32	160000	26.349004	0.0	2509989	110	160.0
1606447212.43	160000	27.24225	0.0	2004927	88	160.0
1606447212.63	160000	28.043877	0.0	591360	186	160.0
1606447213.42	160000	28.689543	0.0	2394426	766	160.0
1606447216.78	40000	1.000999	0.033	337339	20	-5.280000000000001
1606447217.89	40000	1.314021	0.13	14648397	972	19.2
1606447218.91	60000	1.367909	0.021	20421673	837	36.64
1606447219.31	60000	1.968317	0.0	13063186	322	60.0
1606447219.56	60000	2.744826	0.0	8954217	194	60.0
1606447219.82	80000	3.48253	0.0	11497228	191	60.0
1606447219.97	80000	4.3568	0.0	6232523	104	80.0
1606447220.1	80000	5.229974	0.0	5425476	90	80.0
1606447220.79	80000	5.560726	0.0	29583867	454	80.0
1606447221.29	110000	6.061595	0.0	28884539	333	80.0
1606447221.74	110000	6.632491	0.0	26873304	300	110.0
1606447222.29	110000	7.085361	0.0	33588177	361	110.0
1606447222.71	110000	7.659957	0.0	25684661	280	110.0
1606447222.9	110000	8.474623	0.0	10838546	121	110.0
1606447223.28	160000	9.097644	0.0	22224402	249	110.0
1606447223.66	160000	9.714487	0.0	22578365	254	160.0
1606447223.81	160000	10.563551	0.0	8346702	96	160.0
1606447224.09	160000	11.286765	0.0	15775481	182	160.0
1606447224.26	160000	12.123893	0.0	9163235	105	160.0
1606447224.99	160000	12.391702	0.0	41307095	456	160.0
1606447225.46	160000	12.924598	0.0	28763893	306	160.0
1606447225.79	160000	13.587425	0.0	21266416	204	160.0
1606447226.15	160000	14.228884	0.0	23702229	225	160.0
1606447226.58	160000	14.806679	0.0	27580394	263	160.0
1606447226.93	160000	15.459143	0.0	20329780	211	160.0
1606447227.19	160000	16.191772	0.0	16109183	172	160.0
1606447228.27	160000	16.118474	0.0	58830800	614	160.0
1606447229.37	160000	16.01666	0.0	66935122	719	160.0
1606447229.63	160000	16.75577	0.0	15251076	172	160.0
1606447229.97	160000	17.422564	0.0	16574034	233	160.0
1606447230.23	160000	18.16414	0.0	13009028	182	160.0
1606447230.49	160000	18.912052	0.0	12791674	181	160.0
1606447230.69	160000	19.701617	0.0	11137898	129	160.0
1606447230.89	160000	20.504944	0.0	11485310	130	160.0
1606447231.1	160000	21.292364	0.0	12428518	141	160.0
1606447231.28	160000	22.12076	0.0	9963766	112	160.0
1606447231.48	160000	22.914055	0.0	12189364	138	160.0
1606447231.65	160000	23.752486	0.0	10142396	101	160.0
1606447231.8	160000	24.59483	0.0	10185488	97	160.0
1606447232.02	160000	25.383701	0.0	14061455	134	160.0
1606447232.33	160000	26.073728	0.0	20074099	191	160.0
1606447233.02	160000	26.391145	0.0	46115254	431	160.0
1606447233.63	160000	26.776121	0.0	40906522	376	160.0
1606447233.75	160000	27.65403	0.0	7891151	75	160.0
1606447234.07	160000	28.336982	0.0	21012466	202	160.0
1606447234.43	160000	28.975493	0.0	23519424	226	160.0
1606447234.74	160000	29.669868	0.0	18715420	195	160.0
1606447235.03	160000	30.374746	0.0	17000816	198	160.0
1606447235.29	160000	31.123397	0.0	14448126	169	160.0
1606447235.41	160000	31.997382	0.0	6958676	82	160.0
1606447235.58	160000	32.835798	0.0	9088791	105	160.0
1606447235.68	160000	33.731166	0.0	7211881	63	160.0
1606447235.73	160000	34.680173	0.0	3063586	26	160.0
1606447235.78	160000	35.632842	0.0	2782179	23	160.0
1606447235.93	160000	36.490057	0.0	9958410	86	160.0
1606447236.11	160000	37.310098	0.0	12158708	108	160.0
1606447236.28	160000	38.136424	0.0	12300216	106	160.0
1606447236.51	160000	38.910529	0.0	15815684	137	160.0
1606447236.69	160000	39.725367	0.0	13526256	111	160.0
1606447236.86	160000	40.560404	0.0	11995130	96	160.0
1606447237.06	160000	41.364135	0.0	13394791	107	160.0
