1606531551.62	40000	1.000999	0.037	334476	27	-5.920000000000002
1606531552.9	40000	1.279726	0.2	14648397	1141	8.0
1606531554.53	60000	1.343136	0.668	20421673	1485	-66.88
1606531555.7	60000	1.433996	0.236	13063186	1093	22.240000000000002
1606531556.37	60000	1.787999	0.0	8954217	612	60.0
1606531557.34	80000	1.831819	0.0	11497228	892	60.0
1606531557.9	80000	2.271334	0.0	6232523	518	80.0
1606531558.4	80000	2.771469	0.0	5425476	462	80.0
1606531560.88	80000	1.294434	0.0	29583867	2236	80.0
1606531563.29	110000	1.328369	1.445	28884539	2257	-151.2
1606531565.38	110000	1.274085	1.03	26873304	1945	-54.80000000000001
1606531568.75	110000	1.304985	2.399	33588177	3199	-273.84
1606531572.18	110000	1.436018	2.568	25684661	3305	-300.88
1606531574.89	110000	1.273393	1.546	10838546	2649	-137.36
1606531576.79	160000	1.319741	0.943	22224402	1768	-40.879999999999995
1606531579.37	160000	1.26617	1.526	22578365	2459	-84.16
1606531580.33	160000	1.310555	0.0	8346702	904	160.0
1606531581.93	160000	1.293817	0.582	15775481	1515	66.88
1606531582.77	160000	1.448237	0.0	9163235	790	160.0
1606531585.64	160000	1.377722	1.789	41307095	2608	-126.24000000000001
1606531587.12	160000	1.417328	0.528	28763893	1345	75.52
1606531592.86	160000	1.398547	4.72	21266416	5615	-595.2
1606531594.87	160000	1.416799	1.014	23702229	1879	-2.240000000000009
1606531597.35	160000	1.422237	1.495	27580394	2345	-79.19999999999999
1606531598.92	160000	1.427711	0.575	20329780	1458	68.0
1606531600.23	160000	1.255748	0.136	16109183	1219	138.24
1606531605.21	160000	1.270427	3.996	58830800	4549	-479.36
1606531608.87	160000	1.388561	2.774	66935122	3342	-283.84
1606531609.34	160000	1.91487	0.0	15251076	379	160.0
1606531609.88	160000	2.383313	0.0	16574034	425	160.0
1606531610.22	160000	3.037691	0.0	13009028	270	160.0
1606531610.56	160000	3.69887	0.0	12791674	265	160.0
1606531610.86	160000	4.400889	0.0	11137898	231	160.0
1606531611.19	160000	5.073733	0.0	11485310	260	160.0
1606531611.55	160000	5.721505	0.0	12428518	281	160.0
1606531611.84	160000	6.422171	0.0	9963766	225	160.0
1606531612.16	160000	7.1013	0.0	12189364	252	160.0
1606531612.44	160000	7.829966	0.0	10142396	211	160.0
1606531612.71	160000	8.556983	0.0	10185488	211	160.0
1606531613.09	160000	9.176013	0.0	14061455	301	160.0
1606531613.65	160000	9.615099	0.0	20074099	436	160.0
1606531614.79	160000	9.480722	0.0	46115254	882	160.0
1606531615.77	160000	9.500134	0.0	40906522	739	160.0
1606531616.03	160000	10.244904	0.0	7891151	204	160.0
1606531616.77	160000	10.50634	0.0	21012466	613	160.0
1606531617.63	160000	10.646335	0.0	23519424	730	160.0
1606531618.79	160000	10.481446	0.0	18715420	1057	160.0
1606531619.93	160000	10.348553	0.0	17000816	1034	160.0
1606531620.85	160000	10.432214	0.0	14448126	833	160.0
1606531621.26	160000	11.022547	0.0	6958676	368	160.0
1606531621.79	160000	11.489709	0.0	9088791	480	160.0
1606531622.4	160000	11.879361	0.0	7211881	566	160.0
1606531622.68	160000	12.598642	0.0	3063586	255	160.0
1606531622.93	160000	13.355617	0.0	2782179	219	160.0
1606531623.65	160000	13.630027	0.0	9958410	666	160.0
1606531624.6	160000	13.687529	0.0	12158708	870	160.0
1606531625.52	160000	13.765336	0.0	12300216	851	160.0
1606531626.87	160000	13.417642	0.0	15815684	1253	160.0
1606531627.42	160000	13.868794	0.0	13526256	473	160.0
1606531627.9	160000	14.385964	0.0	11995130	412	160.0
1606531628.26	160000	15.029275	0.0	13394791	280	160.0
1606531628.64	160000	15.653449	0.0	14135828	293	160.0
1606531629.04	160000	16.255389	0.0	15366126	313	160.0
1606531629.4	160000	16.897288	0.0	14248439	266	160.0
1606531629.73	160000	17.559233	0.0	13843717	260	160.0
1606531630.1	160000	18.197244	0.0	14665119	273	160.0
1606531630.6	160000	18.69162	0.0	21079187	387	160.0
1606531631.2	160000	19.095975	0.0	25480074	457	160.0
1606531631.73	160000	19.563896	0.0	23021754	397	160.0
1606531632.39	160000	19.912489	0.0	27527834	500	160.0
1606531633.04	160000	20.261831	0.0	26155848	491	160.0
1606531633.49	160000	20.811344	0.0	17849379	336	160.0
1606531633.9	160000	21.402135	0.0	16546531	312	160.0
1606531634.32	160000	21.980873	0.0	17718949	316	160.0
1606531634.73	160000	22.570103	0.0	17337137	309	160.0
1606531635.74	160000	22.562346	0.0	20008245	891	160.0
1606531640.45	160000	18.853425	0.0	58430914	4391	160.0
1606531641.69	160000	18.6136	0.0	16292703	1138	160.0
1606531643.87	160000	17.434997	0.0	25587422	2038	160.0
1606531645.82	160000	16.48683	0.0	23982306	1815	160.0
1606531646.85	160000	16.461705	0.0	13347845	945	160.0
1606531648.06	160000	16.252883	0.0	14337991	1129	160.0
1606531649.18	160000	16.130174	0.0	14584990	1038	160.0
1606531650.23	160000	16.07833	0.0	13962401	970	160.0
1606531651.39	160000	15.924914	0.0	14393788	1072	160.0
1606531652.22	160000	16.09376	0.0	14649457	748	160.0
1606531652.51	160000	16.806977	0.0	13409715	210	160.0
1606531652.82	160000	17.497802	0.0	13909605	232	160.0
1606531653.12	160000	18.202192	0.0	13301968	214	160.0
1606531653.46	160000	18.854918	0.0	19025846	234	160.0
1606531653.81	160000	19.510818	0.0	19295426	238	160.0
1606531654.14	160000	20.181013	0.0	18261873	225	160.0
1606531654.45	160000	20.869476	0.0	19847604	193	160.0
1606531654.74	160000	21.582324	0.0	18767181	183	160.0
1606531655.09	160000	22.237967	0.0	22420858	216	160.0
1606531655.42	160000	22.906117	0.0	19324333	218	160.0
1606531655.77	160000	23.557481	0.0	20392234	230	160.0
1606531655.91	160000	24.421085	0.0	7671072	86	160.0
1606531656.21	160000	25.120238	0.0	17781906	195	160.0
1606531656.42	160000	25.907854	0.0	12839336	138	160.0
1606531656.6	160000	26.727376	0.0	10779770	115	160.0
1606531656.85	160000	27.484761	0.0	14606687	158	160.0
1606531657.51	160000	27.81805	0.0	41866951	430	160.0
1606531658.09	160000	28.240258	0.0	37238410	352	160.0
1606531659.29	160000	28.046031	0.0	14347759	1112	160.0
1606531660.16	160000	28.171579	0.0	11399187	804	160.0
1606531660.37	160000	28.970738	0.0	10358641	135	160.0
1606531660.63	160000	29.704262	0.0	14315696	187	160.0
1606531661.07	160000	30.269865	0.0	23283631	303	160.0
1606531661.69	160000	30.647864	0.0	37521367	401	160.0
1606531662.07	160000	31.271668	0.0	22241104	240	160.0
1606531662.35	160000	31.992281	0.0	15813346	180	160.0
1606531662.65	160000	32.695852	0.0	17116450	195	160.0
1606531662.97	160000	33.373537	0.0	18867054	217	160.0
1606531663.27	160000	34.07881	0.0	17393609	197	160.0
1606531663.67	160000	34.677066	0.0	24759401	268	160.0
1606531664.09	160000	35.250773	0.0	25782433	281	160.0
1606531664.86	160000	35.487539	0.0	25885372	605	160.0
1606531665.46	160000	35.887178	0.0	26242011	449	160.0
1606531665.91	160000	36.437827	0.0	23865378	297	160.0
1606531666.42	160000	36.931505	0.0	25470681	363	160.0
1606531667.07	160000	37.278369	0.0	27258768	486	160.0
1606531667.46	160000	37.88728	0.0	17853711	279	160.0
1606531667.78	160000	38.576793	0.0	14829893	228	160.0
1606531668.38	160000	38.974492	0.0	27779697	444	160.0
1606531669.07	160000	39.281108	0.0	27714923	541	160.0
1606531671.02	160000	38.337684	0.0	25946474	1792	160.0
1606531672.59	160000	37.769842	0.0	19596259	1454	160.0
1606531674.77	160000	36.584586	0.0	23774167	2047	160.0
1606531676.28	160000	36.079288	0.0	19373656	1388	160.0
1606531677.74	160000	35.621016	0.0	23977420	1324	160.0
1606531678.41	160000	35.952905	0.0	24493733	531	160.0
1606531678.69	160000	36.67239	0.0	14528511	196	160.0
1606531679.01	160000	37.351378	0.0	16841176	220	160.0
1606531679.38	160000	37.979754	0.0	16743604	274	160.0
1606531680.23	160000	38.139791	0.0	17975224	733	160.0
1606531685.69	160000	33.676979	0.0	22329548	5327	160.0
1606531686.7	160000	33.664308	0.0	16001583	914	160.0
1606531687.65	160000	33.721563	0.0	18238584	834	160.0
1606531689.81	160000	32.558692	0.0	21308824	2032	160.0
1606531692.73	160000	30.651203	0.0	17749058	2805	160.0
1606531694.92	160000	29.447335	0.0	14127787	2114	160.0
1606531700.52	160000	24.8549	0.0	17525699	5488	160.0
1606531701.56	160000	24.809781	0.0	14240042	963	160.0
1606531702.74	160000	24.637723	0.0	20324139	1047	160.0
1606531703.55	160000	24.823728	0.0	21993033	687	160.0
1606531704.21	160000	25.167507	0.0	18863108	533	160.0
1606531704.73	160000	25.647637	0.0	15964734	421	160.0
1606531704.99	160000	26.384701	0.0	8284939	210	160.0
1606531705.28	160000	27.100406	0.0	9004706	229	160.0
1606531705.49	160000	27.893164	0.0	6955279	163	160.0
1606531705.78	160000	28.596812	0.0	10701639	233	160.0
1606531706.06	160000	29.321835	0.0	9459459	205	160.0
1606531706.16	160000	30.224303	0.0	3212828	70	160.0
1606531706.24	160000	31.143048	0.0	2509989	54	160.0
1606531706.31	160000	32.07719	0.0	2004927	44	160.0
1606531706.33	160000	33.050317	0.0	591360	13	160.0
1606531706.41	160000	34.413227	0.0	2394426	49	160.0
1606531706.76	40000	1.000999	0.075	337339	11	-12.0
1606531707.2	40000	1.928603	0.0	14648397	271	40.0
1606531707.73	60000	2.400056	0.0	20421673	345	40.0
1606531708.02	60000	3.112112	0.0	13063186	206	60.0
1606531708.22	60000	3.913117	0.0	8954217	142	60.0
1606531708.48	80000	4.655965	0.0	11497228	184	60.0
1606531708.66	80000	5.506137	0.0	6232523	131	80.0
1606531708.8	80000	6.372399	0.0	5425476	96	80.0
1606531709.57	80000	6.624435	0.0	29583867	519	80.0
1606531711.59	110000	5.67358	0.0	28884539	1841	80.0
1606531712.39	110000	5.867299	0.0	26873304	644	110.0
1606531713.31	110000	5.952343	0.0	33588177	719	110.0
1606531714.0	110000	6.263114	0.0	25684661	541	110.0
1606531714.29	110000	6.97131	0.0	10838546	228	110.0
1606531714.91	160000	7.357132	0.0	22224402	481	110.0
1606531715.54	160000	7.728102	0.0	22578365	494	160.0
1606531716.08	160000	8.190446	0.0	8346702	484	160.0
1606531718.58	160000	6.684199	0.0	15775481	2406	160.0
1606531720.1	160000	6.17223	0.0	9163235	1452	160.0
1606531725.93	160000	1.354659	0.017	41307095	5539	157.28
1606531728.88	160000	1.347051	1.936	28763893	2800	-149.76
1606531730.49	160000	1.284178	0.551	21266416	1498	71.84
1606531732.22	160000	1.336745	0.778	23702229	1608	35.519999999999996
1606531734.29	160000	1.365872	1.104	27580394	1928	-16.639999999999986
1606531735.93	160000	1.471236	0.739	20329780	1521	41.760000000000005
1606531737.26	160000	1.461895	0.318	16109183	1244	109.12
1606531741.8	160000	1.023666	3.1	58830800	4085	-336.0
1606531745.16	160000	1.276855	2.601	66935122	3018	-256.16
1606531745.59	160000	1.840412	0.0	15251076	326	160.0
1606531746.07	160000	2.352203	0.0	16574034	377	160.0
1606531746.46	160000	2.96959	0.0	13009028	296	160.0
1606531746.85	160000	3.572038	0.0	12791674	322	160.0
1606531747.23	160000	4.197549	0.0	11137898	306	160.0
1606531747.63	160000	4.800737	0.0	11485310	326	160.0
1606531748.81	160000	4.618198	0.0	12428518	1110	160.0
1606531749.73	160000	4.698025	0.0	9963766	857	160.0
1606531752.03	160000	3.406081	0.0	12189364	2219	160.0
1606531753.27	160000	3.162183	0.0	10142396	1184	160.0
1606531754.22	160000	3.214492	0.0	10185488	887	160.0
1606531755.42	160000	3.014189	0.0	14061455	1120	160.0
1606531756.45	160000	2.982109	0.0	20074099	915	160.0
1606531758.57	160000	1.861693	0.0	46115254	1859	160.0
1606531760.52	160000	1.420487	0.501	40906522	1734	79.84
1606531760.89	160000	2.054162	0.0	7891151	315	160.0
1606531761.87	160000	2.070136	0.0	21012466	852	160.0
1606531762.99	160000	1.955346	0.0	23519424	982	160.0
1606531763.95	160000	1.989416	0.0	18715420	853	160.0
1606531764.77	160000	2.176677	0.0	17000816	710	160.0
1606531765.48	160000	2.465414	0.0	14448126	622	160.0
1606531765.83	160000	3.115762	0.0	6958676	302	160.0
1606531766.31	160000	3.631315	0.0	9088791	428	160.0
1606531766.7	160000	4.245783	0.0	7211881	333	160.0
1606531766.87	160000	5.075624	0.0	3063586	144	160.0
1606531767.03	160000	5.920533	0.0	2782179	132	160.0
1606531767.56	160000	6.386507	0.0	9958410	476	160.0
1606531768.21	160000	6.742397	0.0	12158708	574	160.0
1606531768.87	160000	7.086502	0.0	12300216	580	160.0
1606531769.7	160000	7.248294	0.0	15815684	747	160.0
1606531770.42	160000	7.535165	0.0	13526256	639	160.0
1606531771.06	160000	7.898383	0.0	11995130	566	160.0
