1606484162.89	40000	1.000999	0.036	334476	24	-5.759999999999998
1606484164.15	160000	1.283303	0.182	14912671	1040	10.879999999999995
1606484164.9	160000	1.56226	0.0	24265636	481	160.0
1606484165.42	160000	2.048894	0.0	22711544	314	160.0
1606484166.13	160000	2.389323	0.0	19639705	505	160.0
1606484167.41	160000	2.155861	0.0	20946809	1094	160.0
1606484168.5	160000	2.094898	0.0	11895609	947	160.0
1606484169.26	160000	2.336852	0.0	7597636	638	160.0
1606484170.58	60000	2.017135	0.0	17832465	1133	-40.0
1606484170.98	80000	2.616175	0.0	15816325	235	60.0
1606484171.6	110000	2.991715	0.0	26873304	399	80.0
1606484173.26	160000	2.338722	0.0	69464107	967	110.0
1606484176.82	160000	1.256072	1.478	50637608	3255	-76.47999999999999
1606484177.81	160000	1.264081	0.0	19559369	815	160.0
1606484178.41	160000	1.666099	0.0	22224402	407	160.0
1606484178.97	160000	2.123178	0.0	22578365	350	160.0
1606484179.22	160000	2.864872	0.0	8346702	129	160.0
1606484179.62	160000	3.460106	0.0	15775481	240	160.0
1606484179.88	160000	4.197249	0.0	9163235	137	160.0
1606484180.79	160000	4.298401	0.0	41307095	611	160.0
1606484181.45	160000	4.635028	0.0	28763893	406	160.0
1606484181.93	160000	5.159921	0.0	21266416	287	160.0
1606484182.47	160000	5.61528	0.0	23702229	325	160.0
1606484183.06	160000	6.026136	0.0	27580394	371	160.0
1606484183.54	160000	6.551067	0.0	20329780	274	160.0
1606484183.91	160000	7.174406	0.0	16109183	215	160.0
1606484185.12	160000	6.973009	0.0	58830800	788	160.0
1606484186.51	160000	6.584531	0.0	66935122	955	160.0
1606484186.86	160000	7.233351	0.0	15251076	198	160.0
1606484187.24	160000	7.849766	0.0	16574034	221	160.0
1606484187.55	160000	8.541562	0.0	13009028	169	160.0
1606484187.87	160000	9.226126	0.0	12791674	175	160.0
1606484188.15	160000	9.942973	0.0	11137898	152	160.0
1606484188.45	160000	10.652948	0.0	11485310	157	160.0
1606484188.76	160000	11.341809	0.0	12428518	165	160.0
1606484189.02	160000	12.081455	0.0	9963766	133	160.0
1606484189.32	160000	12.784132	0.0	12189364	161	160.0
1606484189.58	160000	13.521194	0.0	10142396	129	160.0
1606484189.88	160000	14.223348	0.0	10185488	172	160.0
1606484190.26	160000	14.840432	0.0	14061455	238	160.0
1606484190.75	160000	15.355268	0.0	20074099	306	160.0
1606484191.6	160000	15.503328	0.0	46115254	508	160.0
1606484192.31	160000	15.799555	0.0	40906522	390	160.0
1606484192.5	160000	16.607668	0.0	7891151	76	160.0
1606484192.87	160000	17.242486	0.0	21012466	168	160.0
1606484193.26	160000	17.848749	0.0	23519424	193	160.0
1606484193.59	160000	18.523033	0.0	18715420	154	160.0
1606484201.51	160000	11.601017	0.0	17000816	7750	160.0
1606484201.72	20000	12.397021	0.0	1555467	108	-120.0
1606484201.86	20000	13.249058	0.0	1008919	67	20.0
1606484202.03	20000	14.085513	0.0	1227619	82	20.0
1606484202.18	20000	14.937079	0.0	1015853	68	20.0
1606484202.28	20000	15.834809	0.0	384076	25	20.0
1606484202.38	20000	16.738785	0.0	295687	19	20.0
1606484202.55	20000	17.569643	0.0	1328674	89	20.0
1606484202.75	20000	18.367098	0.0	1492829	120	20.0
1606484202.96	20000	19.162597	0.0	1484812	123	20.0
1606484203.2	20000	19.924348	0.0	1868314	155	20.0
1606484203.38	20000	20.740009	0.0	1253406	103	20.0
1606484203.53	20000	21.588011	0.0	887933	73	20.0
1606484203.7	20000	22.420469	0.0	1153403	86	20.0
1606484203.87	20000	23.250349	0.0	1249023	88	20.0
1606484204.06	20000	24.06646	0.0	1423973	101	20.0
1606484204.22	20000	24.909049	0.0	1060162	75	20.0
1606484204.38	20000	25.750872	0.0	1080597	76	20.0
1606484204.54	20000	26.584859	0.0	1156442	82	20.0
1606484204.78	20000	27.349066	0.0	2222640	149	20.0
1606484205.04	20000	28.087735	0.0	2587311	173	20.0
1606484205.29	20000	28.845919	0.0	2178351	152	20.0
1606484205.59	20000	29.543124	0.0	3121089	209	20.0
1606484205.99	20000	30.141102	0.0	2857420	312	20.0
1606484206.26	20000	30.870853	0.0	1702477	185	20.0
1606484206.52	20000	31.619786	0.0	1531670	167	20.0
1606484206.76	20000	32.380294	0.0	1863424	155	20.0
1606484206.98	20000	33.155714	0.0	1987392	138	20.0
1606484207.25	20000	33.892689	0.0	2505586	175	20.0
1606484208.07	20000	34.072118	0.0	9620218	699	20.0
1606484209.42	160000	33.722754	0.0	16292703	1185	20.0
1606484211.72	160000	32.423905	0.0	25587422	2079	160.0
1606484213.95	160000	31.193377	0.0	23982306	2032	160.0
1606484215.08	160000	31.061646	0.0	13347845	990	160.0
1606484216.34	160000	30.809519	0.0	14337991	1107	160.0
1606484217.59	160000	30.551969	0.0	14584990	1109	160.0
1606484218.7	160000	30.445665	0.0	13962401	965	160.0
1606484219.96	160000	30.193866	0.0	14393788	1106	160.0
1606484221.14	160000	30.012155	0.0	14649457	1030	160.0
1606484222.25	160000	29.897365	0.0	13409715	973	160.0
1606484223.37	160000	29.777316	0.0	13909605	975	160.0
1606484224.64	160000	29.517226	0.0	13301968	1120	160.0
1606484226.36	160000	28.795939	0.0	19025846	1540	160.0
1606484228.13	160000	28.020217	0.0	19295426	1602	160.0
1606484229.68	160000	27.472615	0.0	18261873	1383	160.0
1606484231.41	160000	26.749217	0.0	19847604	1538	160.0
1606484232.95	160000	26.204872	0.0	18767181	1370	160.0
1606484234.99	160000	25.168782	0.0	22420858	1843	160.0
1606484236.63	160000	24.525308	0.0	19324333	1463	160.0
1606484238.52	160000	23.63945	0.0	20392234	1703	160.0
1606484239.26	160000	23.903294	0.0	7671072	621	160.0
1606484240.8	160000	23.366439	0.0	17781906	1370	160.0
1606484241.28	160000	23.88287	0.0	12839336	343	160.0
1606484241.7	160000	24.466811	0.0	10779770	288	160.0
1606484242.09	160000	25.076899	0.0	14606687	244	160.0
1606484242.97	160000	25.195362	0.0	41866951	566	160.0
1606484243.68	160000	25.48435	0.0	37238410	417	160.0
1606484243.99	160000	26.182413	0.0	14347759	157	160.0
1606484244.24	160000	26.932949	0.0	11399187	119	160.0
1606484244.47	160000	27.698215	0.0	10358641	108	160.0
1606484244.77	160000	28.405869	0.0	14315696	149	160.0
1606484246.51	160000	27.666436	0.0	23283631	1544	160.0
1606484252.03	160000	23.143752	0.0	37521367	5231	160.0
1606484254.09	160000	22.080647	0.0	22241104	1870	160.0
1606484254.4	20000	22.771775	0.0	2318501	216	-120.0
1606484254.72	20000	23.453163	0.0	2473561	231	20.0
1606484254.97	20000	24.21105	0.0	1730311	157	20.0
1606484255.15	20000	25.027687	0.0	1455812	100	20.0
1606484255.44	20000	25.73968	0.0	2869222	199	20.0
1606484255.76	20000	26.422332	0.0	3226650	224	20.0
1606484258.01	160000	25.171905	0.0	25885372	2038	20.0
1606484263.04	160000	21.13827	0.0	26242011	4815	160.0
1606484265.12	160000	20.06025	0.0	23865378	1870	160.0
1606484265.43	20000	20.757465	0.0	3059979	208	-120.0
1606484265.75	20000	21.435826	0.0	3367422	230	20.0
1606484265.97	20000	22.215609	0.0	1950694	132	20.0
1606484266.17	20000	23.021284	0.0	1541020	101	20.0
1606484266.45	20000	23.733662	0.0	2926720	198	20.0
1606484266.75	20000	24.440179	0.0	2991202	202	20.0
1606484267.04	20000	25.146468	0.0	3002106	203	20.0
1606484267.28	20000	25.909732	0.0	2015412	150	20.0
1606484267.59	20000	26.604347	0.0	2894863	214	20.0
1606484269.22	160000	25.975434	0.0	19373656	1447	20.0
1606484269.99	160000	26.201091	0.0	23977420	573	160.0
1606484270.45	160000	26.748118	0.0	24493733	254	160.0
1606484270.75	160000	27.442629	0.0	14528511	157	160.0
1606484271.1	160000	28.101339	0.0	16841176	174	160.0
1606484271.41	160000	28.788707	0.0	16743604	143	160.0
1606484271.73	160000	29.464918	0.0	17975224	153	160.0
1606484272.13	160000	30.070136	0.0	22329548	190	160.0
1606484272.42	160000	30.778337	0.0	16001583	134	160.0
1606484272.75	160000	31.449195	0.0	18238584	151	160.0
1606484273.13	160000	32.075805	0.0	21308824	185	160.0
1606484273.45	160000	32.755538	0.0	17749058	157	160.0
1606484273.72	160000	33.4886	0.0	14127787	124	160.0
1606484274.04	160000	34.165802	0.0	17525699	155	160.0
1606484274.32	160000	34.891682	0.0	14240042	129	160.0
1606484274.68	160000	35.525158	0.0	20324139	174	160.0
1606484275.06	160000	36.145763	0.0	21993033	189	160.0
1606484275.38	160000	36.833876	0.0	18863108	136	160.0
1606484275.66	160000	37.548456	0.0	15964734	118	160.0
1606484275.84	160000	38.372579	0.0	8284939	60	160.0
1606484276.03	160000	39.188111	0.0	9004706	65	160.0
1606484276.19	160000	40.026223	0.0	6955279	56	160.0
1606484276.4	160000	40.815483	0.0	10701639	86	160.0
1606484276.6	160000	41.620457	0.0	9459459	76	160.0
1606484276.71	160000	42.503292	0.0	3212828	26	160.0
1606484276.82	160000	43.396887	0.0	2509989	20	160.0
1606484276.9	160000	44.314352	0.0	2004927	16	160.0
1606484276.96	160000	45.259889	0.0	591360	5	160.0
1606484277.03	160000	46.626717	0.0	2394426	20	160.0
1606484277.4	40000	1.000999	0.036	336477	3	-5.759999999999998
1606484277.75	160000	1.947057	0.0	14912671	100	40.0
1606484278.2	160000	2.495889	0.0	24265636	161	160.0
1606484278.57	160000	3.124575	0.0	22711544	170	160.0
1606484278.91	160000	3.783508	0.0	19639705	145	160.0
1606484279.3	160000	4.436368	0.0	20946809	179	160.0
1606484279.56	160000	5.200908	0.0	11895609	117	160.0
1606484279.75	160000	6.010961	0.0	7597636	80	160.0
1606484285.71	160000	1.477452	0.278	56067905	5434	115.52000000000001
1606484286.16	60000	2.020055	0.0	9877442	313	-40.0
1606484286.73	80000	2.457207	0.0	15275967	403	60.0
1606484286.99	20000	3.198518	0.0	5571764	147	-40.0
1606484287.21	20000	3.972682	0.0	4925652	127	20.0
1606484287.35	20000	4.837949	0.0	2030157	51	20.0
1606484287.49	20000	5.696679	0.0	2240782	55	20.0
1606484287.63	20000	6.556465	0.0	2211169	55	20.0
1606484287.73	20000	7.465775	0.0	382046	7	20.0
1606484287.84	20000	8.3571	0.0	1113969	28	20.0
1606484287.94	20000	9.257243	0.0	820127	20	20.0
1606484288.2	20000	9.991306	0.0	6357933	157	20.0
1606484288.42	20000	10.779315	0.0	4814284	113	20.0
1606484288.59	20000	11.604173	0.0	3419258	80	20.0
1606484288.78	20000	12.415949	0.0	3944328	93	20.0
1606484288.98	20000	13.218851	0.0	4284196	100	20.0
1606484289.14	20000	14.057095	0.0	3022025	70	20.0
1606484289.35	20000	14.852932	0.0	2248581	117	20.0
1606484289.99	20000	15.208096	0.0	9946363	519	20.0
1606484299.68	160000	6.524188	0.0	66935122	9157	20.0
1606484299.79	20000	7.410482	0.0	1849732	17	-120.0
