1606523677.41	40000	1.000999	0.024	334476	13	-3.8400000000000034
1606523678.26	160000	1.535677	0.0	14912671	617	40.0
1606523679.9	160000	1.340219	0.407	24265636	1375	94.88
1606523680.1	20000	2.140973	0.0	3191121	99	-120.0
1606523680.24	20000	3.001652	0.0	1661718	51	20.0
1606523680.34	20000	3.939752	0.0	1315024	18	20.0
1606523680.44	20000	4.844102	0.0	698359	5	20.0
1606523680.54	20000	5.749517	0.0	730082	10	20.0
1606523680.8	40000	6.485078	0.0	9295618	134	20.0
1606523681.46	110000	6.844826	0.0	28884539	415	40.0
1606523682.03	110000	7.275625	0.0	26873304	355	110.0
1606523683.5	160000	6.807588	0.0	69464107	780	110.0
1606523684.52	160000	6.793284	0.0	50637608	673	160.0
1606523684.91	160000	7.403875	0.0	19559369	210	160.0
1606523685.34	160000	7.96867	0.0	22224402	238	160.0
1606523687.3	160000	7.014073	0.0	22578365	1754	160.0
1606523688.16	160000	7.16138	0.0	8346702	733	160.0
1606523689.62	160000	6.696671	0.0	15775481	1291	160.0
1606523690.42	160000	6.916037	0.0	9163235	679	160.0
1606523694.05	160000	4.294879	0.0	41307095	3318	160.0
1606523696.26	160000	3.078341	0.0	28763893	1970	160.0
1606523697.11	160000	3.238655	0.0	21266416	654	160.0
1606523697.95	160000	3.392838	0.0	23702229	612	160.0
1606523698.9	160000	3.455385	0.0	27580394	709	160.0
1606523699.65	160000	3.692533	0.0	20329780	543	160.0
1606523700.24	160000	4.105448	0.0	16109183	419	160.0
1606523700.93	40000	4.422341	0.0	18604040	500	-80.0
1606523702.82	60000	3.528155	0.0	29587565	1643	40.0
1606523704.09	160000	3.263126	0.0	15251076	1107	60.0
1606523706.44	160000	1.906836	0.0	16574034	2184	160.0
1606523707.55	160000	1.804239	0.0	13009028	954	160.0
1606523708.65	160000	1.698519	0.0	12791674	964	160.0
1606523709.61	160000	1.744927	0.0	11137898	820	160.0
1606523711.9	160000	1.2606	0.804	11485310	2155	31.360000000000014
1606523712.33	40000	1.826523	0.0	3105896	330	-80.0
1606523712.64	40000	2.520658	0.0	2659767	208	40.0
1606523713.66	160000	2.497204	0.0	12189364	882	40.0
1606523714.49	160000	2.676864	0.0	10142396	688	160.0
1606523715.58	160000	2.579925	0.0	10185488	967	160.0
1606523716.69	160000	2.479198	0.0	14061455	951	160.0
1606523716.97	20000	3.196553	0.0	2536859	181	-120.0
1606523717.4	20000	3.763603	0.0	4742872	327	20.0
1606523717.89	20000	4.280598	0.0	4955535	376	20.0
1606523718.15	40000	5.018812	0.0	2182595	166	20.0
1606523718.75	40000	5.41799	0.0	6334422	485	40.0
1606523720.78	160000	4.393171	0.0	23519424	1819	40.0
1606523722.44	160000	3.7301	0.0	18715420	1487	160.0
1606523723.94	160000	3.235403	0.0	17000816	1315	160.0
1606523725.12	160000	3.049812	0.0	14448126	1031	160.0
1606523725.75	160000	3.422286	0.0	6958676	512	160.0
1606523726.58	160000	3.594601	0.0	9088791	703	160.0
1606523727.45	160000	3.726513	0.0	7211881	752	160.0
1606523727.62	160000	4.555273	0.0	3063586	76	160.0
1606523727.76	160000	5.414129	0.0	2782179	49	160.0
1606523728.07	160000	6.112882	0.0	9958410	176	160.0
1606523728.43	160000	6.751538	0.0	12158708	221	160.0
1606523728.72	160000	7.457213	0.0	12300216	154	160.0
1606523729.06	160000	8.123929	0.0	15815684	173	160.0
1606523729.35	160000	8.83461	0.0	13526256	149	160.0
1606523729.63	160000	9.554722	0.0	11995130	131	160.0
1606523729.91	160000	10.276563	0.0	13394791	134	160.0
1606523730.2	160000	10.9842	0.0	14135828	142	160.0
1606523730.51	160000	11.681535	0.0	15366126	154	160.0
1606523730.78	160000	12.403955	0.0	14248439	131	160.0
1606523731.06	160000	13.13387	0.0	13843717	127	160.0
1606523731.35	160000	13.844746	0.0	14665119	135	160.0
1606523731.83	160000	14.364395	0.0	21079187	286	160.0
1606523732.95	160000	14.238301	0.0	25480074	918	160.0
1606523734.75	160000	13.443458	0.0	23021754	1594	160.0
1606523735.63	160000	13.56603	0.0	27527834	643	160.0
1606523736.09	160000	14.108913	0.0	26155848	230	160.0
1606523736.42	160000	14.780753	0.0	17849379	156	160.0
1606523736.73	160000	15.463177	0.0	16546531	153	160.0
1606523737.11	160000	16.083956	0.0	17718949	205	160.0
1606523737.49	160000	16.712548	0.0	17337137	200	160.0
1606523737.9	160000	17.298265	0.0	20008245	227	160.0
1606523738.96	160000	17.244303	0.0	58430914	657	160.0
1606523739.28	160000	17.923009	0.0	16292703	153	160.0
1606523739.73	160000	18.469476	0.0	25587422	241	160.0
1606523740.48	160000	18.727253	0.0	23982306	535	160.0
1606523740.8	160000	19.400586	0.0	13347845	177	160.0
1606523741.1	160000	20.103215	0.0	14337991	147	160.0
1606523741.4	160000	20.803204	0.0	14584990	149	160.0
1606523741.7	160000	21.512959	0.0	13962401	144	160.0
1606523742.16	160000	22.052135	0.0	14393788	303	160.0
1606523742.62	160000	22.592689	0.0	14649457	309	160.0
1606523743.0	160000	23.206829	0.0	13409715	242	160.0
1606523743.41	160000	23.809037	0.0	13909605	251	160.0
1606523744.0	160000	24.212004	0.0	13301968	443	160.0
1606523745.28	160000	23.932771	0.0	19025846	1096	160.0
1606523746.68	160000	23.538912	0.0	19295426	1212	160.0
1606523747.76	160000	23.460734	0.0	18261873	903	160.0
1606523749.04	160000	23.174398	0.0	19847604	1095	160.0
1606523750.65	160000	22.564595	0.0	18767181	1434	160.0
1606523752.89	160000	21.324852	0.0	22420858	2043	160.0
1606523753.68	160000	21.536443	0.0	19324333	603	160.0
1606523754.17	160000	22.05231	0.0	20392234	303	160.0
1606523754.4	160000	22.823912	0.0	7671072	113	160.0
1606523754.83	160000	23.394075	0.0	17781906	262	160.0
1606523755.15	160000	24.075574	0.0	12839336	174	160.0
1606523755.43	160000	24.792892	0.0	10779770	146	160.0
1606523755.78	160000	25.441317	0.0	14606687	194	160.0
1606523756.61	160000	25.619373	0.0	41866951	504	160.0
1606523757.32	160000	25.91006	0.0	37238410	420	160.0
1606523757.63	160000	26.600773	0.0	14347759	160	160.0
1606523757.9	160000	27.333477	0.0	11399187	119	160.0
1606523758.14	160000	28.096215	0.0	10358641	104	160.0
1606523758.43	160000	28.802788	0.0	14315696	144	160.0
1606523758.87	160000	29.371236	0.0	23283631	234	160.0
1606523759.51	160000	29.72853	0.0	37521367	350	160.0
1606523759.92	160000	30.320144	0.0	22241104	206	160.0
1606523760.23	160000	31.011527	0.0	15813346	142	160.0
1606523760.55	160000	31.690352	0.0	17116450	152	160.0
1606523760.9	160000	32.340085	0.0	18867054	173	160.0
1606523761.25	160000	32.989324	0.0	17393609	179	160.0
1606523761.71	160000	33.527313	0.0	24759401	255	160.0
1606523762.2	160000	34.046591	0.0	25782433	270	160.0
1606523762.69	160000	34.552536	0.0	25885372	271	160.0
1606523763.16	160000	35.088669	0.0	26242011	252	160.0
1606523763.61	160000	35.639765	0.0	23865378	229	160.0
1606523764.17	160000	36.079008	0.0	25470681	351	160.0
1606523764.84	160000	36.402519	0.0	27258768	445	160.0
1606523766.39	160000	35.862325	0.0	17853711	1368	160.0
1606523767.12	160000	36.133027	0.0	14829893	579	160.0
1606523768.07	160000	36.180459	0.0	27779697	722	160.0
1606523770.23	160000	35.015883	0.0	27714923	1946	160.0
1606523772.79	160000	33.462222	0.0	25946474	2338	160.0
1606523774.32	160000	32.929672	0.0	19596259	1350	160.0
1606523776.26	160000	31.992254	0.0	23774167	1735	160.0
1606523778.08	160000	31.178891	0.0	19373656	1638	160.0
1606523780.04	160000	30.218253	0.0	23977420	1764	160.0
1606523781.94	160000	29.3193	0.0	24493733	1674	160.0
1606523783.2	160000	29.055267	0.0	14528511	1114	160.0
1606523784.62	160000	28.643579	0.0	16841176	1245	160.0
1606523786.13	160000	28.125175	0.0	16743604	1352	160.0
1606523787.72	160000	27.538725	0.0	17975224	1410	160.0
1606523789.52	160000	26.739725	0.0	22329548	1607	160.0
1606523790.98	160000	26.283866	0.0	16001583	1295	160.0
1606523791.55	160000	26.715507	0.0	18238584	394	160.0
1606523792.16	160000	27.109301	0.0	21308824	413	160.0
1606523792.56	160000	27.709929	0.0	17749058	231	160.0
1606523792.9	160000	28.369101	0.0	14127787	183	160.0
1606523793.31	160000	28.960081	0.0	17525699	242	160.0
1606523793.65	160000	29.616781	0.0	14240042	197	160.0
1606523794.11	160000	30.157296	0.0	20324139	274	160.0
1606523794.59	160000	30.681533	0.0	21993033	285	160.0
1606523795.01	160000	31.26487	0.0	18863108	234	160.0
1606523795.38	160000	31.895312	0.0	15964734	196	160.0
1606523795.6	160000	32.671352	0.0	8284939	103	160.0
1606523795.84	160000	33.437804	0.0	9004706	112	160.0
1606523796.16	160000	34.112653	0.0	6955279	210	160.0
1606523797.07	160000	34.203625	0.0	10701639	776	160.0
1606523798.02	160000	34.256486	0.0	9459459	823	160.0
1606523798.2	160000	35.08157	0.0	3212828	77	160.0
1606523798.34	160000	35.93877	0.0	2509989	56	160.0
1606523798.46	160000	36.824553	0.0	2004927	45	160.0
1606523798.52	160000	37.760107	0.0	591360	13	160.0
1606523798.62	160000	39.09396	0.0	2394426	53	160.0
1606523798.92	40000	1.000999	0.028	336477	7	-4.480000000000004
1606523799.3	160000	1.98834	0.0	14912671	158	40.0
1606523799.86	160000	2.437116	0.0	24265636	250	160.0
1606523800.27	160000	3.02114	0.0	22711544	207	160.0
1606523800.63	160000	3.661529	0.0	19639705	170	160.0
1606523801.01	160000	4.356072	0.0	20946809	182	160.0
1606523801.26	160000	5.109477	0.0	11895609	104	160.0
1606523801.45	160000	5.959662	0.0	7597636	66	160.0
1606523802.5	160000	5.976598	0.0	56067905	488	160.0
1606523803.06	110000	6.420134	0.0	28884539	309	60.0
1606523803.55	110000	6.978811	0.0	26873304	261	110.0
1606523804.86	160000	6.677126	0.0	69464107	750	110.0
1606523805.65	160000	6.885171	0.0	50637608	449	160.0
1606523805.99	160000	7.542876	0.0	19559369	162	160.0
1606523806.49	160000	8.047237	0.0	22224402	301	160.0
1606523806.99	160000	8.547106	0.0	22578365	306	160.0
1606523807.21	160000	9.329604	0.0	8346702	103	160.0
1606523807.57	160000	9.971473	0.0	15775481	194	160.0
1606523807.81	160000	10.729283	0.0	9163235	112	160.0
1606523808.64	160000	10.904473	0.0	41307095	526	160.0
1606523809.41	160000	11.127351	0.0	28763893	521	160.0
1606523811.05	160000	10.491681	0.0	21266416	1439	160.0
1606523813.08	160000	9.545107	0.0	23702229	1809	160.0
1606523815.21	160000	8.421888	0.0	27580394	1898	160.0
1606523816.94	160000	7.693039	0.0	20329780	1525	160.0
1606523818.21	160000	7.417697	0.0	16109183	1110	160.0
1606523819.51	160000	7.12593	0.0	58830800	877	160.0
1606523820.65	160000	6.986844	0.0	66935122	700	160.0
