1606515732.47	40000	1.000999	0.052	334476	28	-8.32
1606515733.97	160000	1.27792	0.398	14912671	1276	-23.680000000000007
1606515736.05	160000	1.341995	1.122	24265636	1831	-19.52000000000001
1606515738.06	160000	1.431399	1.072	22711544	1812	-11.52000000000001
1606515739.6	160000	1.312385	0.393	19639705	1358	97.12
1606515741.21	160000	1.310745	0.583	20946809	1424	66.72
1606515743.34	160000	1.395011	1.212	11895609	1984	-33.91999999999999
1606515744.1	160000	1.626277	0.0	7597636	647	160.0
1606515745.4	60000	1.356032	0.021	17832465	1103	-43.36
1606515747.75	60000	1.38198	1.376	9877442	2225	-160.16
1606515748.15	20000	1.981379	0.0	4167844	295	-20.0
1606515748.76	20000	2.37136	0.0	5571764	496	20.0
1606515749.35	20000	2.789074	0.0	4925652	476	20.0
1606515749.86	80000	3.278204	0.0	7412644	384	20.0
1606515750.67	110000	3.467281	0.0	12783186	658	80.0
1606515751.87	160000	3.272453	0.0	22578365	982	110.0
1606515752.29	160000	3.851589	0.0	8346702	292	160.0
1606515752.96	160000	4.179999	0.0	15775481	503	160.0
1606515753.07	20000	5.065604	0.0	820127	26	-120.0
1606515753.4	20000	5.746223	0.0	6357933	202	20.0
1606515753.64	20000	6.502423	0.0	4814284	137	20.0
1606515753.84	20000	7.307265	0.0	3419258	97	20.0
1606515754.05	20000	8.093713	0.0	3944328	111	20.0
1606515754.28	20000	8.868059	0.0	4284196	122	20.0
1606515754.46	20000	9.690807	0.0	3022025	79	20.0
1606515754.88	110000	10.266874	0.0	11073078	282	20.0
1606515760.08	160000	6.067653	0.0	58830800	4560	110.0
1606515763.73	160000	3.419427	0.0	66935122	3203	160.0
1606515763.85	20000	4.300724	0.0	1849732	21	-120.0
1606515763.96	20000	5.186094	0.0	1942795	23	20.0
1606515764.08	20000	6.077143	0.0	1704756	20	20.0
1606515764.18	20000	6.968704	0.0	1697111	19	20.0
1606515764.29	20000	7.863434	0.0	1529441	18	20.0
1606515764.4	20000	8.750177	0.0	1568649	25	20.0
1606515764.51	20000	9.641713	0.0	1677618	19	20.0
1606515764.62	20000	10.538855	0.0	1415096	16	20.0
1606515764.73	20000	11.427948	0.0	1894067	21	20.0
1606515764.83	20000	12.329074	0.0	1186604	11	20.0
1606515764.93	20000	13.23079	0.0	1068386	11	20.0
1606515765.04	20000	14.122102	0.0	1700843	20	20.0
1606515765.16	20000	14.999528	0.0	2536859	29	20.0
1606515765.32	20000	15.839261	0.0	4742872	53	20.0
1606515765.49	20000	16.674823	0.0	4955535	56	20.0
1606515765.59	20000	17.572697	0.0	1260540	14	20.0
1606515765.74	20000	18.431368	0.0	3605246	42	20.0
1606515765.86	20000	19.302796	0.0	2770338	31	20.0
1606515765.98	20000	20.19104	0.0	1855168	20	20.0
1606515766.09	20000	21.080842	0.0	1666915	19	20.0
1606515766.2	20000	21.973371	0.0	1555467	17	20.0
1606515766.3	20000	22.875707	0.0	1008919	11	20.0
1606515766.4	20000	23.774779	0.0	1227619	13	20.0
1606515766.5	20000	24.677543	0.0	1015853	10	20.0
1606515766.63	160000	25.542053	0.0	3063586	33	20.0
1606515766.76	160000	26.41453	0.0	2782179	30	160.0
1606515767.0	160000	27.174408	0.0	9958410	108	160.0
1606515767.28	160000	27.896244	0.0	12158708	132	160.0
1606515767.56	160000	28.622437	0.0	12300216	132	160.0
1606515767.88	160000	29.299463	0.0	15815684	159	160.0
1606515768.17	160000	30.008532	0.0	13526256	137	160.0
1606515768.43	160000	30.747031	0.0	11995130	119	160.0
1606515769.61	160000	30.56957	0.0	13394791	1028	160.0
1606515770.8	160000	30.38544	0.0	14135828	1035	160.0
1606515771.73	160000	30.45778	0.0	15366126	774	160.0
1606515772.13	160000	31.05106	0.0	14248439	254	160.0
1606515772.54	160000	31.648221	0.0	13843717	246	160.0
1606515773.2	160000	31.987787	0.0	14665119	498	160.0
1606515774.0	160000	32.188512	0.0	21079187	610	160.0
1606515775.09	160000	32.098327	0.0	25480074	862	160.0
1606515776.34	160000	31.84781	0.0	23021754	1052	160.0
1606515777.7	160000	31.486442	0.0	27527834	1121	160.0
1606515778.98	160000	31.213856	0.0	26155848	1050	160.0
1606515779.98	160000	31.209303	0.0	17849379	811	160.0
1606515781.07	160000	31.124168	0.0	16546531	912	160.0
1606515782.69	160000	30.501091	0.0	17718949	1447	160.0
1606515784.15	160000	30.045489	0.0	17337137	1282	160.0
1606515785.8	160000	29.40095	0.0	20008245	1451	160.0
1606515790.46	160000	25.739118	0.0	58430914	4262	160.0
1606515790.95	160000	26.25044	0.0	16292703	311	160.0
1606515791.6	160000	26.596118	0.0	25587422	431	160.0
1606515792.48	160000	26.722891	0.0	23982306	668	160.0
1606515792.9	160000	27.30138	0.0	13347845	274	160.0
1606515793.33	160000	27.870157	0.0	14337991	275	160.0
1606515793.74	160000	28.459424	0.0	14584990	259	160.0
1606515794.09	160000	29.11737	0.0	13962401	192	160.0
1606515794.44	160000	29.770281	0.0	14393788	192	160.0
1606515794.78	160000	30.424926	0.0	14649457	192	160.0
1606515795.11	160000	31.097851	0.0	13409715	170	160.0
1606515795.44	160000	31.768306	0.0	13909605	178	160.0
1606515795.76	160000	32.45146	0.0	13301968	168	160.0
1606515796.18	160000	33.032971	0.0	19025846	234	160.0
1606515796.6	160000	33.616176	0.0	19295426	237	160.0
1606515796.99	160000	34.226151	0.0	18261873	213	160.0
1606515797.41	160000	34.802108	0.0	19847604	228	160.0
1606515797.81	160000	35.400574	0.0	18767181	223	160.0
1606515798.29	160000	35.923095	0.0	22420858	281	160.0
1606515798.74	160000	36.480645	0.0	19324333	253	160.0
1606515799.7	160000	36.516646	0.0	20392234	776	160.0
1606515800.4	160000	36.816055	0.0	7671072	577	160.0
1606515801.23	160000	36.987737	0.0	17781906	649	160.0
1606515801.76	160000	37.461195	0.0	12839336	380	160.0
1606515802.11	160000	38.117158	0.0	10779770	208	160.0
1606515802.55	160000	38.670846	0.0	14606687	291	160.0
1606515805.1	160000	37.121776	0.0	41866951	2228	160.0
1606515805.88	160000	37.345298	0.0	37238410	483	160.0
1606515806.23	160000	37.99716	0.0	14347759	192	160.0
1606515806.51	160000	38.714646	0.0	11399187	142	160.0
1606515806.78	160000	39.444428	0.0	10358641	133	160.0
1606515807.17	160000	40.056292	0.0	14315696	232	160.0
1606515807.75	160000	40.476548	0.0	23283631	378	160.0
1606515810.72	160000	38.513235	0.0	37521367	2670	160.0
1606515812.91	160000	37.320534	0.0	22241104	1994	160.0
1606515814.28	160000	36.958248	0.0	15813346	1192	160.0
1606515815.83	160000	36.400202	0.0	17116450	1384	160.0
1606515817.32	160000	35.913222	0.0	18867054	1304	160.0
1606515818.03	160000	36.208945	0.0	17393609	531	160.0
1606515818.57	160000	36.663579	0.0	24759401	338	160.0
1606515819.13	160000	37.105387	0.0	25782433	343	160.0
1606515819.7	160000	37.538802	0.0	25885372	338	160.0
1606515820.38	160000	37.862116	0.0	26242011	459	160.0
1606515821.04	160000	38.205249	0.0	23865378	431	160.0
1606515821.76	160000	38.484966	0.0	25470681	502	160.0
1606515822.52	160000	38.722468	0.0	27258768	529	160.0
1606515823.15	160000	39.092756	0.0	17853711	455	160.0
1606515823.77	160000	39.476232	0.0	14829893	462	160.0
1606515825.63	160000	38.613062	0.0	27779697	1632	160.0
1606515826.4	160000	38.85002	0.0	27714923	529	160.0
1606515827.06	160000	39.19123	0.0	25946474	427	160.0
1606515827.56	160000	39.692905	0.0	19596259	313	160.0
1606515828.12	160000	40.130553	0.0	23774167	352	160.0
1606515828.57	160000	40.678189	0.0	19373656	263	160.0
1606515829.12	160000	41.129369	0.0	23977420	340	160.0
1606515829.67	160000	41.579778	0.0	24493733	336	160.0
1606515830.02	160000	42.232614	0.0	14528511	193	160.0
1606515830.42	160000	42.836431	0.0	16841176	223	160.0
1606515830.81	160000	43.445117	0.0	16743604	216	160.0
1606515831.21	160000	44.051991	0.0	17975224	215	160.0
1606515831.68	160000	44.581974	0.0	22329548	268	160.0
1606515832.04	160000	45.222246	0.0	16001583	185	160.0
1606515832.42	160000	45.83803	0.0	18238584	197	160.0
1606515832.86	160000	46.402585	0.0	21308824	237	160.0
1606515833.27	160000	46.989658	0.0	17749058	239	160.0
1606515833.61	160000	47.654257	0.0	14127787	186	160.0
1606515834.01	160000	48.259246	0.0	17525699	222	160.0
1606515834.32	160000	48.944064	0.0	14240042	165	160.0
1606515834.74	160000	49.524293	0.0	20324139	227	160.0
1606515835.19	160000	50.081211	0.0	21993033	248	160.0
1606515835.59	160000	50.681634	0.0	18863108	213	160.0
1606515835.95	160000	51.327805	0.0	15964734	180	160.0
1606515836.16	160000	52.106263	0.0	8284939	93	160.0
1606515836.39	160000	52.877046	0.0	9004706	101	160.0
1606515836.59	160000	53.68243	0.0	6955279	79	160.0
1606515836.85	160000	54.425083	0.0	10701639	121	160.0
1606515837.07	160000	55.205172	0.0	9459459	92	160.0
1606515837.2	160000	56.074786	0.0	3212828	26	160.0
1606515837.31	160000	56.961311	0.0	2509989	24	160.0
1606515837.4	160000	57.87259	0.0	2004927	19	160.0
1606515837.46	160000	58.814759	0.0	591360	5	160.0
1606515838.03	160000	59.840589	0.0	2394426	23	160.0
1606515838.42	40000	1.000999	0.044	336477	3	-7.039999999999999
1606515838.83	160000	1.919526	0.0	14912671	152	40.0
1606515839.37	160000	2.37802	0.0	24265636	240	160.0
1606515839.81	160000	2.942806	0.0	22711544	226	160.0
1606515840.2	160000	3.553712	0.0	19639705	206	160.0
1606515840.62	160000	4.195705	0.0	20946809	223	160.0
1606515840.9	160000	4.958297	0.0	11895609	126	160.0
1606515841.08	160000	5.777565	0.0	7597636	68	160.0
1606515842.14	160000	5.779546	0.0	56067905	501	160.0
1606515842.9	160000	6.040154	0.0	45444680	447	160.0
1606515843.81	160000	6.170853	0.0	54798068	524	160.0
1606515844.92	160000	6.057004	0.0	69464107	561	160.0
1606515845.73	160000	6.248244	0.0	50637608	441	160.0
1606515846.09	160000	6.890177	0.0	19559369	168	160.0
1606515846.47	160000	7.506256	0.0	22224402	184	160.0
1606515846.87	160000	8.115299	0.0	22578365	187	160.0
1606515847.07	160000	8.910729	0.0	8346702	66	160.0
1606515847.39	160000	9.595998	0.0	15775481	146	160.0
1606515847.6	160000	10.381818	0.0	9163235	85	160.0
1606515848.28	160000	10.703982	0.0	41307095	377	160.0
1606515848.78	160000	11.209213	0.0	28763893	248	160.0
1606515849.14	160000	11.845743	0.0	21266416	168	160.0
1606515849.53	160000	12.458692	0.0	23702229	161	160.0
1606515849.96	160000	13.031832	0.0	27580394	191	160.0
1606515850.3	160000	13.688452	0.0	20329780	136	160.0
1606515850.58	160000	14.411322	0.0	16109183	108	160.0
1606515851.39	160000	14.65393	0.0	58830800	396	160.0
1606515852.25	160000	14.794625	0.0	66935122	438	160.0
1606515852.52	160000	15.527863	0.0	15251076	98	160.0
1606515852.8	160000	16.246739	0.0	16574034	110	160.0
