1606503460.31	40000	1.000999	0.089	334476	77	-14.240000000000002
1606503462.89	40000	1.406188	1.626	14648397	2457	-220.16000000000003
1606503464.03	60000	1.345257	0.051	20421673	969	31.840000000000003
1606503464.57	60000	1.832808	0.0	13063186	451	60.0
1606503464.94	60000	2.46826	0.0	8954217	309	60.0
1606503465.49	80000	2.961195	0.0	11497228	476	60.0
1606503465.8	80000	3.652077	0.0	6232523	268	80.0
1606503466.16	80000	4.294327	0.0	5425476	321	80.0
1606503471.41	80000	1.186802	1.117	29583867	5024	-98.72
1606503473.75	110000	1.416626	1.567	28884539	2185	-170.72
1606503475.89	110000	1.444532	1.168	26873304	2004	-76.88
1606503478.0	110000	1.353683	1.018	33588177	1941	-52.879999999999995
1606503478.94	110000	1.411139	0.0	25684661	797	110.0
1606503479.33	110000	2.020322	0.0	10838546	321	110.0
1606503480.12	160000	2.237654	0.0	22224402	646	110.0
1606503485.05	160000	1.4334	3.126	22578365	4810	-340.16
1606503485.68	160000	1.800485	0.0	8346702	579	160.0
1606503486.5	160000	1.99214	0.0	15775481	713	160.0
1606503486.81	160000	2.670527	0.0	9163235	255	160.0
1606503488.04	160000	2.441075	0.0	41307095	950	160.0
1606503488.8	160000	2.685564	0.0	28763893	591	160.0
1606503489.36	160000	3.131139	0.0	21266416	421	160.0
1606503489.9	160000	3.589824	0.0	23702229	399	160.0
1606503490.55	160000	3.940616	0.0	27580394	491	160.0
1606503491.06	160000	4.431976	0.0	20329780	375	160.0
1606503492.17	160000	4.324978	0.0	16109183	1012	160.0
1606503501.67	160000	1.319391	5.495	58830800	9086	-719.2
1606503507.17	160000	1.315339	4.5	66935122	5183	-560.0
1606503508.35	160000	1.317852	0.179	15251076	1099	131.36
1606503509.67	160000	1.497507	0.497	16574034	1231	80.48
1606503510.87	160000	1.469112	0.169	13009028	1133	132.96
1606503512.06	160000	1.415667	0.139	12791674	1125	137.76
1606503513.04	160000	1.438199	0.0	11137898	912	160.0
1606503514.03	160000	1.478122	0.028	11485310	920	155.52
1606503515.11	160000	1.429757	0.029	12428518	998	155.36
1606503515.88	160000	1.654909	0.0	9963766	715	160.0
1606503516.86	160000	1.678991	0.0	12189364	908	160.0
1606503517.77	160000	1.770349	0.0	10142396	844	160.0
1606503518.66	160000	1.880687	0.0	10185488	829	160.0
1606503519.74	160000	1.798172	0.0	14061455	1002	160.0
1606503521.44	160000	1.34966	0.25	20074099	1596	120.0
1606503525.27	160000	1.288704	2.767	46115254	3593	-282.72
1606503528.67	160000	1.389565	2.502	40906522	3197	-240.32
1606503529.49	160000	1.570277	0.0	7891151	770	160.0
1606503531.05	160000	1.394349	0.374	21012466	1446	100.16
1606503532.77	160000	1.269699	0.6	23519424	1611	64.0
1606503534.16	160000	1.370768	0.488	18715420	1286	81.92
1606503535.46	160000	1.359867	0.287	17000816	1211	114.08
1606503536.8	160000	1.398139	0.379	14448126	1268	99.36
1606503537.39	160000	1.806005	0.0	6958676	548	160.0
1606503538.12	160000	2.07703	0.0	9088791	672	160.0
1606503538.73	160000	2.469682	0.0	7211881	561	160.0
1606503539.02	160000	3.186834	0.0	3063586	255	160.0
1606503539.28	160000	3.92363	0.0	2782179	230	160.0
1606503540.1	160000	4.101281	0.0	9958410	766	160.0
1606503541.1	160000	4.107906	0.0	12158708	925	160.0
1606503542.08	160000	4.123301	0.0	12300216	913	160.0
1606503543.21	160000	4.001416	0.0	15815684	1030	160.0
1606503543.94	160000	4.269142	0.0	13526256	656	160.0
1606503544.52	160000	4.692463	0.0	11995130	509	160.0
1606503545.07	160000	5.135118	0.0	13394791	482	160.0
1606503545.67	160000	5.543253	0.0	14135828	512	160.0
1606503546.33	160000	5.883309	0.0	15366126	576	160.0
1606503546.93	160000	6.280871	0.0	14248439	514	160.0
1606503547.5	160000	6.711993	0.0	13843717	493	160.0
1606503548.03	160000	7.189597	0.0	14665119	433	160.0
1606503548.79	160000	7.430498	0.0	21079187	639	160.0
1606503549.77	160000	7.446174	0.0	25480074	843	160.0
1606503550.56	160000	7.654673	0.0	23021754	659	160.0
1606503551.28	160000	7.941337	0.0	27527834	562	160.0
1606503551.97	160000	8.249855	0.0	26155848	536	160.0
1606503552.44	160000	8.782897	0.0	17849379	361	160.0
1606503552.86	160000	9.364934	0.0	16546531	320	160.0
1606503553.3	160000	9.925355	0.0	17718949	336	160.0
1606503553.71	160000	10.51548	0.0	17337137	308	160.0
1606503554.11	160000	11.115679	0.0	20008245	289	160.0
1606503555.28	160000	10.943036	0.0	58430914	861	160.0
1606503555.63	160000	11.596716	0.0	16292703	245	160.0
1606503556.13	160000	12.100854	0.0	25587422	353	160.0
1606503556.6	160000	12.634968	0.0	23982306	331	160.0
1606503556.87	160000	13.364312	0.0	13347845	183	160.0
1606503557.14	160000	14.087064	0.0	14337991	197	160.0
1606503557.43	160000	14.804901	0.0	14584990	200	160.0
1606503557.69	160000	15.543907	0.0	13962401	171	160.0
1606503557.9	160000	16.335553	0.0	14393788	129	160.0
1606503558.11	160000	17.121155	0.0	14649457	131	160.0
1606503558.31	160000	17.924929	0.0	13409715	120	160.0
1606503558.52	160000	18.72351	0.0	13909605	125	160.0
1606503558.74	160000	19.5001	0.0	13301968	138	160.0
1606503559.07	160000	20.165643	0.0	19025846	217	160.0
1606503559.4	160000	20.837178	0.0	19295426	221	160.0
1606503559.71	160000	21.53208	0.0	18261873	199	160.0
1606503559.99	160000	22.249124	0.0	19847604	166	160.0
1606503560.27	160000	22.975322	0.0	18767181	157	160.0
1606503560.58	160000	23.661827	0.0	22420858	190	160.0
1606503560.87	160000	24.379364	0.0	19324333	168	160.0
1606503561.16	160000	25.086528	0.0	20392234	178	160.0
1606503561.28	160000	25.962928	0.0	7671072	74	160.0
1606503561.54	160000	26.706409	0.0	17781906	155	160.0
1606503561.74	160000	27.512104	0.0	12839336	120	160.0
1606503561.91	160000	28.342417	0.0	10779770	107	160.0
1606503562.13	160000	29.116782	0.0	14606687	145	160.0
1606503562.8	160000	29.451827	0.0	41866951	415	160.0
1606503563.35	160000	29.905103	0.0	37238410	328	160.0
1606503563.55	160000	30.700712	0.0	14347759	125	160.0
1606503563.71	160000	31.546932	0.0	11399187	87	160.0
1606503563.84	160000	32.411258	0.0	10358641	68	160.0
1606503564.02	160000	33.233592	0.0	14315696	96	160.0
1606503564.31	160000	33.949465	0.0	23283631	154	160.0
1606503564.79	160000	34.469061	0.0	37521367	249	160.0
1606503565.05	160000	35.209958	0.0	22241104	132	160.0
1606503565.24	160000	36.01644	0.0	15813346	94	160.0
1606503565.45	160000	36.808353	0.0	17116450	100	160.0
1606503565.68	160000	37.582765	0.0	18867054	112	160.0
1606503565.9	160000	38.36729	0.0	17393609	111	160.0
1606503566.2	160000	39.067495	0.0	24759401	158	160.0
1606503566.51	160000	39.75555	0.0	25782433	165	160.0
1606503566.88	160000	40.387293	0.0	25885372	212	160.0
1606503567.33	160000	40.936376	0.0	26242011	300	160.0
1606503567.76	160000	41.512016	0.0	23865378	275	160.0
1606503568.22	160000	42.047491	0.0	25470681	324	160.0
1606503568.73	160000	42.54529	0.0	27258768	330	160.0
1606503569.01	160000	43.261968	0.0	17853711	175	160.0
1606503569.24	160000	44.034251	0.0	14829893	145	160.0
1606503569.67	160000	44.608662	0.0	27779697	271	160.0
1606503571.25	160000	44.0203	0.0	27714923	1435	160.0
1606503572.59	160000	43.688793	0.0	25946474	1185	160.0
1606503578.04	160000	39.238062	0.0	19596259	5339	160.0
1606503579.88	160000	38.398955	0.0	23774167	1704	160.0
1606503580.53	160000	38.753537	0.0	19373656	531	160.0
1606503581.21	160000	39.07316	0.0	23977420	546	160.0
1606503581.95	160000	39.341055	0.0	24493733	515	160.0
1606503582.3	160000	39.98158	0.0	14528511	266	160.0
1606503582.71	160000	40.572639	0.0	16841176	309	160.0
1606503583.09	160000	41.191695	0.0	16743604	277	160.0
1606503583.5	160000	41.787373	0.0	17975224	297	160.0
1606503584.02	160000	42.263992	0.0	22329548	391	160.0
1606503584.43	160000	42.861305	0.0	16001583	304	160.0
1606503584.88	160000	43.409643	0.0	18238584	344	160.0
1606503585.4	160000	43.884523	0.0	21308824	386	160.0
1606503585.83	160000	44.459481	0.0	17749058	323	160.0
1606503586.17	160000	45.117519	0.0	14127787	259	160.0
1606503586.6	160000	45.691788	0.0	17525699	325	160.0
1606503586.93	160000	46.363184	0.0	14240042	247	160.0
1606503587.37	160000	46.918985	0.0	20324139	328	160.0
1606503587.86	160000	47.436559	0.0	21993033	356	160.0
1606503588.31	160000	47.989109	0.0	18863108	334	160.0
1606503588.68	160000	48.619893	0.0	15964734	275	160.0
1606503588.87	160000	49.42802	0.0	8284939	137	160.0
1606503589.07	160000	50.225304	0.0	9004706	149	160.0
1606503589.23	160000	51.068319	0.0	6955279	116	160.0
1606503589.47	160000	51.82675	0.0	10701639	178	160.0
1606503589.69	160000	52.610675	0.0	9459459	157	160.0
1606503589.77	160000	53.530001	0.0	3212828	53	160.0
1606503589.83	160000	54.469804	0.0	2509989	38	160.0
1606503589.89	160000	55.417788	0.0	2004927	31	160.0
1606503589.91	160000	56.395199	0.0	591360	9	160.0
1606503589.98	160000	57.771031	0.0	2394426	37	160.0
1606503590.26	40000	1.000999	0.058	337339	5	-9.280000000000001
1606503590.64	40000	2.001999	0.0	14648397	224	40.0
1606503591.11	60000	2.552157	0.0	20421673	293	40.0
1606503591.37	60000	3.295005	0.0	13063186	181	60.0
1606503591.55	60000	4.1135	0.0	8954217	120	60.0
1606503591.78	80000	4.88008	0.0	11497228	159	60.0
1606503591.92	80000	5.745322	0.0	6232523	92	80.0
1606503592.03	80000	6.630583	0.0	5425476	80	80.0
1606503592.71	80000	7.028392	0.0	29583867	436	80.0
1606503593.37	110000	7.414771	0.0	28884539	493	80.0
1606503594.0	110000	7.834072	0.0	26873304	465	110.0
1606503594.74	110000	8.090836	0.0	33588177	556	110.0
1606503595.31	110000	8.543594	0.0	25684661	421	110.0
1606503595.56	110000	9.299647	0.0	10838546	178	110.0
1606503596.04	160000	9.819775	0.0	22224402	350	110.0
1606503596.5	160000	10.358308	0.0	22578365	325	160.0
1606503596.68	160000	11.178946	0.0	8346702	120	160.0
1606503597.01	160000	11.856527	0.0	15775481	225	160.0
1606503597.19	160000	12.666507	0.0	9163235	131	160.0
1606503598.05	160000	12.805931	0.0	41307095	588	160.0
1606503598.67	160000	13.191336	0.0	28763893	444	160.0
1606503599.14	160000	13.726276	0.0	21266416	332	160.0
1606503599.66	160000	14.205311	0.0	23702229	386	160.0
1606503600.2	160000	14.667236	0.0	27580394	383	160.0
1606503600.59	160000	15.276728	0.0	20329780	261	160.0
1606503600.9	160000	15.971401	0.0	16109183	207	160.0
1606503602.12	160000	15.752996	0.0	58830800	747	160.0
1606503603.43	160000	15.438189	0.0	66935122	941	160.0
1606503603.69	160000	16.176326	0.0	15251076	171	160.0
1606503603.99	160000	16.883597	0.0	16574034	194	160.0
1606503604.24	160000	17.632511	0.0	13009028	177	160.0
1606503604.49	160000	18.384832	0.0	12791674	175	160.0
1606503604.73	160000	19.143931	0.0	11137898	155	160.0
1606503604.96	160000	19.915251	0.0	11485310	160	160.0
1606503605.22	160000	20.657568	0.0	12428518	185	160.0
1606503605.43	160000	21.450701	0.0	9963766	147	160.0
1606503605.68	160000	22.197051	0.0	12189364	179	160.0
1606503605.89	160000	22.985332	0.0	10142396	149	160.0
1606503606.1	160000	23.780748	0.0	10185488	132	160.0
1606503606.36	160000	24.517101	0.0	14061455	183	160.0
1606503606.75	160000	25.136713	0.0	20074099	262	160.0
1606503607.6	160000	25.283369	0.0	46115254	599	160.0
1606503608.35	160000	25.537142	0.0	40906522	512	160.0
1606503608.5	160000	26.391705	0.0	7891151	95	160.0
1606503608.88	160000	27.010646	0.0	21012466	253	160.0
1606503609.29	160000	27.60158	0.0	23519424	278	160.0
1606503609.62	160000	28.268481	0.0	18715420	221	160.0
1606503609.93	160000	28.962768	0.0	17000816	200	160.0
1606503610.2	160000	29.694994	0.0	14448126	179	160.0
1606503610.33	160000	30.561848	0.0	6958676	86	160.0
1606503610.5	160000	31.388199	0.0	9088791	113	160.0
1606503610.65	160000	32.243071	0.0	7211881	94	160.0
1606503610.72	160000	33.171372	0.0	3063586	38	160.0
1606503610.78	160000	34.110538	0.0	2782179	35	160.0
1606503610.97	160000	34.928967	0.0	9958410	123	160.0
1606503611.19	160000	35.706026	0.0	12158708	153	160.0
1606503611.42	160000	36.480833	0.0	12300216	154	160.0
1606503611.71	160000	37.191806	0.0	15815684	199	160.0
1606503611.96	160000	37.937818	0.0	13526256	169	160.0
1606503612.18	160000	38.716494	0.0	11995130	149	160.0
1606503612.43	160000	39.477915	0.0	13394791	165	160.0
1606503612.68	160000	40.219214	0.0	14135828	173	160.0
