1606445058.07	40000	1.000999	0.035	334476	24	-5.600000000000001
1606445059.45	40000	1.487754	0.504	14648397	1251	-40.64
1606445061.27	60000	1.450809	0.76	20421673	1675	-81.6
1606445064.68	60000	1.434738	2.339	13063186	3336	-314.24
1606445068.26	60000	1.26751	2.387	8954217	3529	-321.92
1606445072.05	80000	1.256682	2.76	11497228	3713	-381.6
1606445073.95	80000	1.331152	0.951	6232523	1858	-72.16
1606445076.29	80000	1.283025	1.29	5425476	2305	-126.4
1606445078.83	80000	1.331765	1.567	29583867	2320	-170.72
1606445082.41	110000	1.398281	2.648	28884539	3425	-343.68
1606445087.16	110000	1.298143	3.652	26873304	4619	-474.32000000000005
1606445089.91	110000	1.449504	1.898	33588177	2581	-193.68
1606445092.55	110000	1.347564	1.542	25684661	2516	-136.72
1606445093.74	110000	1.390417	0.23	10838546	1123	73.2
1606445096.02	160000	1.371404	1.262	22224402	2163	-91.91999999999999
1606445099.39	160000	1.384365	2.378	22578365	3251	-220.48000000000002
1606445100.28	160000	1.495066	0.0	8346702	834	160.0
1606445102.44	160000	1.263933	0.936	15775481	2080	10.240000000000009
1606445104.39	160000	1.450105	1.136	9163235	1903	-21.75999999999999
1606445108.02	160000	1.315288	2.49	41307095	3368	-238.39999999999998
1606445110.52	160000	1.32686	1.512	28763893	2353	-81.91999999999999
1606445112.27	160000	1.339099	0.762	21266416	1639	38.08
1606445113.98	160000	1.351478	0.722	23702229	1598	44.480000000000004
1606445116.1	160000	1.324071	1.089	27580394	1977	-14.240000000000009
1606445117.61	160000	1.413634	0.597	20329780	1394	64.48
1606445118.79	160000	1.26133	0.028	16109183	1094	155.52
1606445123.98	160000	1.290464	4.223	58830800	4765	-515.68
1606445129.4	160000	1.170803	4.295	66935122	5108	-527.2
1606445130.78	160000	1.310278	0.523	15251076	1308	76.32
1606445132.14	160000	1.334067	0.38	16574034	1266	99.2
1606445133.24	160000	1.46458	0.234	13009028	1039	122.56
1606445134.43	160000	1.449466	0.175	12791674	1127	132.0
1606445135.49	160000	1.394424	0.0	11137898	989	160.0
1606445136.57	160000	1.37551	0.059	11485310	1007	150.56
1606445137.66	160000	1.435377	0.156	12428518	1036	135.04
1606445138.41	160000	1.687709	0.0	9963766	684	160.0
1606445139.44	160000	1.65959	0.0	12189364	958	160.0
1606445140.43	160000	1.675701	0.0	10142396	922	160.0
1606445141.21	160000	1.898389	0.0	10185488	714	160.0
1606445142.35	160000	1.755688	0.0	14061455	1063	160.0
1606445143.89	160000	1.347231	0.132	20074099	1445	138.88
1606445147.64	160000	1.479972	2.877	46115254	3517	-300.32
1606445151.33	160000	1.357311	2.572	40906522	3483	-251.51999999999998
1606445152.06	160000	1.626432	0.0	7891151	679	160.0
1606445154.54	160000	1.399384	1.245	21012466	2364	-39.19999999999999
1606445156.14	160000	1.427366	0.628	23519424	1483	59.519999999999996
1606445157.91	160000	1.30564	0.654	18715420	1671	55.36
1606445160.14	160000	1.460669	1.377	17000816	2135	-60.31999999999999
1606445165.69	160000	1.338748	4.435	14448126	5480	-549.6
1606445166.32	160000	1.716828	0.0	6958676	575	160.0
1606445167.08	160000	1.95115	0.0	9088791	707	160.0
1606445167.79	160000	2.2411	0.0	7211881	664	160.0
1606445168.16	160000	2.871836	0.0	3063586	344	160.0
1606445168.51	160000	3.524429	0.0	2782179	320	160.0
1606445169.95	160000	3.083471	0.0	9958410	1382	160.0
1606445172.12	160000	1.92201	0.0	12158708	2094	160.0
1606445173.82	160000	1.281263	0.066	12300216	1645	149.44
1606445175.59	160000	1.348147	0.827	15815684	1679	27.680000000000007
1606445176.62	160000	1.426073	0.113	13526256	968	141.92000000000002
1606445177.39	160000	1.654058	0.0	11995130	701	160.0
1606445178.37	160000	1.674236	0.0	13394791	905	160.0
1606445179.46	160000	1.593385	0.0	14135828	997	160.0
1606445180.3	160000	1.746224	0.0	15366126	761	160.0
1606445181.63	160000	1.418051	0.0	14248439	1247	160.0
1606445184.66	160000	1.294792	1.898	13843717	2950	-143.68
1606445185.79	160000	1.442986	0.281	14665119	1058	115.03999999999999
1606445187.55	160000	1.474814	0.795	21079187	1656	32.8
1606445189.75	160000	1.27011	0.996	25480074	2075	0.6399999999999864
1606445191.57	160000	1.26701	0.81	23021754	1688	30.400000000000006
1606445199.73	160000	1.327796	7.223	27527834	8021	-995.6800000000001
1606445200.97	160000	1.30117	0.21	26155848	1095	126.4
1606445201.41	160000	1.862687	0.0	17849379	331	160.0
1606445201.78	160000	2.490648	0.0	16546531	266	160.0
1606445202.11	160000	3.161462	0.0	17718949	219	160.0
1606445202.43	160000	3.843847	0.0	17337137	209	160.0
1606445202.79	160000	4.486373	0.0	20008245	238	160.0
1606445203.78	160000	4.493149	0.0	58430914	668	160.0
1606445204.14	160000	5.133707	0.0	16292703	255	160.0
1606445204.69	160000	5.58658	0.0	25587422	401	160.0
1606445205.18	160000	6.101424	0.0	23982306	349	160.0
1606445205.45	160000	6.831846	0.0	13347845	195	160.0
1606445205.75	160000	7.529956	0.0	14337991	221	160.0
1606445206.14	160000	8.139177	0.0	14584990	308	160.0
1606445206.52	160000	8.761381	0.0	13962401	296	160.0
1606445207.07	160000	9.21729	0.0	14393788	463	160.0
1606445207.73	160000	9.556214	0.0	14649457	572	160.0
1606445208.36	160000	9.923911	0.0	13409715	557	160.0
1606445209.47	160000	9.812882	0.0	13909605	1032	160.0
1606445210.67	160000	9.615182	0.0	13301968	1122	160.0
1606445217.23	160000	4.055745	0.0	19025846	6443	160.0
1606445221.43	160000	1.279125	0.418	19295426	4093	93.12
1606445222.92	160000	1.448289	0.661	18261873	1399	54.239999999999995
1606445225.18	160000	1.35986	1.171	19847604	2156	-27.360000000000014
1606445231.8	160000	1.281521	5.535	18767181	6505	-725.6
1606445234.01	160000	1.316215	1.25	22420858	2098	-40.0
1606445235.81	160000	1.317473	0.802	19324333	1699	31.680000000000007
1606445237.27	160000	1.370295	0.515	20392234	1359	77.6
1606445237.77	160000	1.874238	0.0	7671072	438	160.0
1606445238.75	160000	1.893724	0.0	17781906	879	160.0
1606445239.74	160000	1.909891	0.0	12839336	906	160.0
1606445240.23	160000	2.420253	0.0	10779770	425	160.0
1606445240.84	160000	2.812359	0.0	14606687	524	160.0
1606445241.94	160000	2.715073	0.0	41866951	840	160.0
1606445249.9	160000	1.392538	5.643	37238410	7767	-742.88
1606445251.07	160000	1.267655	0.036	14347759	1077	154.24
1606445251.9	160000	1.436256	0.0	11399187	761	160.0
1606445256.29	160000	1.325378	3.282	10358641	4334	-365.12
1606445258.63	160000	1.357992	1.374	14315696	2259	-59.84
1606445261.27	160000	1.469165	1.747	23283631	2518	-119.51999999999998
1606445262.38	160000	1.385204	0.025	37521367	878	156.0
1606445262.81	160000	1.949829	0.0	22241104	305	160.0
1606445263.12	160000	2.644344	0.0	15813346	203	160.0
1606445263.42	160000	3.344076	0.0	17116450	191	160.0
1606445263.76	160000	4.008503	0.0	18867054	220	160.0
1606445264.05	160000	4.712429	0.0	17393609	195	160.0
1606445264.44	160000	5.331639	0.0	24759401	236	160.0
1606445264.83	160000	5.936465	0.0	25782433	245	160.0
1606445265.25	160000	6.517202	0.0	25885372	260	160.0
1606445265.68	160000	7.09099	0.0	26242011	279	160.0
1606445266.09	160000	7.685165	0.0	23865378	253	160.0
1606445266.51	160000	8.265507	0.0	25470681	273	160.0
1606445266.97	160000	8.804597	0.0	27258768	290	160.0
1606445267.34	160000	9.445531	0.0	17853711	256	160.0
1606445267.64	160000	10.140268	0.0	14829893	215	160.0
1606445268.75	160000	10.026829	0.0	27779697	955	160.0
1606445275.07	160000	4.709494	0.0	27714923	6156	160.0
1606445277.81	160000	2.970618	0.0	25946474	2583	160.0
1606445278.73	160000	3.047933	0.0	19596259	801	160.0
1606445279.67	160000	3.11499	0.0	23774167	797	160.0
1606445280.43	160000	3.354167	0.0	19373656	639	160.0
1606445281.36	160000	3.427183	0.0	23977420	792	160.0
1606445282.31	160000	3.477727	0.0	24493733	809	160.0
1606445282.88	160000	3.908752	0.0	14528511	478	160.0
1606445283.54	160000	4.250519	0.0	16841176	556	160.0
1606445284.19	160000	4.597887	0.0	16743604	553	160.0
1606445284.91	160000	4.877944	0.0	17975224	604	160.0
1606445285.78	160000	5.009578	0.0	22329548	736	160.0
1606445286.41	160000	5.384336	0.0	16001583	528	160.0
1606445287.12	160000	5.675409	0.0	18238584	602	160.0
