1606519755.95	40000	1.000999	0.02	334476	9	-3.200000000000003
1606519756.45	20000	1.868915	0.0	11007815	298	0.0
1606519757.44	160000	1.901314	0.0	24265636	682	20.0
1606519760.95	160000	1.424393	1.972	22711544	3318	-155.51999999999998
1606519762.58	160000	1.273689	0.455	19639705	1451	87.2
1606519764.47	160000	1.282921	0.872	20946809	1708	20.47999999999999
1606519764.62	20000	2.129396	0.0	698359	65	-120.0
1606519764.78	20000	2.975302	0.0	730082	69	20.0
1606519765.2	20000	3.555003	0.0	4047415	321	20.0
1606519765.52	20000	4.233568	0.0	2863079	227	20.0
1606519765.94	20000	4.814488	0.0	4167844	318	20.0
1606519766.45	20000	5.305715	0.0	5571764	401	20.0
1606519767.86	80000	4.895656	0.0	17710542	1227	20.0
1606519770.0	160000	3.759284	0.0	19559369	1945	80.0
1606519771.41	160000	3.350395	0.0	22224402	1206	160.0
1606519774.73	160000	1.414109	0.389	22578365	3136	97.75999999999999
1606519775.47	160000	1.673902	0.0	8346702	618	160.0
1606519776.25	110000	1.90266	0.0	9838179	629	60.0
1606519776.71	110000	2.441945	0.0	6126794	352	110.0
1606519777.61	60000	2.539893	0.0	15945082	733	10.0
1606519778.32	80000	2.841118	0.0	14877694	542	60.0
1606519778.83	80000	3.319046	0.0	11453319	382	80.0
1606519779.55	110000	3.600873	0.0	17002609	548	80.0
1606519779.8	20000	4.359009	0.0	4284196	136	-70.0
1606519779.98	20000	5.179093	0.0	3022025	84	20.0
1606519780.13	20000	6.025344	0.0	2248581	61	20.0
1606519780.53	20000	6.624305	0.0	9946363	273	20.0
1606519780.99	20000	7.169847	0.0	11684632	319	20.0
1606519781.55	160000	7.6075	0.0	15251076	395	20.0
1606519782.18	160000	7.978315	0.0	16574034	457	160.0
1606519782.71	160000	8.450623	0.0	13009028	382	160.0
1606519783.18	160000	8.979868	0.0	12791674	334	160.0
1606519783.6	160000	9.566857	0.0	11137898	279	160.0
1606519784.02	160000	10.150838	0.0	11485310	281	160.0
1606519784.43	160000	10.736246	0.0	12428518	274	160.0
1606519784.78	160000	11.38827	0.0	9963766	223	160.0
1606519785.17	160000	11.995871	0.0	12189364	252	160.0
1606519785.51	160000	12.660485	0.0	10142396	206	160.0
1606519785.85	160000	13.323967	0.0	10185488	207	160.0
1606519786.3	160000	13.870582	0.0	14061455	296	160.0
1606519786.92	160000	14.252449	0.0	20074099	432	160.0
1606519788.27	160000	13.909742	0.0	46115254	849	160.0
1606519789.39	160000	13.787075	0.0	40906522	804	160.0
1606519789.66	160000	14.517238	0.0	7891151	154	160.0
1606519790.23	160000	14.948888	0.0	21012466	377	160.0
1606519790.81	160000	15.366131	0.0	23519424	381	160.0
1606519791.3	160000	15.87716	0.0	18715420	307	160.0
1606519791.76	160000	16.420417	0.0	17000816	279	160.0
1606519792.13	160000	17.050465	0.0	14448126	220	160.0
1606519792.35	160000	17.833249	0.0	6958676	100	160.0
1606519792.6	160000	18.581679	0.0	9088791	128	160.0
1606519792.82	160000	19.368654	0.0	7211881	101	160.0
1606519792.95	160000	20.232867	0.0	3063586	44	160.0
1606519793.09	160000	21.09505	0.0	2782179	48	160.0
1606519793.39	160000	21.7999	0.0	9958410	170	160.0
1606519793.74	160000	22.447834	0.0	12158708	209	160.0
1606519794.13	160000	23.054602	0.0	12300216	254	160.0
1606519794.82	160000	23.371981	0.0	15815684	525	160.0
1606519800.17	160000	19.022087	0.0	13526256	5202	160.0
1606519802.66	160000	17.534909	0.0	11995130	2351	160.0
1606519802.86	20000	18.32786	0.0	1153403	119	-120.0
1606519803.06	20000	19.130364	0.0	1249023	113	20.0
1606519803.66	80000	19.530324	0.0	7258180	484	20.0
1606519804.17	80000	20.025347	0.0	5903236	400	80.0
1606519804.7	80000	20.500752	0.0	5922485	419	80.0
1606519805.27	80000	20.930411	0.0	6487715	460	80.0
1606519806.14	80000	21.05549	0.0	10395993	741	80.0
1606519807.22	80000	20.984591	0.0	12476436	931	80.0
1606519808.52	110000	20.684276	0.0	15365006	1141	80.0
1606519810.71	160000	19.496317	0.0	27527834	1969	110.0
1606519813.03	160000	18.168426	0.0	26155848	2111	160.0
1606519814.45	160000	17.75577	0.0	17849379	1245	160.0
1606519815.8	160000	17.402354	0.0	16546531	1183	160.0
1606519817.19	160000	17.012505	0.0	17718949	1218	160.0
1606519819.07	160000	16.141897	0.0	17337137	1703	160.0
1606519820.69	160000	15.515268	0.0	20008245	1442	160.0
1606519825.63	160000	11.578246	0.0	58430914	4469	160.0
1606519827.14	160000	11.065676	0.0	16292703	1335	160.0
1606519829.43	160000	9.783209	0.0	25587422	2070	160.0
1606519831.44	160000	8.774599	0.0	23982306	1805	160.0
1606519832.65	160000	8.561285	0.0	13347845	1067	160.0
1606519833.95	160000	8.259095	0.0	14337991	1154	160.0
1606519835.2	160000	8.010931	0.0	14584990	1099	160.0
1606519836.34	160000	7.878753	0.0	13962401	980	160.0
1606519837.49	160000	7.72819	0.0	14393788	1003	160.0
1606519838.8	160000	7.421887	0.0	14649457	1158	160.0
1606519840.05	160000	7.166191	0.0	13409715	1112	160.0
1606519841.41	160000	6.809322	0.0	13909605	1210	160.0
1606519842.59	160000	6.634311	0.0	13301968	1034	160.0
1606519844.39	160000	5.830657	0.0	19025846	1613	160.0
1606519846.33	160000	4.894415	0.0	19295426	1760	160.0
1606519847.83	160000	4.389009	0.0	18261873	1330	160.0
1606519849.37	160000	3.850236	0.0	19847604	1351	160.0
1606519850.89	160000	3.330929	0.0	18767181	1345	160.0
1606519853.17	160000	2.057536	0.0	22420858	2068	160.0
1606519855.57	160000	1.38291	0.723	19324333	2228	44.31999999999999
1606519857.57	160000	1.35649	0.981	20392234	1837	3.039999999999992
1606519858.28	160000	1.652833	0.0	7671072	588	160.0
1606519859.51	160000	1.418839	0.0	17781906	1063	160.0
1606519860.29	160000	1.643767	0.0	12839336	631	160.0
1606519861.3	160000	1.631029	0.0	10779770	880	160.0
1606519862.05	160000	1.888633	0.0	14606687	592	160.0
1606519862.85	40000	2.091662	0.0	12176825	652	-80.0
1606519863.69	40000	2.25292	0.0	10062382	711	40.0
1606519865.52	160000	1.461354	0.037	14347759	1672	34.08000000000001
1606519866.41	160000	1.56522	0.0	11399187	761	160.0
1606519867.23	160000	1.743786	0.0	10358641	692	160.0
1606519868.37	160000	1.610494	0.0	14315696	985	160.0
1606519869.45	160000	1.529362	0.0	23283631	870	160.0
1606519871.52	160000	1.386662	0.928	37521367	1831	11.52000000000001
1606519872.12	60000	1.78532	0.0	9434694	455	-40.0
1606519873.11	160000	1.800083	0.0	15813346	823	60.0
1606519874.28	160000	1.635322	0.0	17116450	998	160.0
1606519875.38	160000	1.53658	0.0	18867054	920	160.0
1606519876.25	160000	1.666447	0.0	17393609	703	160.0
1606519877.41	160000	1.507221	0.0	24759401	952	160.0
1606519878.58	160000	1.334359	0.0	25782433	957	160.0
1606519879.63	160000	1.4851	0.196	25885372	826	128.64
1606519880.42	160000	1.697314	0.0	26242011	573	160.0
1606519881.26	160000	1.860033	0.0	23865378	620	160.0
1606519882.01	160000	2.103508	0.0	25470681	544	160.0
1606519882.8	160000	2.313066	0.0	27258768	538	160.0
1606519883.35	160000	2.774812	0.0	17853711	364	160.0
1606519883.79	160000	3.326762	0.0	14829893	286	160.0
1606519884.57	160000	3.55456	0.0	27779697	535	160.0
1606519885.22	160000	3.905459	0.0	27714923	424	160.0
1606519885.83	160000	4.296952	0.0	25946474	389	160.0
1606519886.29	160000	4.832305	0.0	19596259	286	160.0
1606519886.86	160000	5.260254	0.0	23774167	367	160.0
1606519887.36	160000	5.77056	0.0	19373656	312	160.0
1606519887.92	160000	6.207243	0.0	23977420	357	160.0
1606519888.48	160000	6.645292	0.0	24493733	344	160.0
1606519888.84	160000	7.290024	0.0	14528511	193	160.0
1606519889.23	160000	7.901919	0.0	16841176	221	160.0
1606519889.62	160000	8.513476	0.0	16743604	219	160.0
1606519890.08	160000	9.056079	0.0	17975224	286	160.0
1606519890.63	160000	9.498002	0.0	22329548	349	160.0
1606519891.02	160000	10.114996	0.0	16001583	222	160.0
1606519891.44	160000	10.690672	0.0	18238584	253	160.0
1606519891.93	160000	11.204445	0.0	21308824	291	160.0
1606519892.35	160000	11.787552	0.0	17749058	243	160.0
1606519892.67	160000	12.466698	0.0	14127787	173	160.0
1606519892.98	160000	13.157287	0.0	17525699	139	160.0
1606519893.24	160000	13.897628	0.0	14240042	113	160.0
1606519893.59	160000	14.550093	0.0	20324139	160	160.0
1606519894.01	160000	15.136107	0.0	21993033	222	160.0
1606519894.38	160000	15.762491	0.0	18863108	191	160.0
1606519894.72	160000	16.424863	0.0	15964734	176	160.0
1606519894.95	160000	17.192348	0.0	8284939	114	160.0
1606519895.21	160000	17.936864	0.0	9004706	136	160.0
1606519895.42	160000	18.730937	0.0	6955279	95	160.0
1606519895.69	160000	19.459087	0.0	10701639	142	160.0
1606519895.94	160000	20.213719	0.0	9459459	121	160.0
1606519896.07	160000	21.079935	0.0	3212828	41	160.0
1606519896.19	160000	21.96166	0.0	2509989	32	160.0
1606519896.28	160000	22.867406	0.0	2004927	26	160.0
1606519896.34	160000	23.808185	0.0	591360	8	160.0
1606519896.42	160000	25.162557	0.0	2394426	31	160.0
1606519896.72	40000	1.000999	0.04	336477	4	-6.399999999999999
1606519897.16	160000	1.928099	0.0	14912671	201	40.0
1606519897.78	160000	2.30559	0.0	24265636	324	160.0
1606519898.36	160000	2.725109	0.0	22711544	376	160.0
1606519898.82	160000	3.344202	0.0	19639705	262	160.0
1606519899.22	160000	3.955443	0.0	20946809	212	160.0
1606519899.48	160000	4.723548	0.0	11895609	119	160.0
1606519899.68	160000	5.531521	0.0	7597636	77	160.0
1606519900.79	160000	5.470321	0.0	56067905	560	160.0
1606519901.57	160000	5.736523	0.0	45444680	470	160.0
1606519902.52	160000	5.789543	0.0	54798068	579	160.0
1606519903.67	160000	5.637428	0.0	69464107	625	160.0
1606519904.47	160000	5.848954	0.0	50637608	448	160.0
1606519904.86	160000	6.457104	0.0	19559369	193	160.0
1606519905.3	160000	7.016973	0.0	22224402	240	160.0
1606519905.74	160000	7.573598	0.0	22578365	243	160.0
1606519905.96	160000	8.350579	0.0	8346702	104	160.0
1606519906.33	160000	8.988647	0.0	15775481	197	160.0
1606519906.57	160000	9.748195	0.0	9163235	116	160.0
1606519907.33	160000	9.986792	0.0	41307095	467	160.0
1606519907.91	160000	10.404664	0.0	28763893	330	160.0
1606519908.37	160000	10.952317	0.0	21266416	255	160.0
1606519908.87	160000	11.452737	0.0	23702229	276	160.0
1606519909.38	160000	11.969091	0.0	27580394	286	160.0
1606519909.8	160000	12.555073	0.0	20329780	209	160.0
1606519910.12	160000	13.230593	0.0	16109183	159	160.0
1606519911.17	160000	13.19116	0.0	58830800	627	160.0
1606519916.38	160000	8.981558	0.0	66935122	4772	160.0
