1606459040.51	40000	1.000999	0.051	334476	24	-8.16
1606459041.77	40000	1.289207	0.194	14648397	1126	8.96
1606459043.67	60000	1.356082	0.943	20421673	1752	-110.88
1606459044.8	60000	1.433666	0.183	13063186	1055	30.72
1606459045.61	60000	1.650252	0.0	8954217	747	60.0
1606459048.36	80000	1.327062	1.415	11497228	2688	-166.4
1606459048.91	80000	1.783239	0.0	6232523	501	80.0
1606459049.39	80000	2.309655	0.0	5425476	426	80.0
1606459053.93	80000	1.495001	2.735	29583867	4324	-357.6
1606459056.32	110000	1.481029	1.373	28884539	2236	-139.68
1606459059.52	110000	1.355539	2.076	26873304	3073	-222.16000000000003
1606459062.32	110000	1.43331	1.876	33588177	2638	-190.16000000000003
1606459064.38	110000	1.310335	0.935	25684661	1933	-39.599999999999994
1606459066.66	110000	1.496334	1.462	10838546	2217	-123.91999999999999
1606459068.53	160000	1.459566	0.838	22224402	1736	-24.080000000000013
1606459070.42	160000	1.298506	0.707	22578365	1754	46.879999999999995
1606459071.18	160000	1.525298	0.0	8346702	683	160.0
1606459072.52	160000	1.256343	0.045	15775481	1240	152.8
1606459073.27	160000	1.506563	0.0	9163235	696	160.0
1606459076.17	160000	1.168659	1.548	41307095	2629	-87.68
1606459077.63	160000	1.359565	0.652	28763893	1316	55.68000000000001
1606459080.83	160000	1.262043	2.102	21266416	3082	-176.32
1606459085.33	160000	1.364729	3.601	23702229	4381	-416.15999999999997
1606459087.38	160000	1.466654	1.15	27580394	1917	-24.0
1606459089.11	160000	1.367087	0.635	20329780	1620	58.400000000000006
1606459090.41	160000	1.25294	0.18	16109183	1208	131.2
1606459095.58	160000	1.433324	4.351	58830800	4773	-536.16
1606459101.12	160000	1.284849	4.39	66935122	5219	-542.4
1606459102.46	160000	1.42561	0.481	15251076	1266	83.04
1606459103.82	160000	1.406817	0.348	16574034	1281	104.32
1606459104.85	160000	1.378427	0.0	13009028	954	160.0
1606459105.84	160000	1.393598	0.0	12791674	892	160.0
1606459106.77	160000	1.493392	0.026	11137898	859	155.84
1606459107.7	160000	1.562474	0.0	11485310	864	160.0
1606459108.67	160000	1.595681	0.0	12428518	895	160.0
1606459111.12	160000	1.285917	1.134	9963766	2391	-21.439999999999998
1606459112.04	160000	1.42582	0.062	12189364	855	150.08
1606459113.08	160000	1.488069	0.106	10142396	987	143.04
1606459115.14	160000	1.345146	0.91	10185488	2000	14.400000000000006
1606459116.44	160000	1.255458	0.212	14061455	1229	126.08
1606459118.15	160000	1.467914	0.927	20074099	1618	11.680000000000007
1606459122.05	160000	1.395934	2.82	46115254	3671	-291.2
1606459128.33	160000	1.466281	5.348	40906522	6071	-695.68
1606459129.04	160000	1.75073	0.0	7891151	638	160.0
1606459130.56	160000	1.27621	0.046	21012466	1412	152.64
1606459132.08	160000	1.362877	0.6	23519424	1397	64.0
1606459133.16	160000	1.463906	0.187	18715420	991	130.07999999999998
1606459134.14	160000	1.490371	0.0	17000816	866	160.0
1606459134.89	160000	1.74032	0.0	14448126	663	160.0
1606459135.27	160000	2.363304	0.0	6958676	302	160.0
1606459135.73	160000	2.90462	0.0	9088791	394	160.0
1606459136.03	160000	3.605123	0.0	7211881	255	160.0
1606459136.15	160000	4.481192	0.0	3063586	99	160.0
1606459136.26	160000	5.368644	0.0	2782179	90	160.0
1606459136.65	160000	5.985953	0.0	9958410	324	160.0
1606459137.09	160000	6.549854	0.0	12158708	368	160.0
1606459137.51	160000	7.125988	0.0	12300216	352	160.0
1606459138.04	160000	7.597383	0.0	15815684	435	160.0
1606459138.46	160000	8.17748	0.0	13526256	339	160.0
1606459138.83	160000	8.805916	0.0	11995130	295	160.0
1606459139.2	160000	9.439644	0.0	13394791	289	160.0
1606459139.58	160000	10.057714	0.0	14135828	302	160.0
1606459139.98	160000	10.665606	0.0	15366126	311	160.0
1606459140.3	160000	11.347246	0.0	14248439	239	160.0
1606459140.61	160000	12.03847	0.0	13843717	232	160.0
1606459140.94	160000	12.709187	0.0	14665119	243	160.0
1606459141.35	160000	13.298228	0.0	21079187	294	160.0
1606459141.85	160000	13.801888	0.0	25480074	356	160.0
1606459142.31	160000	14.338168	0.0	23021754	331	160.0
1606459142.88	160000	14.776322	0.0	27527834	396	160.0
1606459143.84	160000	14.805763	0.0	26155848	804	160.0
1606459144.6	160000	15.047824	0.0	17849379	655	160.0
1606459145.16	160000	15.491981	0.0	16546531	460	160.0
1606459145.65	160000	16.000471	0.0	17718949	378	160.0
1606459146.06	160000	16.589717	0.0	17337137	308	160.0
1606459146.45	160000	17.205701	0.0	20008245	268	160.0
1606459147.52	160000	17.13825	0.0	58430914	755	160.0
1606459147.84	160000	17.821327	0.0	16292703	215	160.0
1606459148.29	160000	18.366066	0.0	25587422	313	160.0
1606459148.73	160000	18.942749	0.0	23982306	293	160.0
1606459148.97	160000	19.689493	0.0	13347845	163	160.0
1606459149.22	160000	20.442419	0.0	14337991	167	160.0
1606459149.47	160000	21.192948	0.0	14584990	170	160.0
1606459149.71	160000	21.950759	0.0	13962401	163	160.0
1606459149.97	160000	22.69444	0.0	14393788	168	160.0
1606459150.23	160000	23.430551	0.0	14649457	184	160.0
1606459150.48	160000	24.188542	0.0	13409715	169	160.0
1606459150.74	160000	24.925323	0.0	13909605	181	160.0
1606459150.99	160000	25.68037	0.0	13301968	171	160.0
1606459151.42	160000	26.246914	0.0	19025846	322	160.0
1606459151.86	160000	26.813218	0.0	19295426	326	160.0
1606459152.21	160000	27.460324	0.0	18261873	245	160.0
1606459152.56	160000	28.110648	0.0	19847604	231	160.0
1606459152.89	160000	28.779913	0.0	18767181	219	160.0
1606459153.28	160000	29.392232	0.0	22420858	260	160.0
1606459153.62	160000	30.051341	0.0	19324333	216	160.0
1606459153.97	160000	30.703665	0.0	20392234	234	160.0
1606459154.11	160000	31.56714	0.0	7671072	86	160.0
1606459154.41	160000	32.267219	0.0	17781906	198	160.0
1606459154.63	160000	33.045877	0.0	12839336	144	160.0
1606459154.82	160000	33.86076	0.0	10779770	120	160.0
1606459156.01	160000	33.675754	0.0	14606687	1103	160.0
1606459161.17	160000	29.508865	0.0	41866951	4915	160.0
1606459163.55	160000	28.129967	0.0	37238410	2109	160.0
1606459163.91	160000	28.777463	0.0	14347759	267	160.0
1606459164.13	160000	29.554942	0.0	11399187	154	160.0
1606459164.32	160000	30.365014	0.0	10358641	109	160.0
1606459164.55	160000	31.13491	0.0	14315696	151	160.0
1606459164.95	160000	31.736763	0.0	23283631	255	160.0
1606459165.62	160000	32.064466	0.0	37521367	447	160.0
1606459166.07	160000	32.625011	0.0	22241104	268	160.0
1606459166.31	160000	33.378163	0.0	15813346	151	160.0
1606459166.58	160000	34.115529	0.0	17116450	164	160.0
1606459166.87	160000	34.827305	0.0	18867054	179	160.0
1606459167.14	160000	35.55812	0.0	17393609	167	160.0
1606459167.5	160000	36.190822	0.0	24759401	222	160.0
1606459167.87	160000	36.827063	0.0	25782433	224	160.0
1606459168.26	160000	37.43614	0.0	25885372	234	160.0
1606459168.66	160000	38.052138	0.0	26242011	237	160.0
1606459169.03	160000	38.674436	0.0	23865378	211	160.0
1606459169.41	160000	39.29426	0.0	25470681	236	160.0
1606459169.82	160000	39.879546	0.0	27258768	252	160.0
1606459170.1	160000	40.603232	0.0	17853711	168	160.0
1606459170.35	160000	41.355614	0.0	14829893	163	160.0
1606459170.81	160000	41.895694	0.0	27779697	307	160.0
1606459171.27	160000	42.433936	0.0	27714923	308	160.0
1606459171.71	160000	42.994194	0.0	25946474	294	160.0
1606459172.05	160000	43.658721	0.0	19596259	222	160.0
1606459172.58	160000	44.128854	0.0	23774167	390	160.0
1606459173.02	160000	44.692191	0.0	19373656	317	160.0
1606459174.74	160000	43.96762	0.0	23977420	1583	160.0
1606459177.64	160000	42.066704	0.0	24493733	2750	160.0
1606459180.82	160000	39.890587	0.0	14528511	3091	160.0
1606459182.35	160000	39.361487	0.0	16841176	1428	160.0
1606459183.36	160000	39.356672	0.0	16743604	903	160.0
1606459183.97	160000	39.743678	0.0	17975224	509	160.0
1606459184.65	160000	40.069588	0.0	22329548	547	160.0
1606459185.12	160000	40.597375	0.0	16001583	379	160.0
1606459190.55	160000	36.170264	0.0	18238584	5288	160.0
1606459192.37	160000	35.348736	0.0	21308824	1703	160.0
1606459193.64	160000	35.079672	0.0	17749058	1168	160.0
1606459194.28	160000	35.44672	0.0	14127787	551	160.0
1606459194.91	160000	35.816431	0.0	17525699	525	160.0
1606459195.39	160000	36.333493	0.0	14240042	404	160.0
1606459196.02	160000	36.705713	0.0	20324139	512	160.0
1606459196.72	160000	37.008257	0.0	21993033	571	160.0
1606459197.33	160000	37.392696	0.0	18863108	495	160.0
1606459197.83	160000	37.90069	0.0	15964734	399	160.0
1606459198.08	160000	38.643776	0.0	8284939	207	160.0
1606459198.37	160000	39.36187	0.0	9004706	219	160.0
1606459198.58	160000	40.152551	0.0	6955279	161	160.0
1606459198.89	160000	40.842051	0.0	10701639	249	160.0
1606459199.17	160000	41.56701	0.0	9459459	219	160.0
1606459199.26	160000	42.468002	0.0	3212828	72	160.0
1606459199.34	160000	43.391082	0.0	2509989	53	160.0
1606459199.41	160000	44.32763	0.0	2004927	43	160.0
1606459199.44	160000	45.300119	0.0	591360	12	160.0
1606459199.52	160000	46.654025	0.0	2394426	52	160.0
1606459199.78	40000	1.000999	0.037	337339	11	-5.920000000000002
1606459200.27	40000	1.862404	0.0	14648397	317	40.0
1606459200.86	60000	2.27654	0.0	20421673	416	40.0
1606459201.2	60000	2.932891	0.0	13063186	265	60.0
1606459201.44	60000	3.696336	0.0	8954217	181	60.0
1606459201.75	80000	4.448258	0.0	11497228	234	60.0
1606459201.93	80000	5.277942	0.0	6232523	129	80.0
1606459202.08	80000	6.121804	0.0	5425476	110	80.0
1606459202.92	80000	6.339074	0.0	29583867	579	80.0
1606459203.65	110000	6.648697	0.0	28884539	567	80.0
1606459204.33	110000	6.992943	0.0	26873304	514	110.0
1606459205.08	110000	7.247011	0.0	33588177	556	110.0
1606459205.62	110000	7.69922	0.0	25684661	404	110.0
1606459205.86	110000	8.46938	0.0	10838546	165	110.0
1606459206.34	160000	8.981631	0.0	22224402	334	110.0
1606459206.81	160000	9.520663	0.0	22578365	331	160.0
1606459206.98	160000	10.346393	0.0	8346702	122	160.0
1606459207.32	160000	11.012979	0.0	15775481	230	160.0
1606459207.49	160000	11.839295	0.0	9163235	120	160.0
1606459208.33	160000	12.005762	0.0	41307095	543	160.0
1606459208.87	160000	12.463879	0.0	28763893	375	160.0
1606459209.28	160000	13.049558	0.0	21266416	277	160.0
1606459209.75	160000	13.581817	0.0	23702229	332	160.0
1606459210.3	160000	14.034254	0.0	27580394	382	160.0
1606459210.68	160000	14.655735	0.0	20329780	248	160.0
1606459210.98	160000	15.361546	0.0	16109183	197	160.0
1606459212.33	160000	15.007487	0.0	58830800	871	160.0
1606459213.71	160000	14.63304	0.0	66935122	1012	160.0
1606459214.0	160000	15.340536	0.0	15251076	198	160.0
1606459214.33	160000	16.019896	0.0	16574034	219	160.0
1606459214.55	160000	16.797164	0.0	13009028	141	160.0
1606459214.76	160000	17.581204	0.0	12791674	139	160.0
1606459214.97	160000	18.376122	0.0	11137898	129	160.0
1606459215.17	160000	19.183173	0.0	11485310	124	160.0
1606459215.37	160000	19.970872	0.0	12428518	134	160.0
1606459215.53	160000	20.817464	0.0	9963766	94	160.0
1606459215.72	160000	21.63204	0.0	12189364	115	160.0
1606459215.87	160000	22.476149	0.0	10142396	96	160.0
1606459216.03	160000	23.319147	0.0	10185488	96	160.0
1606459216.24	160000	24.105602	0.0	14061455	133	160.0
1606459216.65	160000	24.701758	0.0	20074099	291	160.0
1606459218.6	160000	23.753838	0.0	46115254	1700	160.0
1606459219.53	160000	23.830173	0.0	40906522	683	160.0
1606459219.69	160000	24.664436	0.0	7891151	105	160.0
1606459220.14	160000	25.21088	0.0	21012466	285	160.0
1606459220.6	160000	25.758309	0.0	23519424	322	160.0
1606459220.97	160000	26.385676	0.0	18715420	264	160.0
1606459221.32	160000	27.043049	0.0	17000816	239	160.0
1606459221.61	160000	27.751385	0.0	14448126	181	160.0
1606459221.74	160000	28.616535	0.0	6958676	89	160.0
1606459221.92	160000	29.44496	0.0	9088791	116	160.0
1606459222.05	160000	30.308972	0.0	7211881	91	160.0
1606459222.12	160000	31.244192	0.0	3063586	39	160.0
1606459222.18	160000	32.18439	0.0	2782179	34	160.0
1606459222.37	160000	32.992785	0.0	9958410	127	160.0
1606459222.6	160000	33.771006	0.0	12158708	140	160.0
1606459222.81	160000	34.554078	0.0	12300216	130	160.0
1606459223.09	160000	35.279584	0.0	15815684	184	160.0
1606459223.34	160000	36.030614	0.0	13526256	165	160.0
1606459223.54	160000	36.82605	0.0	11995130	131	160.0
1606459223.77	160000	37.604669	0.0	13394791	145	160.0
1606459224.02	160000	38.354794	0.0	14135828	159	160.0
