1606455589.72	40000	1.000999	0.033	334476	21	-5.280000000000001
1606455590.96	160000	1.337243	0.192	14912671	1021	9.280000000000001
1606455592.97	160000	1.35673	1.001	24265636	1755	-0.1599999999999966
1606455594.89	160000	1.405484	0.964	22711544	1727	5.759999999999991
1606455596.52	160000	1.307305	0.501	19639705	1453	79.84
1606455598.71	160000	1.290649	1.146	20946809	2003	-23.360000000000014
1606455599.89	160000	1.447863	0.35	11895609	1052	104.0
1606455600.58	160000	1.759988	0.0	7597636	572	160.0
1606455602.07	60000	1.275929	0.0	17832465	1307	-40.0
1606455602.99	60000	1.35465	0.0	9877442	791	60.0
1606455603.92	60000	1.426491	0.0	10988410	794	60.0
1606455606.32	40000	1.302755	1.275	10578989	2258	-184.0
1606455608.51	60000	1.312545	1.198	13601559	2045	-151.68
1606455609.64	110000	1.277532	0.098	10838546	1003	44.31999999999999
1606455610.48	110000	1.448159	0.0	12783186	688	110.0
1606455611.09	110000	1.833243	0.0	13101938	468	110.0
1606455611.22	40000	2.704978	0.0	1103419	38	-30.0
1606455611.41	40000	3.514965	0.0	2715414	95	40.0
1606455611.57	40000	4.354356	0.0	1997555	70	40.0
1606455611.81	20000	5.113876	0.0	6357933	125	0.0
1606455612.01	20000	5.914443	0.0	4814284	95	20.0
1606455612.18	20000	6.749847	0.0	3419258	66	20.0
1606455612.36	20000	7.571251	0.0	3944328	78	20.0
1606455612.54	20000	8.385554	0.0	4284196	85	20.0
1606455612.69	20000	9.240894	0.0	3022025	50	20.0
1606455612.82	20000	10.114494	0.0	2248581	37	20.0
1606455613.11	20000	10.823344	0.0	9946363	164	20.0
1606455613.44	20000	11.493406	0.0	11684632	193	20.0
1606455613.6	40000	12.331125	0.0	3622285	59	20.0
1606455613.8	60000	13.137288	0.0	5799553	76	40.0
1606455613.96	60000	13.974804	0.0	4738322	62	60.0
1606455614.16	80000	14.778352	0.0	6393963	84	60.0
1606455614.38	110000	15.561606	0.0	7610374	99	80.0
1606455614.59	110000	16.34663	0.0	7822163	101	110.0
1606455614.89	160000	17.046091	0.0	12428518	161	110.0
1606455615.15	160000	17.785734	0.0	9963766	129	160.0
1606455615.45	160000	18.492615	0.0	12189364	158	160.0
1606455615.71	160000	19.233946	0.0	10142396	120	160.0
1606455615.95	160000	19.991444	0.0	10185488	110	160.0
1606455616.25	160000	20.69041	0.0	14061455	152	160.0
1606455616.66	160000	21.285994	0.0	20074099	217	160.0
1606455617.97	160000	20.981587	0.0	46115254	815	160.0
1606455621.59	160000	18.355186	0.0	40906522	3330	160.0
1606455622.37	160000	18.579148	0.0	7891151	659	160.0
1606455624.31	160000	17.637493	0.0	21012466	1753	160.0
1606455626.27	160000	16.681564	0.0	23519424	1761	160.0
1606455627.89	160000	16.058425	0.0	18715420	1443	160.0
1606455629.36	160000	15.59392	0.0	17000816	1297	160.0
1606455630.72	160000	15.232477	0.0	14448126	1213	160.0
1606455631.49	160000	15.463803	0.0	6958676	652	160.0
1606455632.26	160000	15.693412	0.0	9088791	650	160.0
1606455632.87	160000	16.091103	0.0	7211881	490	160.0
1606455633.17	160000	16.78408	0.0	3063586	211	160.0
1606455633.47	160000	17.492423	0.0	2782179	193	160.0
1606455634.27	160000	17.686845	0.0	9958410	672	160.0
1606455635.28	160000	17.675607	0.0	12158708	877	160.0
1606455636.39	160000	17.568887	0.0	12300216	966	160.0
1606455637.84	160000	17.123121	0.0	15815684	1283	160.0
1606455638.27	160000	17.688635	0.0	13526256	289	160.0
1606455638.67	160000	18.295767	0.0	11995130	255	160.0
1606455639.02	160000	18.949722	0.0	13394791	188	160.0
1606455639.38	160000	19.592249	0.0	14135828	204	160.0
1606455639.74	160000	20.230276	0.0	15366126	208	160.0
1606455640.05	160000	20.914505	0.0	14248439	163	160.0
1606455640.36	160000	21.609652	0.0	13843717	158	160.0
1606455640.69	160000	22.27996	0.0	14665119	180	160.0
1606455641.16	160000	22.816136	0.0	21079187	271	160.0
1606455641.69	160000	23.280385	0.0	25480074	324	160.0
1606455642.24	160000	23.729636	0.0	23021754	336	160.0
1606455642.87	160000	24.102997	0.0	27527834	402	160.0
1606455643.36	160000	24.624178	0.0	26155848	264	160.0
1606455643.71	160000	25.264419	0.0	17849379	181	160.0
1606455644.06	160000	25.916122	0.0	16546531	180	160.0
1606455644.43	160000	26.552248	0.0	17718949	193	160.0
1606455644.78	160000	27.195333	0.0	17337137	188	160.0
1606455645.18	160000	27.799033	0.0	20008245	219	160.0
1606455646.32	160000	27.666914	0.0	58430914	676	160.0
1606455646.7	160000	28.282029	0.0	16292703	211	160.0
1606455648.93	160000	27.048737	0.0	25587422	2025	160.0
1606455651.02	160000	25.968474	0.0	23982306	1880	160.0
1606455652.1	160000	25.881422	0.0	13347845	941	160.0
1606455653.0	160000	25.982873	0.0	14337991	748	160.0
1606455653.41	160000	26.580633	0.0	14584990	255	160.0
1606455653.79	160000	27.19354	0.0	13962401	244	160.0
1606455654.46	160000	27.532635	0.0	14393788	511	160.0
1606455655.12	160000	27.875159	0.0	14649457	509	160.0
1606455655.7	160000	28.287365	0.0	13409715	447	160.0
1606455659.35	160000	25.640587	0.0	13909605	3501	160.0
1606455660.03	160000	25.959436	0.0	13301968	539	160.0
1606455660.54	160000	26.451554	0.0	19025846	328	160.0
1606455661.06	160000	26.939292	0.0	19295426	337	160.0
1606455661.57	160000	27.427928	0.0	18261873	340	160.0
1606455662.1	160000	27.895994	0.0	19847604	338	160.0
1606455662.57	160000	28.429926	0.0	18767181	293	160.0
1606455663.11	160000	28.885912	0.0	22420858	350	160.0
1606455663.24	20000	29.756398	0.0	2202171	34	-120.0
1606455663.38	20000	30.624722	0.0	2242042	35	20.0
1606455663.48	20000	31.521578	0.0	1081763	16	20.0
1606455663.61	20000	32.390075	0.0	2409013	38	20.0
1606455663.73	20000	33.276804	0.0	1615028	26	20.0
1606455663.85	20000	34.161225	0.0	1413467	21	20.0
1606455663.96	20000	35.042938	0.0	1632450	26	20.0
1606455664.17	20000	35.834901	0.0	5664827	98	20.0
1606455664.36	20000	36.652253	0.0	4578115	72	20.0
1606455664.48	20000	37.533779	0.0	1783835	28	20.0
1606455664.58	20000	38.430857	0.0	1093613	18	20.0
1606455664.68	20000	39.330252	0.0	975642	16	20.0
1606455665.06	160000	39.952794	0.0	14315696	229	20.0
1606455665.62	160000	40.396765	0.0	23283631	357	160.0
1606455666.54	160000	40.469815	0.0	37521367	643	160.0
1606455667.13	160000	40.887533	0.0	22241104	388	160.0
1606455667.56	160000	41.454487	0.0	15813346	263	160.0
1606455668.02	160000	42.002188	0.0	17116450	285	160.0
1606455668.5	160000	42.519209	0.0	18867054	305	160.0
1606455668.95	160000	43.068917	0.0	17393609	281	160.0
1606455669.62	160000	43.399503	0.0	24759401	459	160.0
1606455670.28	160000	43.743328	0.0	25782433	446	160.0
1606455670.93	160000	44.095488	0.0	25885372	416	160.0
1606455671.53	160000	44.492662	0.0	26242011	384	160.0
1606455672.12	160000	44.912128	0.0	23865378	349	160.0
1606455672.71	160000	45.319129	0.0	25470681	379	160.0
1606455673.35	160000	45.673253	0.0	27258768	403	160.0
1606455673.78	160000	46.251762	0.0	17853711	254	160.0
1606455674.15	160000	46.885025	0.0	14829893	211	160.0
1606455674.77	160000	47.26112	0.0	27779697	398	160.0
1606455675.39	160000	47.645011	0.0	27714923	398	160.0
1606455675.98	160000	48.051002	0.0	25946474	372	160.0
1606455676.39	160000	48.639637	0.0	19596259	225	160.0
1606455676.87	160000	49.162164	0.0	23774167	273	160.0
1606455677.25	160000	49.781444	0.0	19373656	202	160.0
1606455677.7	160000	50.341002	0.0	23977420	245	160.0
1606455678.15	160000	50.887093	0.0	24493733	244	160.0
1606455678.43	160000	51.607234	0.0	14528511	129	160.0
1606455678.75	160000	52.29094	0.0	16841176	149	160.0
1606455679.07	160000	52.965483	0.0	16743604	149	160.0
1606455679.4	160000	53.644035	0.0	17975224	149	160.0
1606455679.78	160000	54.260431	0.0	22329548	183	160.0
1606455680.07	160000	54.969466	0.0	16001583	132	160.0
1606455680.39	160000	55.651788	0.0	18238584	143	160.0
1606455680.75	160000	56.29789	0.0	21308824	166	160.0
1606455681.05	160000	56.993074	0.0	17749058	137	160.0
1606455681.4	160000	57.646467	0.0	14127787	202	160.0
1606455681.83	160000	58.218398	0.0	17525699	263	160.0
1606455682.14	160000	58.910336	0.0	14240042	161	160.0
1606455682.48	160000	59.567124	0.0	20324139	161	160.0
1606455683.35	160000	59.757501	0.0	21993033	175	160.0
1606455684.67	160000	59.508517	0.0	18863108	138	160.0
1606455685.43	160000	59.759534	0.0	15964734	106	160.0
1606455686.61	160000	59.510471	0.0	8284939	56	160.0
1606455687.32	160000	59.761373	0.0	9004706	89	160.0
1606455688.5	160000	59.762514	0.0	6955279	67	160.0
1606455694.59	160000	54.468078	0.0	10701639	5949	160.0
1606455695.47	160000	54.583458	0.0	9459459	764	160.0
1606455695.57	20000	55.487011	0.0	151562	12	-120.0
1606455695.66	20000	56.402044	0.0	90390	9	20.0
1606455695.72	20000	57.342451	0.0	50278	3	20.0
1606455695.77	20000	58.292985	0.0	26471	0	20.0
1606455695.8	20000	59.689513	0.0	56059	3	20.0
1606455696.16	40000	1.000999	0.05	336477	30	-8.0
1606455699.2	20000	1.337771	2.085	11007815	2872	-333.6
1606455699.51	20000	2.03326	0.0	8849724	177	20.0
1606455699.81	40000	2.733523	0.0	8581118	170	20.0
1606455700.49	160000	3.120462	0.0	19639705	428	40.0
1606455701.2	160000	3.450542	0.0	20946809	515	160.0
1606455701.51	160000	4.138125	0.0	11895609	174	160.0
1606455701.75	160000	4.930448	0.0	7597636	113	160.0
1606455706.34	80000	1.361474	0.0	29583867	4262	0.0
1606455707.89	110000	1.331913	0.524	28884539	1331	-3.8400000000000034
1606455708.41	60000	1.808536	0.0	10988410	375	10.0
1606455709.11	60000	2.108346	0.0	15230785	542	60.0
1606455709.38	20000	2.842473	0.0	4925652	160	-20.0
1606455709.54	20000	3.688706	0.0	2030157	65	20.0
1606455709.7	20000	4.526927	0.0	2240782	73	20.0
1606455709.86	20000	5.366535	0.0	2211169	72	20.0
1606455709.95	20000	6.273706	0.0	382046	12	20.0
1606455710.08	20000	7.152483	0.0	1113969	36	20.0
1606455710.19	20000	8.041966	0.0	820127	26	20.0
1606455710.51	20000	8.721618	0.0	6357933	209	20.0
1606455710.77	20000	9.458815	0.0	4814284	158	20.0
1606455710.98	20000	10.250708	0.0	3419258	112	20.0
1606455711.21	20000	11.022924	0.0	3944328	129	20.0
1606455711.46	20000	11.773176	0.0	4284196	147	20.0
1606455711.66	20000	12.573163	0.0	3022025	103	20.0
1606455711.83	20000	13.404239	0.0	2248581	77	20.0
1606455723.77	160000	2.466406	0.0	58830800	11346	20.0
1606455728.47	20000	1.373515	2.604	11684632	4560	-536.64
1606455729.71	160000	1.479027	0.346	15251076	1094	-35.36
