1606501483.9	40000	1.000999	0.015	334476	4	-2.3999999999999986
1606501484.26	40000	1.92338	0.0	14648397	203	40.0
1606501484.72	60000	2.564465	0.0	20421673	284	40.0
1606501484.99	60000	3.295574	0.0	13063186	187	60.0
1606501485.17	60000	4.109283	0.0	8954217	128	60.0
1606501485.42	80000	4.865788	0.0	11497228	169	60.0
1606501485.55	80000	5.736789	0.0	6232523	89	80.0
1606501485.66	80000	6.624075	0.0	5425476	78	80.0
1606501486.27	80000	7.043961	0.0	29583867	374	80.0
1606501486.8	110000	7.563964	0.0	28884539	356	80.0
1606501487.52	110000	7.898339	0.0	26873304	552	110.0
1606501489.6	110000	6.830851	0.0	33588177	1897	110.0
1606501491.91	110000	5.527167	0.0	25684661	2161	110.0
1606501492.72	110000	5.716891	0.0	10838546	741	110.0
1606501494.45	160000	4.981924	0.0	22224402	1600	110.0
1606501496.18	160000	4.262032	0.0	22578365	1586	160.0
1606501496.8	160000	4.640868	0.0	8346702	559	160.0
1606501498.04	160000	4.402542	0.0	15775481	1139	160.0
1606501499.03	160000	4.410151	0.0	9163235	936	160.0
1606501503.12	160000	1.446742	0.122	41307095	3809	140.48
1606501503.98	160000	1.58527	0.0	28763893	695	160.0
1606501504.4	160000	2.16511	0.0	21266416	284	160.0
1606501504.86	160000	2.713986	0.0	23702229	318	160.0
1606501505.36	160000	3.207851	0.0	27580394	343	160.0
1606501505.75	160000	3.821646	0.0	20329780	257	160.0
1606501506.17	160000	4.403377	0.0	16109183	322	160.0
1606501511.53	160000	1.439388	1.407	58830800	4955	-65.12
1606501512.7	160000	1.350973	0.071	66935122	779	148.64
1606501512.95	160000	2.10222	0.0	15251076	151	160.0
1606501513.2	160000	2.844158	0.0	16574034	153	160.0
1606501513.4	160000	3.645334	0.0	13009028	121	160.0
1606501513.6	160000	4.446973	0.0	12791674	120	160.0
1606501513.78	160000	5.274803	0.0	11137898	104	160.0
1606501513.96	160000	6.093879	0.0	11485310	107	160.0
1606501514.15	160000	6.90092	0.0	12428518	122	160.0
1606501514.31	160000	7.741595	0.0	9963766	96	160.0
1606501514.5	160000	8.550473	0.0	12189364	118	160.0
1606501514.67	160000	9.390288	0.0	10142396	98	160.0
1606501514.83	160000	10.231174	0.0	10185488	98	160.0
1606501515.06	160000	11.001613	0.0	14061455	140	160.0
1606501515.39	160000	11.672604	0.0	20074099	203	160.0
1606501516.12	160000	11.940581	0.0	46115254	472	160.0
1606501516.68	160000	12.377708	0.0	40906522	321	160.0
1606501516.8	160000	13.267048	0.0	7891151	62	160.0
1606501517.07	160000	13.990757	0.0	21012466	153	160.0
1606501517.35	160000	14.719318	0.0	23519424	135	160.0
1606501517.57	160000	15.503202	0.0	18715420	107	160.0
1606501517.77	160000	16.299657	0.0	17000816	94	160.0
1606501517.94	160000	17.129532	0.0	14448126	83	160.0
1606501518.02	160000	18.04746	0.0	6958676	39	160.0
1606501518.13	160000	18.939864	0.0	9088791	51	160.0
1606501518.22	160000	19.849843	0.0	7211881	39	160.0
1606501518.27	160000	20.802675	0.0	3063586	17	160.0
1606501518.31	160000	21.762075	0.0	2782179	16	160.0
1606501518.42	160000	22.648851	0.0	9958410	55	160.0
1606501518.56	160000	23.51059	0.0	12158708	68	160.0
1606501518.71	160000	24.369505	0.0	12300216	70	160.0
1606501518.9	160000	25.178661	0.0	15815684	101	160.0
1606501519.08	160000	25.99377	0.0	13526256	101	160.0
1606501519.26	160000	26.821527	0.0	11995130	100	160.0
1606501519.44	160000	27.635405	0.0	13394791	111	160.0
1606501519.64	160000	28.437921	0.0	14135828	118	160.0
1606501519.86	160000	29.219134	0.0	15366126	135	160.0
1606501520.35	160000	29.728766	0.0	14248439	409	160.0
1606501522.15	160000	28.933687	0.0	13843717	1716	160.0
1606501523.38	160000	28.707429	0.0	14665119	1136	160.0
1606501525.34	160000	27.744409	0.0	21079187	1842	160.0
1606501527.75	160000	26.333779	0.0	25480074	2259	160.0
1606501529.62	160000	25.465616	0.0	23021754	1733	160.0
1606501531.97	160000	24.114639	0.0	27527834	2195	160.0
1606501534.19	160000	22.895817	0.0	26155848	2055	160.0
1606501535.69	160000	22.396953	0.0	17849379	1394	160.0
1606501537.3	160000	21.793535	0.0	16546531	1507	160.0
1606501538.64	160000	21.451236	0.0	17718949	1233	160.0
1606501540.12	160000	20.970563	0.0	17337137	1382	160.0
1606501541.7	160000	20.39852	0.0	20008245	1459	160.0
1606501546.52	160000	16.580156	0.0	58430914	4500	160.0
1606501547.91	160000	16.185768	0.0	16292703	1293	160.0
1606501549.83	160000	15.271663	0.0	25587422	1772	160.0
1606501551.89	160000	14.20356	0.0	23982306	1935	160.0
1606501553.11	160000	13.98615	0.0	13347845	1139	160.0
1606501554.29	160000	13.812191	0.0	14337991	1094	160.0
1606501555.63	160000	13.473181	0.0	14584990	1258	160.0
1606501556.86	160000	13.242674	0.0	13962401	1149	160.0
1606501557.98	160000	13.126701	0.0	14393788	1032	160.0
1606501559.33	160000	12.770219	0.0	14649457	1274	160.0
1606501560.35	160000	12.756076	0.0	13409715	937	160.0
1606501561.39	160000	12.720704	0.0	13909605	960	160.0
1606501562.55	160000	12.55289	0.0	13301968	1091	160.0
1606501564.0	160000	12.104836	0.0	19025846	1336	160.0
1606501565.44	160000	11.666902	0.0	19295426	1327	160.0
1606501566.84	160000	11.266461	0.0	18261873	1294	160.0
1606501568.44	160000	10.670305	0.0	19847604	1477	160.0
1606501570.03	160000	10.079114	0.0	18767181	1483	160.0
1606501577.13	160000	3.984839	0.0	22420858	6966	160.0
1606501577.98	160000	4.131625	0.0	19324333	735	160.0
1606501578.59	160000	4.528435	0.0	20392234	488	160.0
1606501578.76	160000	5.354835	0.0	7671072	120	160.0
1606501579.14	160000	5.972912	0.0	17781906	280	160.0
1606501579.43	160000	6.689024	0.0	12839336	200	160.0
1606501579.63	160000	7.484483	0.0	10779770	139	160.0
1606501579.9	160000	8.215147	0.0	14606687	188	160.0
1606501580.79	160000	8.333508	0.0	41866951	634	160.0
1606501581.74	160000	8.379602	0.0	37238410	735	160.0
1606501582.1	160000	9.026031	0.0	14347759	273	160.0
1606501582.36	160000	9.76282	0.0	11399187	197	160.0
1606501582.59	160000	10.531738	0.0	10358641	167	160.0
1606501582.9	160000	11.22135	0.0	14315696	230	160.0
1606501583.41	160000	11.719842	0.0	23283631	374	160.0
1606501584.71	160000	11.415621	0.0	37521367	1084	160.0
1606501585.22	160000	11.904981	0.0	22241104	387	160.0
1606501585.79	160000	12.339309	0.0	15813346	469	160.0
1606501586.46	160000	12.66835	0.0	17116450	572	160.0
1606501586.88	160000	13.252017	0.0	18867054	306	160.0
1606501587.28	160000	13.857572	0.0	17393609	294	160.0
1606501587.76	160000	14.378029	0.0	24759401	337	160.0
1606501588.26	160000	14.875949	0.0	25782433	345	160.0
1606501588.78	160000	15.352667	0.0	25885372	362	160.0
1606501589.31	160000	15.829475	0.0	26242011	373	160.0
1606501589.75	160000	16.385197	0.0	23865378	290	160.0
1606501590.19	160000	16.947907	0.0	25470681	298	160.0
1606501590.65	160000	17.48763	0.0	27258768	297	160.0
1606501590.94	160000	18.203186	0.0	17853711	180	160.0
1606501591.17	160000	18.97192	0.0	14829893	149	160.0
1606501591.62	160000	19.519367	0.0	27779697	285	160.0
1606501592.05	160000	20.09749	0.0	27714923	270	160.0
1606501592.44	160000	20.706475	0.0	25946474	240	160.0
1606501593.2	160000	20.945823	0.0	19596259	648	160.0
1606501593.74	160000	21.411281	0.0	23774167	402	160.0
1606501594.1	160000	22.052458	0.0	19373656	240	160.0
1606501594.52	160000	22.62675	0.0	23977420	295	160.0
1606501594.93	160000	23.218191	0.0	24493733	267	160.0
1606501595.17	160000	23.977841	0.0	14528511	158	160.0
1606501595.46	160000	24.689465	0.0	16841176	187	160.0
1606501595.74	160000	25.415743	0.0	16743604	177	160.0
1606501596.03	160000	26.119849	0.0	17975224	189	160.0
1606501596.4	160000	26.757418	0.0	22329548	236	160.0
1606501596.7	160000	27.453464	0.0	16001583	206	160.0
1606501597.04	160000	28.114365	0.0	18238584	236	160.0
1606501597.45	160000	28.70483	0.0	21308824	275	160.0
1606501597.74	160000	29.422492	0.0	17749058	179	160.0
1606501597.96	160000	30.199518	0.0	14127787	142	160.0
1606501598.24	160000	30.917699	0.0	17525699	175	160.0
1606501598.47	160000	31.693555	0.0	14240042	143	160.0
1606501598.78	160000	32.379931	0.0	20324139	198	160.0
1606501599.13	160000	33.040514	0.0	21993033	214	160.0
1606501599.43	160000	33.733562	0.0	18863108	184	160.0
1606501599.67	160000	34.497778	0.0	15964734	141	160.0
1606501599.8	160000	35.36909	0.0	8284939	73	160.0
1606501599.93	160000	36.234685	0.0	9004706	80	160.0
1606501600.04	160000	37.129238	0.0	6955279	61	160.0
1606501600.2	160000	37.972369	0.0	10701639	96	160.0
1606501600.34	160000	38.83086	0.0	9459459	84	160.0
1606501600.4	160000	39.775642	0.0	3212828	28	160.0
1606501600.44	160000	40.730928	0.0	2509989	22	160.0
1606501600.48	160000	41.691359	0.0	2004927	19	160.0
1606501600.5	160000	42.671798	0.0	591360	5	160.0
1606501600.55	160000	44.061787	0.0	2394426	21	160.0
1606501600.79	40000	1.000999	0.049	334476	3	-7.840000000000003
1606501601.11	40000	2.001999	0.0	14648397	134	40.0
1606501601.48	60000	2.745118	0.0	20421673	187	40.0
1606501601.66	60000	3.564382	0.0	13063186	102	60.0
1606501601.79	60000	4.43564	0.0	8954217	69	60.0
1606501601.95	80000	5.274214	0.0	11497228	90	60.0
1606501602.05	80000	6.182986	0.0	6232523	50	80.0
1606501602.12	80000	7.104517	0.0	5425476	42	80.0
1606501602.6	80000	7.630204	0.0	29583867	232	80.0
1606501602.99	110000	8.364929	0.0	28884539	203	80.0
1606501603.34	110000	9.015296	0.0	26873304	202	110.0
1606501603.76	110000	9.62203	0.0	33588177	234	110.0
1606501604.1	110000	10.312643	0.0	25684661	176	110.0
1606501604.25	110000	11.165193	0.0	10838546	75	110.0
1606501604.55	160000	11.912614	0.0	22224402	152	110.0
1606501604.83	160000	12.636163	0.0	22578365	145	160.0
1606501604.93	160000	13.530176	0.0	8346702	53	160.0
1606501605.13	160000	14.333846	0.0	15775481	101	160.0
1606501605.25	160000	15.217368	0.0	9163235	58	160.0
1606501605.79	160000	15.69031	0.0	41307095	262	160.0
1606501606.14	160000	16.348093	0.0	28763893	178	160.0
1606501606.41	160000	17.077567	0.0	21266416	132	160.0
1606501606.69	160000	17.797781	0.0	23702229	141	160.0
1606501607.0	160000	18.484437	0.0	27580394	163	160.0
1606501607.25	160000	19.237562	0.0	20329780	112	160.0
1606501607.44	160000	20.047266	0.0	16109183	95	160.0
1606501608.23	160000	20.262382	0.0	58830800	333	160.0
1606501608.97	160000	20.517039	0.0	66935122	380	160.0
1606501609.15	160000	21.347137	0.0	15251076	85	160.0
1606501609.35	160000	22.148446	0.0	16574034	92	160.0
1606501609.5	160000	22.998808	0.0	13009028	73	160.0
1606501609.64	160000	23.852116	0.0	12791674	75	160.0
1606501609.78	160000	24.721126	0.0	11137898	64	160.0
1606501609.91	160000	25.587369	0.0	11485310	65	160.0
1606501610.05	160000	26.443853	0.0	12428518	71	160.0
1606501610.17	160000	27.326493	0.0	9963766	57	160.0
1606501610.31	160000	28.186821	0.0	12189364	71	160.0
1606501610.44	160000	29.066294	0.0	10142396	58	160.0
1606501610.55	160000	29.948118	0.0	10185488	58	160.0
1606501610.72	160000	30.784425	0.0	14061455	84	160.0
1606501610.95	160000	31.550725	0.0	20074099	120	160.0
1606501611.49	160000	32.018348	0.0	46115254	274	160.0
1606501611.97	160000	32.540566	0.0	40906522	232	160.0
1606501612.06	160000	33.447929	0.0	7891151	42	160.0
1606501612.3	160000	34.205828	0.0	21012466	118	160.0
1606501612.56	160000	34.946089	0.0	23519424	127	160.0
1606501612.88	160000	35.629086	0.0	18715420	201	160.0
1606501613.17	160000	36.346182	0.0	17000816	184	160.0
1606501613.41	160000	37.102355	0.0	14448126	155	160.0
1606501613.53	160000	37.983313	0.0	6958676	73	160.0
1606501613.67	160000	38.844872	0.0	9088791	83	160.0
1606501613.78	160000	39.734614	0.0	7211881	66	160.0
1606501613.83	160000	40.682126	0.0	3063586	29	160.0
1606501613.88	160000	41.634771	0.0	2782179	25	160.0
1606501614.03	160000	42.485425	0.0	9958410	91	160.0
1606501614.21	160000	43.304835	0.0	12158708	112	160.0
1606501614.4	160000	44.11715	0.0	12300216	112	160.0
1606501614.63	160000	44.892966	0.0	15815684	135	160.0
1606501614.79	160000	45.730937	0.0	13526256	89	160.0
1606501614.94	160000	46.581441	0.0	11995130	78	160.0
1606501615.11	160000	47.416551	0.0	13394791	89	160.0
1606501615.28	160000	48.241064	0.0	14135828	93	160.0
